,Time [s],Thrust [lb],Lift [lb],Drag [lb],Power [hp],Weight [lb],Percent [%],Velocity [knots],Altitude [ft],Range [nmi],RPM [rev/min],Pitch [deg],AOA [deg]
0,222.20499999999998,9.329693158616719,2541.414190652354,276.75039491677376,1927.9916296707936,2544.5843383125193,98.18432524115704,90.30522640173608,750.3272572647122,5.248607248288477,1265,-3.0,-6.452302734464479
1,222.21499999999997,9.329693158616719,2542.145507992379,207.1709430287703,1927.9916296707936,2544.5843383125193,98.18432524115704,90.30037776794778,750.3272572647122,5.248857752361331,1265,-2.999999986027212,-6.450485738420609
2,222.225,9.330218978555635,2542.1451582771438,207.1616767402306,1927.9967681293558,2544.5842231566753,98.1842785100216,90.29553067418048,750.247487820094,5.249108236259236,1265,-2.999999978366704,-6.449823126543035
3,222.23499999999999,9.330744693867489,2542.144995013312,207.14497502239053,1928.0019061832675,2544.5841079989514,98.18423177877655,90.29067960378443,750.1677248004584,5.249358747058852,1265,-2.9999999928402934,-6.4491601596688035
4,222.24499999999998,9.331270879311779,2542.144831801148,207.1282551811296,1928.0070447982766,2544.5839928429937,98.1841850474219,90.2858298254235,750.0879532135425,5.2496092443999895,1265,-3.000000007310669,-6.448496531728372
5,222.255,9.331796986465807,2542.1446684596312,207.1115471586758,1928.0121831464246,2544.5838776856763,98.18413831595767,90.28098133511482,750.0081859125678,5.249859728307042,1265,-3.0000000217994267,-6.447832977961949
6,222.265,9.33232301570835,2542.144505107719,207.09484618349978,1928.0173212281795,2544.5837625269996,98.18409158438385,90.27613413635655,749.9284228902302,5.250110198755565,1265,-3.0000000362881907,-6.447169497580833
7,222.27499999999998,9.332848966640608,2542.144341745286,207.07815227472034,1928.022459043111,2544.583647366963,98.18404485270045,90.27128822861123,749.848664153183,5.250360655749159,1265,-3.0000000507769724,-6.446506091136794
8,222.285,9.333374839283316,2542.1441783724263,207.0614654250313,1928.0275965912924,2544.583532205564,98.18399812090746,90.26644361134687,749.7689097002811,5.250611099291386,1265,-3.0000000652657595,-6.445842758617678
9,222.295,9.33390063365665,2542.144014989148,207.04478563073386,1928.0327338727943,2544.5834170428066,98.1839513890049,90.26160028402866,749.689159530389,5.25086152938583,1265,-3.000000079754551,-6.445179500012255
10,222.30499999999998,9.334426349781124,2542.1438515954555,207.02811288833027,1928.0378708876901,2544.5833018786884,98.18390465699275,90.25675824612208,749.6094136423654,5.2511119460360725,1265,-3.000000094243346,-6.44451631530889
11,222.315,9.334951987677218,2542.143688191355,207.01144719392866,1928.0430076360497,2544.5831867132115,98.18385792487105,90.25191749709286,749.5296720350699,5.251362349245695,1265,-3.000000108732146,-6.443853204495941
12,222.325,9.335477547365434,2542.143524776852,206.9947885440021,1928.0481441179468,2544.583071546376,98.1838111926398,90.24707803640706,749.4499347073623,5.251612739018276,1265,-3.000000123220949,-6.443190167561751
13,222.33499999999998,9.336003028866259,2542.1433613519484,206.9781369348143,1928.0532803334538,2544.5829563781795,98.18376446029899,90.24223986353097,749.370201658103,5.251863115357393,1265,-3.0000001377097547,-6.442527204494679
14,222.34499999999997,9.336528432200154,2542.143197916656,206.9614923628076,1928.0584162826399,2544.5828412086257,98.18371772784862,90.23740297793114,749.2904728861528,5.252113478266622,1265,-3.0000001521985635,-6.44186431528307
15,222.355,9.337053757387622,2542.1430344709756,206.9448548242354,1928.063551965581,2544.5827260377137,98.18367099528872,90.23256737907444,749.210748390373,5.252363827749539,1265,-3.000000166687376,-6.441201499915272
16,222.36499999999998,9.337579004449108,2542.142871014915,206.92822431554768,1928.0686873823447,2544.582610865444,98.18362426261929,90.227733066428,749.1310281696254,5.252614163809715,1265,-3.00000018117619,-6.44053875837962
17,222.37499999999997,9.33810417340509,2542.1427075484767,206.91160083290654,1928.0738225330056,2544.582495691816,98.18357752984032,90.22290003945925,749.0513122227723,5.252864486450722,1265,-3.000000195665007,-6.439876090664489
18,222.385,9.338629264276028,2542.14254407167,206.89498437284104,1928.0789574176354,2544.5823805168307,98.18353079695183,90.2180682976358,748.9716005486762,5.2531147956761295,1265,-3.000000210153825,-6.439213496758194
19,222.39499999999998,9.339154277082367,2542.142380584497,206.87837493167777,1928.0840920363041,2544.582265340488,98.18348406395383,90.21323784042566,748.8918931462003,5.253365091489508,1265,-3.000000224642646,-6.438550976649088
20,222.40499999999997,9.339679211844562,2542.1422170869646,206.86177250568153,1928.089226389085,2544.582150162788,98.1834373308463,90.20840866729705,748.8121900142086,5.253615373894425,1265,-3.000000239131467,-6.437888530325514
21,222.415,9.34020406858306,2542.142053579079,206.8451770913363,1928.0943604760498,2544.5820349837322,98.18339059762927,90.20358077771846,748.732491151565,5.253865642894444,1265,-3.0000002536202897,-6.437226157775809
22,222.42499999999998,9.340728847318289,2542.1418900608446,206.82858868484743,1928.0994942972686,2544.5819198033205,98.18334386430274,90.19875417115868,748.652796557134,5.254115898493129,1265,-3.0000002681091136,-6.436563858988316
23,222.43499999999997,9.341253548070693,2542.141726532267,206.8120072827511,1928.104627852815,2544.5818046215522,98.18329713086669,90.19392884708674,748.5731062297808,5.254366140694045,1265,-3.000000282597938,-6.43590163395137
24,222.445,9.341778170860696,2542.1415629933513,206.79543288123446,1928.109761142759,2544.581689438428,98.18325039732119,90.18910480497196,748.4934201683709,5.254616369500752,1265,-3.000000297086763,-6.4352394826533
25,222.45499999999998,9.342302715708728,2542.1413994441036,206.77886547686063,1928.1148941671743,2544.581574253949,98.18320366366618,90.18428204428398,748.4137383717703,5.25486658491681,1265,-3.000000311575589,-6.434577405082438
26,222.46499999999997,9.342827182635197,2542.141235884528,206.76230506588522,1928.1200269261299,2544.5814590681134,98.18315692990168,90.17946056449263,748.3340608388454,5.255116786945777,1265,-3.000000326064414,-6.433915401227139
27,222.475,9.34335157166052,2542.141072314632,206.74575164470915,1928.1251594196985,2544.5813438809237,98.18311019602774,90.17464036506806,748.2543875684634,5.255366975591211,1265,-3.0000003405532385,-6.43325347107571
28,222.48499999999999,9.34387588280511,2542.1409087344205,206.72920520958408,1928.1302916479524,2544.5812286923806,98.1830634620443,90.16982144548072,748.1747185594913,5.255617150856666,1265,-3.0000003550420624,-6.432591614616489
29,222.49499999999998,9.34440011608936,2542.1407451438986,206.71266575710695,1928.1354236109617,2544.581113502483,98.18301672795141,90.16500380520127,748.0950538107975,5.255867312745696,1265,-3.000000369530886,-6.4319298318378015
30,222.505,9.34492427153368,2542.140581543071,206.69613328347927,1928.1405553087989,2544.5809983112313,98.18296999374905,90.16018744370068,748.0153933212499,5.256117461261854,1265,-3.000000384019708,-6.431268122727978
31,222.515,9.34544834915845,2542.1404179319434,206.67960778509175,1928.1456867415343,2544.5808831186255,98.18292325943726,90.1553723604502,747.9357370897176,5.256367596408692,1265,-3.0000003985085293,-6.4306064872753534
32,222.52499999999998,9.345972348984063,2542.1402543105214,206.66308925852215,1928.1508179092395,2544.580767924666,98.18287652501601,90.15055855492133,747.8560851150696,5.256617718189758,1265,-3.0000004129973483,-6.429944925468247
33,222.535,9.346496271030908,2542.140090678811,206.64657769990143,1928.1559488119876,2544.5806527293544,98.18282979048534,90.14574602658587,747.776437396176,5.256867826608599,1265,-3.0000004274861656,-6.429283437294971
34,222.545,9.34702011531935,2542.1399270368156,206.63007310582506,1928.161079449848,2544.5805375326886,98.18278305584523,90.14093477491585,747.6967939319067,5.2571179216687645,1265,-3.00000044197498,-6.428622022743856
35,222.55499999999998,9.347543881869765,2542.139763384544,206.61357547246436,1928.1662098228924,2544.580422334672,98.18273632109569,90.13612479938362,747.6171547211327,5.257368003373798,1265,-3.000000456463793,-6.4279606818032216
36,222.565,9.34806757070252,2542.139599721998,206.59708479639275,1928.1713399311916,2544.580307135302,98.18268958623672,90.13131609946174,747.537519762725,5.257618071727242,1265,-3.0000004709526027,-6.427299414461397
37,222.575,9.348591181837982,2542.1394360491863,206.5806010740405,1928.176469774818,2544.5801919345818,98.18264285126834,90.12650867462315,747.457889055555,5.257868126732641,1265,-3.0000004854414097,-6.426638220706677
38,222.58499999999998,9.3491147152965,2542.1392723661115,206.56412430160927,1928.1815993538423,2544.5800767325086,98.18259611619055,90.12170252434095,747.3782625984953,5.258118168393533,1265,-3.0000004999302132,-6.4259771005274064
39,222.59499999999997,9.349638171098427,2542.139108672781,206.54765447567084,1928.1867286683357,2544.579961529084,98.18254938100335,90.11689764808854,747.298640390418,5.25836819671346,1265,-3.0000005144190136,-6.425316053911875
40,222.605,9.350161549264117,2542.1389449691987,206.53119159244247,1928.1918577183692,2544.579846324309,98.18250264570675,90.11209404533963,747.2190224301963,5.258618211695958,1265,-3.00000052890781,-6.424655080848412
41,222.61499999999998,9.350684849813899,2542.13878125537,206.51473564853814,1928.196986504014,2544.5797311181823,98.18245591030076,90.10729171556815,747.1394087167038,5.258868213344564,1265,-3.000000543396603,-6.423994181325327
42,222.62499999999997,9.351208072768122,2542.138617531301,206.49828664031713,1928.2021150253415,2544.579615910706,98.18240917478538,90.10249065824837,747.0597992488142,5.259118201662813,1265,-3.0000005578853917,-6.423333355330932
43,222.635,9.351731218147103,2542.138453796998,206.48184456404888,1928.2072432824216,2544.57950070188,98.18236243916061,90.09769087285476,746.980194025402,5.259368176654237,1265,-3.0000005723741756,-6.422672602853526
44,222.64499999999998,9.352254285971176,2542.1382900524654,206.4654094161945,1928.2123712753264,2544.5793854917033,98.18231570342645,90.09289235886209,746.9005930453422,5.25961813832237,1265,-3.0000005868629542,-6.422011923881434
45,222.65499999999997,9.35277727626066,2542.1381262977075,206.44898119326172,1928.2174990041265,2544.5792702801773,98.18226896758294,90.0880951157454,746.8209963075102,5.259868086670742,1265,-3.0000006013517284,-6.421351318402952
46,222.665,9.353300189035876,2542.1379625327313,206.43255989165579,1928.222626468894,2544.579155067302,98.18222223163005,90.08329914298002,746.7414038107815,5.26011802170288,1265,-3.0000006158404977,-6.420690786406402
47,222.67499999999998,9.35382302431712,2542.1377987575415,206.41614550765289,1928.2277536696972,2544.579039853078,98.18217549556782,90.07850444004151,746.6618155540326,5.260367943422314,1265,-3.0000006303292612,-6.420030327880065
48,222.68499999999997,9.35434578212471,2542.137634972144,206.39973803785205,1928.23288060661,2544.578924637505,98.18212875939622,90.07371100640572,746.5822315361403,5.26061785183257,1265,-3.000000644818019,-6.419369942812267
49,222.695,9.354868462478938,2542.137471176542,206.38333747860568,1928.2380072797007,2544.578809420583,98.18208202311527,90.06891884154878,746.5026517559817,5.260867746937171,1265,-3.000000659306771,-6.418709631191294
50,222.70499999999998,9.355391065400108,2542.1373073707427,206.3669438262431,1928.2431336890418,2544.5786942023133,98.18203528672495,90.06412794494706,746.4230762124345,5.26111762873964,1265,-3.0000006737955163,-6.4180493930054565
51,222.71499999999997,9.355913590908504,2542.1371435547526,206.35055707727753,1928.248259834704,2544.578578982696,98.18198855022533,90.05933831607723,746.3435049043767,5.261367497243502,1265,-3.0000006882842554,-6.417389228243048
52,222.725,9.35643603902441,2542.136979728575,206.3341772281516,1928.2533857167575,2544.5784637617317,98.18194181361636,90.05454995441623,746.263937830687,5.261617352452273,1265,-3.0000007027729874,-6.416729136892369
53,222.73499999999999,9.356958409768113,2542.136815892216,206.3178042752582,1928.258511335274,2544.5783485394186,98.18189507689809,90.04976285944124,746.1843749902446,5.261867194369475,1265,-3.0000007172617127,-6.416069118941722
54,222.74499999999998,9.357480703159876,2542.1366520456822,206.30143821503057,1928.2636366903225,2544.578233315761,98.18184834007047,90.04497703062974,746.1048163819287,5.262117022998624,1265,-3.00000073175043,-6.415409174379385
55,222.755,9.358002919219974,2542.136488188976,206.2850790439795,1928.268761781975,2544.5781180907543,98.18180160313354,90.04019246745945,746.0252620046197,5.262366838343236,1265,-3.0000007462391403,-6.414749303193674
56,222.765,9.358525057968672,2542.136324322105,206.26872675845254,1928.2738866103023,2544.5780028644026,98.18175486608729,90.03540916940838,745.9457118571976,5.262616640406826,1265,-3.0000007607278425,-6.414089505372869
57,222.77499999999998,9.35904711942623,2542.1361604450744,206.25238135490648,1928.2790111753745,2544.5778876367044,98.18170812893175,90.0306271359548,745.8661659385435,5.262866429192906,1265,-3.000000775216537,-6.413429780905272
58,222.785,9.359569103612895,2542.135996557888,206.23604282982373,1928.2841354772618,2544.57777240766,98.1816613916669,90.02584636657724,745.7866242475388,5.263116204704988,1265,-3.000000789705223,-6.412770129779169
59,222.795,9.360091010548931,2542.135832660553,206.2197111795537,1928.2892595160365,2544.5776571772712,98.18161465429277,90.02106686075453,745.7070867830654,5.2633659669465835,1265,-3.000000804193901,-6.412110551982842
60,222.80499999999998,9.360612840254564,2542.1356687530742,206.20338640069136,1928.294383291767,2544.5775419455367,98.18156791680934,90.01628861796573,745.6275535440054,5.263615715921199,1265,-3.0000008186825697,-6.411451047504588
61,222.815,9.361134592750044,2542.1355048354567,206.18706848950168,1928.2995068045254,2544.577426712457,98.18152117921663,90.01151163769019,745.5480245292417,5.263865451632344,1265,-3.0000008331712302,-6.410791616332684
62,222.825,9.361656268055599,2542.135340907704,206.1707574426386,1928.304630054381,2544.5773114780322,98.18147444151465,90.00673591940752,745.4684997376576,5.264115174083522,1265,-3.0000008476598805,-6.41013225845543
63,222.83499999999998,9.362177866191464,2542.1351769698254,206.1544532563982,1928.309753041406,2544.577196242264,98.18142770370339,90.0019614625976,745.3889791681365,5.264364883278239,1265,-3.0000008621485206,-6.409472973861103
64,222.84499999999997,9.36269938717785,2542.1350130218225,206.13815592729904,1928.3148757656684,2544.5770810051513,98.18138096578288,89.99718826674058,745.3094628195627,5.264614579219996,1265,-3.000000876637152,-6.408813762537989
65,222.855,9.36322083103499,2542.134849063702,206.12186545168132,1928.3199982272408,2544.5769657666933,98.1813342277531,89.99241633131687,745.2299506908207,5.264864261912298,1265,-3.000000891125773,-6.408154624474367
66,222.86499999999998,9.363742197783088,2542.1346850954696,206.10558182627207,1928.3251204261926,2544.5768505268934,98.18128748961406,89.98764565580713,745.1504427807957,5.265113931358641,1265,-3.0000009056143835,-6.407495559658515
67,222.87499999999997,9.364263487442358,2542.1345211171306,206.089305047319,1928.3302423625946,2544.57673528575,98.18124075136578,89.98287623969235,745.070939088373,5.265363587562526,1265,-3.0000009201029836,-6.406836568078709
68,222.885,9.364784700032992,2542.13435712869,206.07303511124127,1928.3353640365158,2544.576620043264,98.18119401300827,89.97810808245372,744.9914396124389,5.26561323052745,1265,-3.0000009345915735,-6.406177649723239
69,222.89499999999998,9.365305835575198,2542.1341931301536,206.056772014706,1928.3404854480282,2544.576504799435,98.18114727454152,89.9733411835727,744.9119443518795,5.265862860256907,1265,-3.0000009490801514,-6.405518804580376
70,222.90499999999997,9.36582689408917,2542.134029121526,206.04051575407135,1928.345606597202,2544.5763895542636,98.18110053596551,89.96857554253107,744.8324533055819,5.266112476754393,1265,-3.0000009635687186,-6.404860032638391
71,222.915,9.366347875595087,2542.1338651028136,206.02426632575583,1928.3507274841063,2544.576274307751,98.1810537972803,89.96381115881083,744.7529664724333,5.266362080023401,1265,-3.000000978057274,-6.404201333885567
72,222.92499999999998,9.366868780113133,2542.1337010740185,206.00802372632808,1928.3558481088112,2544.5761590598945,98.18100705848586,89.95904803189424,744.6734838513216,5.26661167006742,1265,-3.0000009925458166,-6.40354270831017
73,222.93499999999997,9.36738960766349,2542.1335370351503,205.99178795224492,1928.3609684713879,2544.5760438106986,98.18096031958221,89.95428616126387,744.594005441135,5.266861246889943,1265,-3.0000010070343484,-6.402884155900479
74,222.945,9.367910358266332,2542.1333729862126,205.97555899989382,1928.3660885719064,2544.575928560161,98.18091358056934,89.94952554640251,744.5145312407623,5.267110810494456,1265,-3.0000010215228676,-6.402225676644756
75,222.95499999999998,9.368431031941817,2542.133208927208,205.95933686584323,1928.371208410436,2544.575813308281,98.18086684144727,89.94476618679326,744.4350612490927,5.267360360884448,1265,-3.0000010360113736,-6.401567270531276
76,222.96499999999997,9.36895162871012,2542.1330448581466,205.94312154659025,1928.3763279870486,2544.5756980550623,98.180820102216,89.94000808191943,744.3555954650157,5.267609898063403,1265,-3.0000010504998675,-6.400908937548305
77,222.975,9.369472148591385,2542.13288077903,205.9269130385589,1928.381447301812,2544.575582800502,98.18077336287554,89.93525123126464,744.2761338874215,5.267859422034807,1265,-3.000001064988348,-6.4002506776841095
78,222.98499999999999,9.369992591605767,2542.1327166898654,205.91071133830323,1928.3865663547972,2544.5754675446024,98.18072662342591,89.93049563431278,744.1966765152006,5.26810893280214,1265,-3.0000010794768155,-6.3995924909269615
79,222.99499999999998,9.370512957773418,2542.1325525906564,205.89451644211047,1928.3916851460742,2544.575352287362,98.18067988386707,89.92574129054796,744.117223347244,5.2683584303688855,1265,-3.0000010939652695,-6.398934377265122
80,223.005,9.371033247114475,2542.1323884814105,205.87832834680316,1928.3968036757137,2544.5752370287832,98.18063314419906,89.92098819945457,744.0377743824432,5.268607914738523,1265,-3.0000011084537093,-6.398276336686848
81,223.015,9.371553459649082,2542.1322243621325,205.86214704860495,1928.4019219437848,2544.575121768866,98.18058640442192,89.9162363605173,743.9583296196902,5.268857385914531,1265,-3.000001122942135,-6.397618369180405
82,223.02499999999998,9.372073595397358,2542.132060232825,205.84597254414976,1928.407039950357,2544.575006507608,98.18053966453557,89.91148577322107,743.8788890578774,5.269106843900386,1265,-3.0000011374305466,-6.396960474734064
83,223.035,9.37259365437944,2542.1318960934955,205.82980482986164,1928.4121576955015,2544.5748912450117,98.18049292454008,89.90673643705108,743.7994526958973,5.269356288699564,1265,-3.0000011519189433,-6.396302653336073
84,223.045,9.373113636615443,2542.13173194415,205.81364390221955,1928.4172751792867,2544.574775981078,98.18044618443544,89.90198835149278,743.7200205326435,5.269605720315538,1265,-3.000001166407325,-6.395644904974695
85,223.05499999999998,9.373633542125486,2542.131567784793,205.79748975780447,1928.4223924017836,2544.574660715806,98.18039944422165,89.89724151603187,743.6405925670098,5.269855138751783,1265,-3.000001180895692,-6.394987229638179
86,223.065,9.37415337092968,2542.1314036154286,205.7813423931193,1928.427509363061,2544.574545449196,98.18035270389872,89.89249593015435,743.5611687978901,5.270104544011769,1265,-3.0000011953840438,-6.3943296273148
87,223.075,9.37467312304813,2542.131239436063,205.76520180454875,1928.4326260631897,2544.5744301812488,98.18030596346664,89.88775159334651,743.4817492241792,5.2703539360989655,1265,-3.0000012098723796,-6.393672097992795
88,223.08499999999998,9.375192798500942,2542.131075246701,205.74906798878095,1928.43774250224,2544.5743149119635,98.18025922292543,89.8830085050948,743.4023338447723,5.270603315016841,1265,-3.0000012243607004,-6.39301464166043
89,223.09499999999997,9.3757123973082,2542.1309110473494,205.73294094211906,1928.442858680279,2544.5741996413426,98.18021248227511,89.87826666488601,743.322922658565,5.270852680768864,1265,-3.0000012388490047,-6.392357258305943
90,223.105,9.376231919490008,2542.130746838012,205.71682066129594,1928.4479745973792,2544.5740843693848,98.18016574151565,89.8735260722072,743.2435156644531,5.271102033358498,1265,-3.0000012533372926,-6.391699947917605
91,223.11499999999998,9.376751365066443,2542.1305826186936,205.70070714261604,1928.4530902536083,2544.57396909609,98.1801190006471,89.86878672654566,743.1641128613333,5.2713513727892085,1265,-3.0000012678255645,-6.391042710483651
92,223.12499999999997,9.377270734057591,2542.130418389401,205.6846003826861,1928.4582056490376,2544.5738538214596,98.18007225966943,89.86404862738893,743.0847142481022,5.271600699064459,1265,-3.0000012823138187,-6.39038554599234
93,223.135,9.377790026483527,2542.1302541501377,205.66850037807308,1928.4633207837355,2544.5737385454936,98.18002551858264,89.85931177422485,743.0053198236575,5.271850012187708,1265,-3.0000012968020564,-6.389728454431905
94,223.14499999999998,9.378309242364315,2542.130089900909,205.65240712533324,1928.4684356577711,2544.57362326819,98.17997877738676,89.85457616654152,742.9259295868969,5.272099312162418,1265,-3.000001311290277,-6.389071435790611
95,223.15499999999997,9.378828381720025,2542.129925641722,205.63632062083022,1928.4735502712151,2544.5735079895535,98.17993203608182,89.84984180382727,742.8465435367186,5.272348598992047,1265,-3.0000013257784794,-6.388414490056691
96,223.165,9.37934744457072,2542.1297613725815,205.62024086120533,1928.478664624137,2544.5733927095816,98.17988529466777,89.84510868557074,742.7671616720216,5.272597872680051,1265,-3.000001340266664,-6.3877576172184005
97,223.17499999999998,9.379866430936449,2542.129597093492,205.6041678428775,1928.4837787166055,2544.573277428275,98.17983855314463,89.84037681126077,742.6877839917049,5.272847133229886,1265,-3.000001354754831,-6.387100817263966
98,223.18499999999997,9.380385340837272,2542.1294328044573,205.58810156255558,1928.4888925486914,2544.573162145633,98.17979181151242,89.8356461803865,742.6084104946681,5.273096380645007,1265,-3.0000013692429794,-6.386444090181646
99,223.195,9.380904174293223,2542.129268505486,205.5720420165838,1928.4940061204625,2544.573046861659,98.17974506977113,89.83091679243735,742.5290411798113,5.273345614928867,1265,-3.0000013837311097,-6.385787435959666
100,223.20499999999998,9.381422931324348,2542.1291041965796,205.5559892016073,1928.4991194319896,2544.572931576349,98.17969832792079,89.82618864690296,742.4496760460353,5.273594836084915,1265,-3.0000013982192204,-6.385130854586287
101,223.21499999999997,9.381941611950676,2542.128939877747,205.53994311416696,1928.50423248334,2544.572816289707,98.1796515859614,89.82146174327326,742.3703150922407,5.273844044116603,1265,-3.000001412707313,-6.384474346049727
102,223.225,9.382460216192246,2542.1287755489893,205.52390375072324,1928.5093452745857,2544.5727010017304,98.17960484389292,89.81673608103843,742.2909583173293,5.274093239027381,1265,-3.0000014271953854,-6.383817910338239
103,223.23499999999999,9.382978744069074,2542.128611210316,205.50787110785149,1928.514457805794,2544.5725857124226,98.17955810171541,89.81201165968889,742.2116057202028,5.274342420820693,1265,-3.0000014416834393,-6.383161547440042
104,223.24499999999998,9.383497195601187,2542.12844686173,205.491845182077,1928.5195700770355,2544.572470421781,98.17951135942886,89.80728847871536,742.1322572997636,5.274591589499987,1265,-3.0000014561714727,-6.382505257343386
105,223.255,9.384015570808593,2542.1282825032367,205.47582597003412,1928.5246820883783,2544.572355129808,98.17946461703329,89.80256653760881,742.0529130549146,5.274840745068705,1265,-3.0000014706594866,-6.381849040036505
106,223.265,9.384533869711309,2542.128118134842,205.45981346820554,1928.5297938398933,2544.572239836503,98.17941787452867,89.79784583586046,741.9735729845588,5.275089887530292,1265,-3.00000148514748,-6.381192895507619
107,223.27499999999998,9.385052092329332,2542.1279537565497,205.4438076730489,1928.534905331648,2544.572124541865,98.17937113191503,89.79312637296177,741.8942370876002,5.275339016888189,1265,-3.000001499635453,-6.380536823744966
108,223.285,9.385570238682664,2542.1277893683655,205.42780858127836,1928.540016563712,2544.572009245896,98.17932438919237,89.7884081484045,741.8149053629428,5.275588133145836,1265,-3.0000015141234053,-6.379880824736788
109,223.295,9.386088308791305,2542.127624970295,205.4118161892968,1928.5451275361552,2544.5718939485955,98.1792776463607,89.78369116168065,741.7355778094911,5.275837236306671,1265,-3.000001528611336,-6.3792248984713
110,223.30499999999998,9.386606302675231,2542.127460562343,205.395830493829,1928.5502382490456,2544.5717786499636,98.17923090342002,89.77897541228249,741.6562544261503,5.2760863263741316,1265,-3.0000015430992466,-6.378569044936733
111,223.315,9.387124220354439,2542.1272961445156,205.37985149128437,1928.5553487024529,2544.571663350002,98.17918416037034,89.77426089970255,741.5769352118259,5.276335403351654,1265,-3.000001557587135,-6.37791326412132
112,223.325,9.387642061848904,2542.1271317168175,205.36387917824075,1928.560458896447,2544.5715480487097,98.17913741721165,89.76954762343358,741.4976201654238,5.276584467242672,1265,-3.000001572075002,-6.377257556013278
113,223.33499999999998,9.3881598271786,2542.1269672792528,205.3479135513537,1928.5655688310953,2544.571432746087,98.17909067394397,89.76483558296866,741.4183092858505,5.276833518050619,1265,-3.000001586562847,-6.376601920600843
114,223.34499999999997,9.38867751636349,2542.1268028318277,205.3319546071008,1928.5706785064674,2544.5713174421344,98.17904393056732,89.76012477780107,741.3390025720126,5.277082555778927,1265,-3.0000016010506694,-6.375946357872231
115,223.355,9.389195129423548,2542.1266383745483,205.31600234203304,1928.5757879226333,2544.571202136853,98.17899718708166,89.75541520742436,741.2597000228177,5.277331580431025,1265,-3.0000016155384697,-6.3752908678156714
116,223.36499999999998,9.389712666378726,2542.1264739074177,205.30005675279634,1928.5808970796604,2544.5710868302413,98.17895044348704,89.75070687133237,741.1804016371733,5.2775805920103425,1265,-3.0000016300262478,-6.374635450419376
117,223.37499999999997,9.39023012724898,2542.1263094304427,205.28411783590647,1928.5860059776187,2544.5709715223015,98.17890369978346,89.74599976901916,741.1011074139877,5.277829590520308,1265,-3.0000016445140023,-6.373980105671576
118,223.385,9.390747512054263,2542.126144943628,205.26818558799093,1928.591114616577,2544.570856213033,98.1788569559709,89.74129389997908,741.0218173521696,5.278078575964345,1265,-3.0000016590017333,-6.3733248335604795
119,223.39499999999998,9.39126482081451,2542.1259804469782,205.25226000553468,1928.5962229966033,2544.5707409024362,98.17881021204937,89.73658926370672,740.942531450628,5.27832754834588,1265,-3.000001673489442,-6.372669634074315
120,223.40499999999997,9.391782053549665,2542.1258159404997,205.2363410851467,1928.6013311177671,2544.570625590511,98.1787634680189,89.7318858596969,740.8632497082725,5.278576507668336,1265,-3.000001687977126,-6.372014507201297
121,223.415,9.392299210279663,2542.125651424196,205.22042882351752,1928.6064389801375,2544.5705102772577,98.17871672387949,89.72718368744476,740.7839721240131,5.278825453935133,1265,-3.0000017024647874,-6.37135945292964
122,223.42499999999998,9.392816291024426,2542.125486898073,205.20452321702186,1928.611546583782,2544.570394962677,98.17866997963111,89.72248274644569,740.70469869676,5.279074387149694,1265,-3.0000017169524233,-6.370704471247555
123,223.43499999999997,9.393333295803881,2542.125322362136,205.18862426237393,1928.6166539287706,2544.570279646769,98.1786232352738,89.71778303619527,740.6254294254243,5.279323307315437,1265,-3.000001731440036,-6.370049562143265
124,223.445,9.393850224637951,2542.1251578163906,205.17273195614248,1928.6217610151723,2544.5701643295342,98.17857649080759,89.7130845561894,740.5461643089172,5.279572214435778,1265,-3.000001745927624,-6.369394725604981
125,223.45499999999998,9.394367077546548,2542.1249932608407,205.15684629488135,1928.6268678430552,2544.570049010972,98.17852974623243,89.70838730592423,740.4669033461506,5.279821108514136,1265,-3.000001760415186,-6.368739961620907
126,223.46499999999997,9.394883854549574,2542.124828695493,205.1409672752827,1928.6319744124878,2544.5699336910834,98.17848300154837,89.70369128489615,740.3876465360366,5.280069989553923,1265,-3.0000017749027235,-6.368085270179264
127,223.475,9.395400555666937,2542.1246641203516,205.12509489380443,1928.6370807235387,2544.5698183698696,98.17843625675539,89.69899649260181,740.308393877488,5.280318857558555,1265,-3.000001789390235,-6.367430651268251
128,223.48499999999999,9.395917180918534,2542.1244995354214,205.10922914710227,1928.6421867762765,2544.5697030473284,98.1783895118535,89.69430292853812,740.2291453694178,5.280567712531441,1265,-3.0000018038777223,-6.3667761048760845
129,223.49499999999998,9.39643373032426,2542.1243349407086,205.09337003178817,1928.6472925707703,2544.5695877234634,98.17834276684269,89.68961059220226,740.1499010107394,5.280816554475994,1265,-3.000001818365183,-6.36612163099097
130,223.505,9.396950203903994,2542.124170336217,205.07751754437186,1928.6523981070875,2544.5694723982715,98.17829602172299,89.68491948309165,740.070660800367,5.281065383395622,1265,-3.0000018328526177,-6.365467229601118
131,223.515,9.397466601677634,2542.124005721954,205.06167168160974,1928.6575033852985,2544.569357071756,98.17824927649438,89.68022960070397,739.991424737215,5.281314199293733,1265,-3.0000018473400267,-6.364812900694722
132,223.52499999999998,9.39798292366505,2542.123841097921,205.04583243992383,1928.6626084054703,2544.5692417439136,98.1782025311569,89.67554094453715,739.9121928201982,5.2815630021737325,1265,-3.0000018618274082,-6.3641586442600016
133,223.535,9.398499169886112,2542.1236764641258,205.02999981606342,1928.6677131676718,2544.5691264147476,98.17815578571056,89.67085351408937,739.832965048232,5.2818117920390275,1265,-3.0000018763147636,-6.36350446028515
134,223.545,9.399015340360695,2542.1235118205745,205.01417380656633,1928.6728176719712,2544.5690110842584,98.1781090401553,89.66616730885912,739.7537414202324,5.28206056889302,1265,-3.000001890802092,-6.362850348758357
135,223.55499999999998,9.39953143510866,2542.12334716727,204.99835440800462,1928.6779219184382,2544.568895752445,98.17806229449118,89.66148232834509,739.6745219351151,5.282309332739114,1265,-3.0000019052893925,-6.362196309667851
136,223.565,9.400047454149856,2542.123182504218,204.98254161704554,1928.6830259071387,2544.5687804193076,98.1780155487182,89.65679857204621,739.5953065917971,5.2825580835807076,1265,-3.0000019197766656,-6.361542343001819
137,223.575,9.400563397504154,2542.123017831424,204.9667354303667,1928.6881296381441,2544.5686650848465,98.17796880283636,89.65211603946173,739.5160953891955,5.282806821421202,1265,-3.0000019342639117,-6.360888448748456
138,223.58499999999998,9.401079265191383,2542.1228531488923,204.9509358444132,1928.6932331115202,2544.568549749062,98.17792205684567,89.6474347300911,739.4368883262277,5.283055546263995,1265,-3.0000019487511294,-6.360234626895974
139,223.59499999999997,9.401595057231393,2542.1226884566304,204.93514285590945,1928.6983363273362,2544.568434411956,98.17787531074615,89.64275464343407,739.3576854018119,5.283304258112483,1265,-3.0000019632383195,-6.359580877432547
140,223.605,9.402110773644026,2542.1225237546405,204.91935646146092,1928.7034392856606,2544.5683190735267,98.17782856453775,89.63807577899061,739.2784866148662,5.283552956970061,1265,-3.0000019777254803,-6.358927200346388
141,223.61499999999998,9.40262641444911,2542.122359042928,204.90357665770253,1928.7085419865614,2544.5682037337747,98.17778181822052,89.63339813626095,739.1992919643099,5.283801642840123,1265,-3.000001992212612,-6.358273595625686
142,223.62499999999997,9.40314197966647,2542.122194321499,204.8878034411928,1928.7136444301066,2544.568088392701,98.17773507179447,89.62872171474558,739.1201014490618,5.284050315726062,1265,-3.0000020066997157,-6.357620063258642
143,223.635,9.40365746931594,2542.122029590359,204.87203680864894,1928.7187466163655,2544.567973050306,98.17768832525958,89.62404651394526,739.0409150680423,5.284298975631268,1265,-3.0000020211867904,-6.356966603233434
144,223.64499999999998,9.404172883417322,2542.121864849513,204.85627675661615,1928.723848545404,2544.5678577065896,98.17764157861588,89.61937253336097,738.961732820171,5.284547622559132,1265,-3.0000020356738353,-6.356313215538268
145,223.65499999999997,9.40468822199044,2542.1217000989645,204.84052328183427,1928.7289502172928,2544.5677423615516,98.17759483186336,89.61469977249399,738.882554704369,5.284796256513042,1265,-3.0000020501608504,-6.355659900161323
146,223.665,9.405203485055099,2542.1215353387206,204.82477638079416,1928.734051632099,2544.567627015193,98.17754808500203,89.61002823084581,738.803380719557,5.285044877496384,1265,-3.0000020646478354,-6.355006657090804
147,223.67499999999998,9.405718672631098,2542.1213705687856,204.80903605015166,1928.7391527898899,2544.567511667514,98.17750133803192,89.60535790791819,738.7242108646568,5.285293485512544,1265,-3.0000020791347906,-6.354353486314876
148,223.68499999999997,9.406233784738237,2542.121205789164,204.79330228666888,1928.7442536907345,2544.567396318515,98.17745459095298,89.60068880321315,738.6450451385903,5.285542080564907,1265,-3.000002093621715,-6.353700387821753
149,223.695,9.406748821396311,2542.1210409998607,204.77757508682996,1928.749354334701,2544.5672809681946,98.17740784376524,89.59602091623296,738.5658835402797,5.285790662656855,1265,-3.0000021081086095,-6.353047361599608
150,223.70499999999998,9.407263782625101,2542.120876200882,204.76185444735617,1928.7544547218556,2544.567165616555,98.17736109646872,89.59135424648012,738.4867260686481,5.28603923179177,1265,-3.000002122595473,-6.352394407636619
151,223.71499999999997,9.407778668444395,2542.120711392233,204.74614036487793,1928.7595548522688,2544.5670502635967,98.17731434906342,89.58668879345745,738.4075727226187,5.286287787973031,1265,-3.0000021370823053,-6.351741525920983
152,223.725,9.408293478873968,2542.120546573918,204.7304328360321,1928.764654726007,2544.5669349093196,98.17726760154933,89.58202455666796,738.3284235011154,5.286536331204016,1265,-3.0000021515691073,-6.351088716440881
153,223.73499999999999,9.408808213933595,2542.120381745941,204.71473185744208,1928.7697543431389,2544.5668195537214,98.17722085392649,89.57736153561493,738.2492784030619,5.286784861488105,1265,-3.0000021660558764,-6.350435979184492
154,223.74499999999998,9.40932287364304,2542.1202169083103,204.6990374257816,1928.7748537037314,2544.566704196807,98.17717410619487,89.57269972980188,738.1701374273832,5.287033378828671,1265,-3.0000021805426145,-6.349783314140001
155,223.755,9.409837458022063,2542.1200520610278,204.68334953774462,1928.7799528078526,2544.5665888385734,98.17712735835451,89.56803913873263,738.0910005730043,5.28728188322909,1265,-3.000002195029321,-6.349130721295582
156,223.765,9.410351967090424,2542.1198872040995,204.6676681899085,1928.7850516555707,2544.5664734790203,98.17708061040537,89.5633797619112,738.0118678388505,5.287530374692735,1265,-3.0000022095159937,-6.348478200639426
157,223.77499999999998,9.410866400867878,2542.119722337531,204.65199337887734,1928.7901502469538,2544.566358118151,98.17703386234749,89.55872159884187,737.932739223848,5.287778853222976,1265,-3.000002224002635,-6.347825752159705
158,223.785,9.411380759374165,2542.1195574613284,204.63632510152394,1928.7952485820686,2544.566242755965,98.17698711418085,89.5540646490292,737.853614726923,5.288027318823187,1265,-3.0000022384892433,-6.347173375844591
159,223.795,9.41189504262904,2542.1193925754937,204.62066335433258,1928.8003466609841,2544.56612739246,98.17694036590548,89.549408911978,737.7744943470021,5.288275771496734,1265,-3.000002252975819,-6.346521071682267
160,223.80499999999998,9.412409250652226,2542.1192276800325,204.60500813384556,1928.8054444837676,2544.566012027637,98.17689361752137,89.54475438719331,737.6953780830129,5.288524211246985,1265,-3.000002267462361,-6.34586883966091
161,223.815,9.412923383463463,2542.119062774953,204.58935943701067,1928.8105420504867,2544.5658966614997,98.17684686902854,89.5401010741804,737.6162659338828,5.288772638077307,1265,-3.0000022819488703,-6.345216679768689
162,223.825,9.413437441082475,2542.1188978602586,204.5737172603048,1928.8156393612082,2544.565781294046,98.17680012042699,89.53544897244487,737.5371578985402,5.289021051991066,1265,-3.0000022964353454,-6.3445645919937785
163,223.83499999999998,9.413951423528983,2542.118732935953,204.5580816005023,1928.8207364160005,2544.5656659252745,98.17675337171671,89.53079808149249,737.4580539759133,5.289269452991622,1265,-3.000002310921787,-6.343912576324357
164,223.84499999999997,9.414465330822713,2542.118568002043,204.54245245418747,1928.8258332149323,2544.5655505551886,98.17670662289774,89.52614840082933,737.3789541649314,5.28951784108234,1265,-3.000002325408194,-6.343260632748586
165,223.855,9.414979162983366,2542.118403058532,204.52682981798225,1928.8309297580693,2544.5654351837857,98.17665987397002,89.52149992996168,737.2998584645238,5.28976621626658,1265,-3.000002339894567,-6.34260876125464
166,223.86499999999998,9.415492920030655,2542.118238105427,204.51121368873407,1928.8360260454804,2544.565319811069,98.17661312493364,89.51685266839611,737.2207668736203,5.290014578547701,1265,-3.0000023543809053,-6.341956961830697
167,223.87499999999997,9.416006601984282,2542.11807314273,204.49560406295103,1928.8411220772323,2544.5652044370354,98.17656637578854,89.51220661563943,737.1416793911513,5.290262927929061,1265,-3.0000023688672086,-6.341305234464913
168,223.885,9.416520208863938,2542.117908170449,204.48000093745767,1928.8462178533923,2544.5650890616885,98.17651962653476,89.50756177119867,737.0625960160475,5.290511264414016,1265,-3.0000023833534772,-6.340653579145465
169,223.89499999999998,9.417033740689327,2542.1177431885885,204.46440430877732,1928.8513133740294,2544.5649736850264,98.17647287717229,89.50291813458118,736.98351674724,5.2907595880059235,1265,-3.0000023978397103,-6.340001995860511
170,223.90499999999997,9.41754719748012,2542.1175781971533,204.4488141736805,1928.856408639209,2544.5648583070515,98.17642612770115,89.49827570529447,736.9044415836605,5.291007898708135,1265,-3.0000024123259084,-6.33935048459822
171,223.915,9.418060579256014,2542.1174131961466,204.43323052888113,1928.8615036489996,2544.5647429277606,98.17637937812134,89.4936344828464,736.825370524241,5.291256196524005,1265,-3.00000242681207,-6.338699045346764
172,223.92499999999998,9.418573886036679,2542.1172481855756,204.41765337088754,1928.866598403469,2544.5646275471568,98.17633262843285,89.48899446674498,736.746303567914,5.291504481456883,1265,-3.000002441298196,-6.3380476780943
173,223.93499999999997,9.419087117841787,2542.117083165446,204.40208269663785,1928.8716929026837,2544.5645121652406,98.17628587863571,89.48435565649855,736.6672407136124,5.291752753510119,1265,-3.0000024557842857,-6.3373963828289845
174,223.945,9.419600274691007,2542.1169181357595,204.38651850266055,1928.8767871467112,2544.5643967820106,98.17623912872988,89.47971805161566,736.5881819602695,5.292001012687063,1265,-3.000002470270339,-6.336745159538992
175,223.95499999999998,9.420113356603999,2542.1167530965236,204.37096078568558,1928.8818811356193,2544.5642813974664,98.17619237871543,89.47508165160512,736.5091273068192,5.29224925899106,1265,-3.000002484756356,-6.336094008212475
176,223.96499999999997,9.420626363600427,2542.1165880477442,204.35540954239252,1928.8869748694758,2544.564166011612,98.17614562859231,89.47044645597599,736.4300767521956,5.292497492425456,1265,-3.0000024992423358,-6.335442928837592
177,223.975,9.421139295699932,2542.1164229894243,204.3398647694353,1928.8920683483461,2544.564050624445,98.17609887836056,89.46581246423757,736.3510302953334,5.2927457129935975,1265,-3.000002513728278,-6.334791921402508
178,223.98499999999999,9.421652152922162,2542.1162579215693,204.32432646366544,1928.8971615722983,2544.5639352359653,98.17605212802019,89.4611796758994,736.2719879351679,5.292993920698825,1265,-3.000002528214183,-6.33414098589538
179,223.99499999999998,9.422164935286768,2542.1160928441836,204.30879462159635,1928.9022545413998,2544.563819846173,98.17600537757117,89.45654809047133,736.1929496706342,5.293242115544481,1265,-3.000002542700051,-6.333490122304363
180,224.005,9.42267764281338,2542.1159277572747,204.29326924004627,1928.907347255718,2544.5637044550713,98.17595862701353,89.45191770746338,736.1139155006687,5.293490297533905,1265,-3.0000025571858804,-6.332839330617615
181,224.015,9.423190275521634,2542.1157626608438,204.27775031563417,1928.91243971532,2544.563589062656,98.17591187634727,89.44728852638585,736.0348854242073,5.293738466670438,1265,-3.0000025716716725,-6.3321886108232945
182,224.02499999999998,9.423702833431154,2542.115597554899,204.26223784511473,1928.9175319202723,2544.5634736689312,98.1758651255724,89.4426605467493,735.9558594401872,5.293986622957415,1265,-3.0000025861574264,-6.331537962909541
183,224.035,9.424215316561565,2542.115432439445,204.24673182523856,1928.9226238706428,2544.5633582738956,98.17581837468894,89.43803376806453,735.8768375475455,5.294234766398175,1265,-3.0000026006431413,-6.330887386864521
184,224.045,9.424727724932481,2542.115267314485,204.23123225269939,1928.9277155664977,2544.563242877549,98.17577162369685,89.43340818984258,735.79781974522,5.2944828969960485,1265,-3.000002615128817,-6.330236882676388
185,224.05499999999998,9.425240058563512,2542.115102180026,204.2157391240469,1928.9328070079039,2544.5631274798934,98.17572487259616,89.42878381159476,735.7188060321487,5.2947310147543725,1265,-3.000002629614454,-6.329586450333289
186,224.065,9.425752317474268,2542.114937036071,204.2002524363129,1928.937898194929,2544.5630120809274,98.1756781213869,89.42416063283257,735.6397964072702,5.294979119676478,1265,-3.0000026441000527,-6.328936089823373
187,224.075,9.426264501684358,2542.114771882627,204.18477218591832,1928.9429891276409,2544.5628966806526,98.17563137006901,89.41953865306786,735.5607908695234,5.295227211765696,1265,-3.000002658585611,-6.328285801134785
188,224.08499999999998,9.42677661121337,2542.1146067196973,204.16929836963126,1928.9480798061054,2544.562781279067,98.17558461864256,89.41491787181262,735.481789417848,5.2954752910253555,1265,-3.0000026730711293,-6.32763558425569
189,224.09499999999997,9.427288646080896,2542.1144415472877,204.1538309842709,1928.9531702303889,2544.5626658761735,98.17553786710754,89.41029828857916,735.4027920511834,5.295723357458785,1265,-3.0000026875566084,-6.3269854391742175
190,224.105,9.427800606306526,2542.1142763654034,204.13837002651974,1928.9582604005586,2544.5625504719715,98.17549111546397,89.40567990288,735.3237987684702,5.295971411069311,1265,-3.000002702042047,-6.326335365878526
191,224.11499999999998,9.428312491909846,2542.1141111740494,204.12291549308486,1928.9633503166829,2544.5624350664607,98.17544436371182,89.40106271422793,735.2448095686491,5.296219451860259,1265,-3.000002716527446,-6.3256853643567545
192,224.12499999999997,9.428824302910426,2542.1139459732285,204.1074673807066,1928.968439978827,2544.562319659641,98.1753976118511,89.39644672213599,735.1658244506611,5.296467479834952,1265,-3.000002731012804,-6.325035434597061
193,224.135,9.42933603932784,2542.113780762949,204.09202568612366,1928.973529387058,2544.5622042515142,98.17535085988182,89.39183192611743,735.0868434134479,5.296715494996714,1265,-3.000002745498121,-6.324385576587567
194,224.14499999999998,9.429847701181652,2542.113615543213,204.0765904060454,1928.9786185414423,2544.5620888420794,98.175304107804,89.38721832568578,735.0078664559516,5.296963497348865,1265,-3.000002759983397,-6.323735790316439
195,224.15499999999997,9.430359288491436,2542.113450314029,204.0611615371174,1928.9837074420484,2544.561973431339,98.17525735561762,89.38260592035482,734.9288935771143,5.297211486894724,1265,-3.0000027744686317,-6.323086075771803
196,224.165,9.430870801276736,2542.1132850753975,204.04573907626056,1928.9887960889412,2544.561858019289,98.17521060332272,89.37799470963853,734.8499247758792,5.297459463637613,1265,-3.0000027889538248,-6.322436432941803
197,224.17499999999998,9.431382239557111,2542.1131198273265,204.03032302004635,1928.993884482188,2544.561742605934,98.17516385091929,89.37338469305121,734.7709600511894,5.297707427580846,1265,-3.000002803438976,-6.321786861814594
198,224.18499999999997,9.43189360335211,2542.11295456982,204.01491336536318,1928.9989726218564,2544.5616271912713,98.17511709840734,89.36877587010731,734.6919994019887,5.29795537872774,1265,-3.000002817924086,-6.321137362378294
199,224.195,9.43240489268127,2542.112789302883,203.9995101087707,1929.0040605080112,2544.561511775303,98.17507034578685,89.36416824032165,734.6130428272212,5.298203317081611,1265,-3.000002832409153,-6.320487934621058
200,224.20499999999998,9.432916107564127,2542.112624026521,203.9841132471493,1929.00914814072,2544.561396358029,98.17502359305786,89.35956180320916,734.5340903258316,5.298451242645769,1265,-3.0000028468941777,-6.319838578531014
201,224.21499999999997,9.433427248020221,2542.112458740737,203.96872277719805,1929.0142355200499,2544.561280939448,98.17497684022035,89.35495655828514,734.4551418967648,5.298699155423527,1265,-3.0000028613791603,-6.319189294096308
202,224.225,9.433938314069076,2542.1122934455384,203.953338695628,1929.0193226460672,2544.561165519562,98.17493008727432,89.35035250506505,734.3761975389662,5.298947055418197,1265,-3.0000028758640993,-6.318540081305063
203,224.23499999999999,9.434449305730208,2542.11212814093,203.93796099917782,1929.0244095188373,2544.561050098372,98.17488333421981,89.34574964306462,734.2972572513818,5.299194942633087,1265,-3.0000028903489957,-6.317890940145423
204,224.24499999999998,9.434960223023143,2542.1119628269144,203.92258968466757,1929.0294961384284,2544.5609346758765,98.1748365810568,89.34114797179983,734.2183210329578,5.299442817071505,1265,-3.000002904833849,-6.317241870605525
205,224.255,9.435471065967388,2542.1117975034986,203.90722474885052,1929.034582504905,2544.560819252076,98.1747898277853,89.33654749078693,734.139388882641,5.299690678736757,1265,-3.000002919318659,-6.316592872673497
206,224.265,9.43598183458246,2542.111632170687,203.89186618846395,1929.039668618337,2544.5607038269713,98.17474307440531,89.33194819954235,734.0604607993786,5.299938527632147,1265,-3.0000029338034238,-6.3159439463374705
207,224.27499999999998,9.436492528887847,2542.1114668284836,203.8765140002445,1929.044754478787,2544.560588400562,98.17469632091685,89.32735009758282,733.9815367821182,5.300186363760981,1265,-3.0000029482881456,-6.315295091585583
208,224.285,9.437003148903052,2542.1113014768957,203.8611681808908,1929.049840086323,2544.56047297285,98.17464956731992,89.32275318442531,733.9026168298075,5.300434187126561,1265,-3.000002962772823,-6.314646308405955
209,224.295,9.43751369464757,2542.111136115924,203.84582872723178,1929.0549254410114,2544.560357543833,98.17460281361451,89.31815745958701,733.8237009413953,5.300681997732186,1265,-3.000002977257456,-6.31399759678673
210,224.30499999999998,9.43802416614089,2542.110970745579,203.83049563602663,1929.0600105429191,2544.5602421135145,98.17455605980065,89.31356292258536,733.7447891158303,5.300929795581158,1265,-3.000002991742044,-6.313348956716029
211,224.315,9.438534563402492,2542.110805365861,203.81516890406417,1929.0650953921115,2544.560126681892,98.17450930587832,89.30896957293807,733.6658813520618,5.301177580676774,1265,-3.0000030062265877,-6.312700388181978
212,224.325,9.43904488645185,2542.110639976777,203.7998485280214,1929.070179988655,2544.5600112489674,98.17446255184751,89.30437741016306,733.5869776490395,5.301425353022332,1265,-3.0000030207110857,-6.312051891172713
213,224.33499999999998,9.439555135308446,2542.1104745783314,203.78453450476195,1929.0752643326168,2544.5598958147393,98.17441579770829,89.2997864337785,733.5080780057136,5.3016731126211285,1265,-3.0000030351955385,-6.311403465676355
214,224.34499999999997,9.440065309991736,2542.110309170529,203.76922683094026,1929.0803484240619,2544.5597803792098,98.17436904346064,89.29519664330283,733.4291824210347,5.301920859476455,1265,-3.000003049679946,-6.310755111681026
215,224.355,9.440575410521193,2542.1101437533753,203.75392550347283,1929.0854322630578,2544.5596649423783,98.17432228910454,89.29060803825472,733.3502908939538,5.302168593591607,1265,-3.000003064164307,-6.310106829174855
216,224.36499999999998,9.441085436916264,2542.109978326874,203.73863051901375,1929.0905158496685,2544.5595495042444,98.17427553464,89.28602061815305,733.2714034234223,5.302416314969875,1265,-3.0000030786486227,-6.309458618145966
217,224.37499999999997,9.441595389196412,2542.1098128910326,203.72334187443357,1929.0955991839623,2544.5594340648104,98.17422878006705,89.281434382517,733.192520008392,5.3026640236145495,1265,-3.0000030931328916,-6.30881047858248
218,224.385,9.442105267381086,2542.109647445853,203.70805956642076,1929.100682266006,2544.559318624075,98.17418202538568,89.27684933086596,733.1136406478151,5.30291171952892,1265,-3.0000031076171143,-6.30816241047252
219,224.39499999999998,9.44261507148972,2542.109481991342,203.6927835918091,1929.1057650958633,2544.5592031820383,98.17413527059587,89.27226546271955,733.0347653406445,5.303159402716274,1265,-3.0000031221012904,-6.3075144138042045
220,224.40499999999997,9.443124801541758,2542.1093165275024,203.67751394733023,1929.1108476736017,2544.559087738701,98.17408851569768,89.26768277759766,732.9558940858334,5.303407073179897,1265,-3.0000031365854194,-6.306866488565666
221,224.415,9.443634457556625,2542.1091510543415,203.66225062980385,1929.115929999286,2544.5589722940636,98.17404176069108,89.26310127502042,732.877026882335,5.303654730923074,1265,-3.0000031510695013,-6.3062186347450035
222,224.42499999999998,9.444144039553759,2542.108985571863,203.64699363609662,1929.1210120729838,2544.5588568481257,98.17399500557606,89.25852095450819,732.7981637291035,5.303902375949091,1265,-3.000003165553536,-6.30557085233036
223,224.43499999999997,9.444653547552582,2542.1088200800727,203.63174296275162,1929.1260938947607,2544.558741400889,98.17394825035267,89.25394181558158,732.7193046250933,5.304150008261228,1265,-3.0000031800375226,-6.304923141309827
224,224.445,9.445162981572503,2542.108654578974,203.61649860688047,1929.1311754646822,2544.558625952353,98.1739014950209,89.24936385776144,732.6404495692592,5.304397627862768,1265,-3.0000031945214616,-6.304275501671543
225,224.45499999999998,9.445672341632944,2542.1084890685715,203.601260564978,1929.1362567828141,2544.5585105025166,98.17385473958073,89.24478708056887,732.5615985605564,5.304645234756988,1265,-3.0000032090053526,-6.303627933403618
226,224.46499999999997,9.44618162775331,2542.108323548873,203.58602883410697,1929.1413378492234,2544.558395051383,98.17380798403221,89.2402114835252,732.4827515979406,5.3048928289471675,1265,-3.0000032234891956,-6.3029804364941615
227,224.475,9.446690839953007,2542.10815801988,203.5708034107489,1929.1464186639753,2544.5582795989485,98.1737612283753,89.23563706615201,732.4039086803679,5.305140410436585,1265,-3.00000323797299,-6.302333010931302
228,224.48499999999999,9.447199978251426,2542.1079924816004,203.55558429197947,1929.151499227135,2544.5581641452172,98.17371447261003,89.2310638279711,732.3250698067949,5.305387979228515,1265,-3.000003252456736,-6.301685656703138
229,224.49499999999998,9.447709042667968,2542.107826934036,203.54037147450654,1929.1565795387694,2544.558048690187,98.17366771673638,89.22649176850454,732.2462349761785,5.30563553532623,1265,-3.000003266940432,-6.3010383737977875
230,224.505,9.448218033222018,2542.1076613771943,203.52516495505162,1929.1616595989437,2544.5579332338602,98.17362096075439,89.22192088727463,732.1674041874759,5.3058830787330065,1265,-3.000003281424079,-6.3003911622033675
231,224.515,9.448726949932961,2542.1074958110785,203.50996473051129,1929.1667394077242,2544.5578177762345,98.17357420466406,89.21735118380393,732.0885774396452,5.306130609452114,1265,-3.0000032959076774,-6.299744021907983
232,224.52499999999998,9.449235792820176,2542.107330235693,203.4947707977009,1929.1718189651765,2544.5577023173114,98.17352744846536,89.21278265761518,732.0097547316443,5.306378127486823,1265,-3.0000033103912256,-6.29909695289975
233,224.535,9.44974456190303,2542.1071646510454,203.47958315337056,1929.1768982713656,2544.5575868570922,98.17348069215834,89.20821530823143,731.930936062432,5.3066256328404044,1265,-3.0000033248747244,-6.298449955166776
234,224.545,9.450253257200902,2542.1069990571377,203.46440179432219,1929.1819773263585,2544.5574713955757,98.17343393574298,89.20364913517597,731.8521214309673,5.306873125516124,1265,-3.000003339358173,-6.297803028697169
235,224.55499999999998,9.45076187873315,2542.106833453976,203.4492267174269,1929.1870561302203,2544.5573559327627,98.17338717921929,89.19908413797224,731.7733108362097,5.307120605517248,1265,-3.000003353841571,-6.297156173479038
236,224.565,9.451270426519129,2542.1066678415646,203.43405791941132,1929.1921346830154,2544.557240468653,98.17334042258727,89.19452031614404,731.6945042771191,5.3073680728470425,1265,-3.000003368324919,-6.296509389500488
237,224.575,9.451778900578198,2542.1065022199086,203.418895397181,1929.197212984811,2544.5571250032476,98.17329366584696,89.18995766921532,731.6157017526559,5.307615527508771,1265,-3.000003382808216,-6.295862676749632
238,224.58499999999998,9.452287300929708,2542.106336589014,203.40373914746465,1929.2022910356727,2544.5570095365474,98.17324690899831,89.18539619671034,731.5369032617807,5.307862969505696,1265,-3.0000033972914624,-6.295216035214569
239,224.59499999999997,9.452795627592995,2542.1061709488836,203.38858916714167,1929.207368835665,2544.5568940685503,98.17320015204136,89.18083589815353,731.4581088034547,5.308110398841079,1265,-3.000003411774658,-6.294569464883408
240,224.605,9.45330388058741,2542.106005299525,203.3734454530068,1929.2124463848556,2544.5567785992603,98.17315339497611,89.17627677306962,731.3793183766395,5.308357815518179,1265,-3.000003426257801,-6.293922965744248
241,224.61499999999998,9.453812059932273,2542.10583964094,203.358308001816,1929.217523683307,2544.556663128674,98.17310663780256,89.17171882098356,731.3005319802971,5.308605219540255,1265,-3.0000034407408935,-6.293276537785198
242,224.62499999999997,9.454320165646923,2542.1056739731343,203.34317681063683,1929.2226007310867,2544.556547656792,98.17305988052073,89.1671620414205,731.2217496133899,5.308852610910564,1265,-3.0000034552239336,-6.29263018099436
243,224.635,9.454828197750683,2542.1055082961147,203.32805187605084,1929.22767752826,2544.5564321836173,98.1730131231306,89.1626064339059,731.1429712748808,5.309099989632362,1265,-3.0000034697069218,-6.291983895359831
244,224.64499999999998,9.455336156262865,2542.105342609883,203.31293319495592,1929.2327540748922,2544.5563167091477,98.17296636563219,89.1580519979654,731.0641969637329,5.309347355708903,1265,-3.000003484189858,-6.291337680869725
245,224.65499999999997,9.455844041202788,2542.105176914445,203.297820764188,1929.2378303710473,2544.556201233384,98.17291960802554,89.15349873312492,730.9854266789101,5.309594709143441,1265,-3.0000034986727413,-6.290691537512124
246,224.665,9.456351852589766,2542.1050112098073,203.28271458057444,1929.242906416793,2544.5560857563273,98.17287285031058,89.14894663891057,730.9066604193765,5.309842049939227,1265,-3.0000035131555722,-6.290045465275139
247,224.67499999999998,9.4568595904431,2542.104845495972,203.26761464093906,1929.247982212194,2544.555970277976,98.17282609248737,89.14439571484877,730.8278981840965,5.310089378099512,1265,-3.0000035276383494,-6.289399464146868
248,224.68499999999997,9.457367254782081,2542.104679772947,203.25252094220733,1929.2530577573136,2544.5558547983333,98.1727793345559,89.1398459604661,730.7491399720351,5.310336693627546,1265,-3.0000035421210747,-6.288753534115402
249,224.695,9.457874845626023,2542.1045140407355,203.23743348106908,1929.2581330522207,2544.5557393173976,98.17273257651618,89.13529737528945,730.6703857821576,5.310583996526575,1265,-3.0000035566037466,-6.288107675168843
250,224.70499999999998,9.458382362994197,2542.1043482993414,203.22235225446218,1929.2632080969775,2544.555623835169,98.17268581836821,89.1307499588459,730.5916356134298,5.310831286799847,1265,-3.000003571086364,-6.28746188729529
251,224.71499999999997,9.45888980690589,2542.1041825487714,203.20727725919167,1929.2682828916497,2544.555508351649,98.172639060112,89.12620371066276,730.512889464818,5.311078564450608,1265,-3.000003585568928,-6.286816170482834
252,224.725,9.459397177380394,2542.1040167890283,203.1922084921421,1929.2733574363042,2544.5553928668364,98.17259230174754,89.12165863026765,730.4341473352888,5.311325829482101,1265,-3.0000036000514383,-6.28617052471957
253,224.73499999999999,9.459904474436977,2542.103851020118,203.17714595010796,1929.2784317310052,2544.5552773807317,98.17254554327485,89.11711471718834,730.355409223809,5.311573081897569,1265,-3.000003614533894,-6.285524949993604
254,224.74499999999998,9.460411698094909,2542.1036852420452,203.16208962987452,1929.2835057758184,2544.5551618933364,98.17249878469394,89.1125719709529,730.2766751293464,5.311820321700252,1265,-3.0000036290162955,-6.284879446293002
255,224.755,9.460918848373447,2542.103519454816,203.14703952848106,1929.2885795708069,2544.55504640465,98.17245202600482,89.1080303910896,730.1979450508685,5.312067548893393,1265,-3.0000036434986423,-6.284234013605888
256,224.765,9.461425925291868,2542.103353658432,203.1319956426571,1929.293653116039,2544.554930914672,98.17240526720748,89.10348997712698,730.1192189873439,5.312314763480227,1265,-3.000003657980934,-6.283588651920335
257,224.77499999999998,9.46193292886941,2542.103187852901,203.11695796922777,1929.2987264115773,2544.554815423404,98.17235850830191,89.09895072859378,730.0404969377411,5.312561965463995,1265,-3.000003672463171,-6.282943361224431
258,224.785,9.462439859125332,2542.1030220382263,203.10192650516296,1929.3037994574872,2544.554699930845,98.17231174928816,89.094412645019,729.9617789010293,5.3128091548479315,1265,-3.000003686945352,-6.282298141506288
259,224.795,9.462946716078886,2542.1028562144134,203.0869012471704,1929.308872253836,2544.5545844369963,98.1722649901662,89.08987572593189,729.8830648761781,5.313056331635271,1265,-3.0000037014274783,-6.281652992753973
260,224.80499999999998,9.4634534997493,2542.102690381467,203.07188219218895,1929.313944800686,2544.5544689418575,98.17221823093605,89.0853399708619,729.8043548621573,5.313303495829247,1265,-3.000003715909548,-6.281007914955582
261,224.815,9.463960210155811,2542.1025245393907,203.05686933714094,1929.3190170981024,2544.5543534454296,98.17217147159771,89.08080537933874,729.7256488579375,5.313550647433092,1265,-3.0000037303915623,-6.2803629080992085
262,224.825,9.464466847317658,2542.102358688191,203.04186267877893,1929.3240891461523,2544.554237947712,98.17212471215116,89.07627195089236,729.6469468624892,5.3137977864500385,1265,-3.0000037448735206,-6.279717972172931
263,224.83499999999998,9.464973411254057,2542.102192827872,203.02686221400802,1929.3291609448981,2544.5541224487056,98.17207795259645,89.07173968505295,729.5682488747839,5.314044912883314,1265,-3.000003759355422,-6.279073107164838
264,224.84499999999997,9.46547990198424,2542.102026958438,203.0118679396505,1929.3342324944078,2544.554006948411,98.17203119293356,89.06720858135091,729.489554893793,5.3142920267361475,1265,-3.000003773837267,-6.278428313063023
265,224.855,9.465986319527412,2542.101861079894,202.99687985273405,1929.3393037947428,2544.553891446827,98.17198443316249,89.06267863931691,729.4108649184885,5.3145391280117655,1265,-3.0000037883190553,-6.277783589855563
266,224.86499999999998,9.466492663902786,2542.101695192246,202.98189794997327,1929.3443748459697,2544.5537759439558,98.17193767328328,89.05814985848184,729.3321789478431,5.3147862167133955,1265,-3.0000038028007863,-6.277138937530543
267,224.87499999999997,9.466998935129576,2542.101529295496,202.9669222282935,1929.349445648154,2544.5536604397953,98.17189091329593,89.0536222383768,729.2534969808295,5.31503329284426,1265,-3.00000381728246,-6.276494356076062
268,224.885,9.46750513322697,2542.101363389652,202.9519526845804,1929.3545162013584,2544.553544934348,98.1718441532004,89.04909577853319,729.174819016421,5.315280356407582,1265,-3.0000038317640767,-6.2758498454801765
269,224.89499999999998,9.468011258214178,2542.101197474716,202.9369893156546,1929.3595865056504,2544.553429427613,98.17179739299672,89.04457047848257,729.0961450535912,5.315527407406585,1265,-3.000003846245635,-6.275205405730993
270,224.90499999999997,9.468517310110379,2542.1010315506937,202.9220321184079,1929.3646565610923,2544.55331391959,98.1717506326849,89.04004633775678,729.0174750913143,5.315774445844488,1265,-3.000003860727136,-6.274561036816585
271,224.915,9.469023288934773,2542.1008656175904,202.90708108979317,1929.3697263677511,2544.5531984102804,98.17170387226494,89.03552335588789,728.9388091285649,5.31602147172451,1265,-3.000003875208579,-6.273916738725021
272,224.92499999999998,9.469529194706528,2542.100699675412,202.89213622652338,1929.374795925689,2544.5530828996857,98.17165711173686,89.03100153240823,728.8601471643178,5.3162684850498705,1265,-3.000003889689963,-6.273272511444388
273,224.93499999999997,9.470035027444828,2542.100533724161,202.87719752578838,1929.3798652349728,2544.552967387803,98.17161035110064,89.02648086685028,728.7814891975485,5.316515485823785,1265,-3.0000039041712894,-6.272628354962772
274,224.945,9.470540787168842,2542.1003677638428,202.86226498415616,1929.384934295666,2544.552851874635,98.17156359035633,89.02196135874688,728.7028352272325,5.316762474049468,1265,-3.0000039186525562,-6.27198426926825
275,224.95499999999998,9.471046473897736,2542.100201794462,202.84733859864448,1929.3900031078333,2544.5527363601805,98.17151682950389,89.01744300763099,728.6241852523464,5.317009449730134,1265,-3.0000039331337645,-6.271340254348901
276,224.96499999999997,9.471552087650679,2542.1000358160245,202.83241836623625,1929.3950716715406,2544.552620844441,98.17147006854334,89.01292581303585,728.5455392718663,5.317256412868996,1265,-3.000003947614913,-6.2706963101927915
277,224.975,9.472057628446818,2542.0998698285334,202.81750428365692,1929.4001399868503,2544.5525053274164,98.1714233074747,89.00840977449496,728.4668972847696,5.317503363469266,1265,-3.0000039620960024,-6.270052436788012
278,224.98499999999999,9.472563096305311,2542.0997038319942,202.8025963478804,1929.4052080538283,2544.552389809106,98.17137654629794,89.00389489154203,728.3882592900335,5.317750301534153,1265,-3.000003976577032,-6.2694086341226285
279,224.99499999999998,9.473068491245307,2542.099537826414,202.78769455581204,1929.4102758725394,2544.5522742895123,98.17132978501309,88.99938116371099,728.3096252866359,5.317997227066868,1265,-3.0000039910580023,-6.268764902184714
280,225.005,9.473573813285945,2542.099371811793,202.77279890429165,1929.4153434430477,2544.5521587686326,98.17128302362016,88.99486859053603,728.230995273555,5.318244140070615,1265,-3.0000040055389126,-6.268121240962358
281,225.015,9.474079062446357,2542.0992057881385,202.75790939029457,1929.4204107654166,2544.5520432464696,98.17123626211914,88.99035717155157,728.1523692497694,5.318491040548603,1265,-3.000004020019762,-6.267477650443617
282,225.02499999999998,9.474584238745688,2542.0990397554556,202.743026010644,1929.4254778397124,2544.5519277230223,98.17118950051002,88.98584690629222,728.0737472142583,5.318737928504036,1265,-3.000004034500551,-6.266834130616574
283,225.035,9.475089342203052,2542.0988737137486,202.72814876235498,1929.4305446659978,2544.551812198292,98.17114273879285,88.98133779429288,727.9951291660011,5.318984803940117,1265,-3.0000040489812796,-6.266190681469297
284,225.045,9.475594372837588,2542.09870766302,202.71327764218836,1929.4356112443393,2544.5516966722757,98.17109597696762,88.9768298350887,727.9165151039778,5.319231666860048,1265,-3.0000040634619474,-6.265547302989864
285,225.05499999999998,9.476099330668395,2542.098541603277,202.6984126471382,1929.4406775747987,2544.551581144978,98.17104921503432,88.97232302821497,727.8379050271685,5.319478517267033,1265,-3.0000040779425543,-6.264903995166341
286,225.065,9.4766042157146,2542.098375534524,202.68355377412905,1929.445743657442,2544.5514656163964,98.17100245299294,88.9678173732073,727.7592989345542,5.319725355164269,1265,-3.000004092423099,-6.2642607579868
287,225.075,9.477109027995306,2542.0982094567667,202.66870101992083,1929.4508094923335,2544.5513500865336,98.17095569084353,88.9633128696015,727.6806968251157,5.319972180554955,1265,-3.000004106903583,-6.263617591439305
288,225.08499999999998,9.477613767529618,2542.0980433700074,202.65385438165112,1929.4558750795375,2544.5512345553875,98.17090892858607,88.95880951693361,727.6020986978348,5.320218993442287,1265,-3.0000041213840047,-6.262974495511929
289,225.09499999999997,9.478118434336633,2542.0978772742533,202.63901385610154,1929.4609404191174,2544.5511190229604,98.17086216622057,88.95430731473992,727.5235045516932,5.320465793829465,1265,-3.0000041358643648,-6.262331470192745
290,225.105,9.478623028435438,2542.097711169506,202.62417944023744,1929.4660055111372,2544.55100348925,98.17081540374704,88.94980626255693,727.4449143856734,5.320712581719679,1265,-3.000004150344662,-6.261688515469815
291,225.11499999999998,9.479127549845133,2542.097545055773,202.60935113096198,1929.4710703556627,2544.5508879542585,98.17076864116547,88.9453063599214,727.3663281987582,5.320959357116125,1265,-3.000004164824898,-6.261045631331204
292,225.12499999999997,9.479631998584793,2542.0973789330587,202.59452892511183,1929.4761349527569,2544.5507724179856,98.17072187847589,88.94080760637029,727.2877459899307,5.321206120021994,1265,-3.000004179305071,-6.260402817764981
293,225.135,9.480136374673505,2542.097212801366,202.57971281972092,1929.4811993024848,2544.5506568804312,98.17067511567828,88.9363100014408,727.2091677581745,5.321452870440477,1265,-3.000004193785181,-6.259760074759214
294,225.14499999999998,9.480640678130335,2542.0970466607023,202.5649028116315,1929.4862634049098,2544.5505413415976,98.17062835277265,88.9318135446704,727.1305935024736,5.321699608374764,1265,-3.0000042082652274,-6.259117402301962
295,225.15499999999997,9.481144908974352,2542.0968805110683,202.55009889787186,1929.4913272600959,2544.550425801481,98.17058158975901,88.92731823559674,727.0520232218124,5.321946333828041,1265,-3.0000042227452117,-6.2584748003813
296,225.165,9.481649067224627,2542.096714352473,202.535301075245,1929.4963908681075,2544.550310260086,98.17053482663738,88.92282407375774,726.9734569151757,5.322193046803498,1265,-3.000004237225132,-6.25783226898528
297,225.17499999999998,9.48215315290021,2542.096548184918,202.5205093407165,1929.5014542290085,2544.55019471741,98.17048806340776,88.91833105869152,726.8948945815487,5.322439747304318,1265,-3.0000042517049885,-6.257189808101972
298,225.18499999999997,9.482657166020166,2542.096382008411,202.505723691349,1929.5065173428638,2544.550079173455,98.17044130007012,88.91383918993645,726.8163362199172,5.3226864353336865,1265,-3.0000042661847814,-6.256547417719434
299,225.195,9.48316110660354,2542.096215822953,202.49094412390605,1929.5115802097368,2544.549963628219,98.1703945366245,88.90934846703115,726.7377818292669,5.322933110894787,1265,-3.0000042806645104,-6.255905097825735
300,225.20499999999998,9.483664974669367,2542.096049628551,202.47617063540505,1929.5166428296902,2544.5498480817046,98.17034777307089,88.90485888951441,726.6592314085846,5.3231797739908,1265,-3.0000042951441745,-6.255262848408928
301,225.21499999999997,9.484168770236703,2542.09588342521,202.46140322275295,1929.5217052027904,2544.5497325339115,98.1703010094093,88.90037045692533,726.5806849568569,5.323426424624906,1265,-3.0000043096237747,-6.254620669457074
302,225.225,9.484672493324572,2542.0957172129324,202.4466418829319,1929.5267673290991,2544.5496169848384,98.17025424563975,88.89588316880317,726.5021424730711,5.323673062800286,1265,-3.0000043241033105,-6.253978560958234
303,225.23499999999999,9.485176143952005,2542.0955509917276,202.43188661284782,1929.5318292086815,2544.5495014344892,98.17020748176223,88.89139702468748,726.423603956215,5.3239196885201165,1265,-3.0000043385827806,-6.253336522900456
304,225.24499999999998,9.485679722138032,2542.0953847615942,202.41713740934725,1929.536890841601,2544.5493858828604,98.17016071777675,88.886912024118,726.3450694052766,5.324166301787574,1265,-3.000004353062186,-6.252694555271825
305,225.255,9.486183227901671,2542.095218522541,202.40239426951226,1929.5419522279221,2544.5492703299537,98.17011395368333,88.88242816663471,726.2665388192444,5.324412902605835,1265,-3.0000043675415258,-6.252052658060377
306,225.265,9.486686661261935,2542.09505227457,202.38765719028714,1929.5470133677077,2544.549154775769,98.17006718948194,88.87794545177785,726.1880121971072,5.324659490978073,1265,-3.0000043820208,-6.251410831254179
307,225.27499999999998,9.487190022237833,2542.0948860176886,202.3729261685217,1929.552074261022,2544.549039220307,98.1700204251726,88.87346387908782,726.1094895378544,5.3249060669074595,1265,-3.0000043965000085,-6.250769074841285
308,225.285,9.48769331084838,2542.094719751901,202.35820120128915,1929.5571349079294,2544.5489236635685,98.1699736607553,88.86898344810533,726.0309708404758,5.3251526303971675,1265,-3.0000044109791513,-6.2501273888097435
309,225.295,9.488196527112567,2542.0945534772086,202.34348228540145,1929.5621953084926,2544.5488081055523,98.16992689623008,88.86450415837128,725.9524561039613,5.325399181450366,1265,-3.0000044254582274,-6.249485773147625
310,225.30499999999998,9.488699671049392,2542.0943871936206,202.32876941793066,1929.5672554627752,2544.54869254626,98.16988013159693,88.86002600942679,725.8739453273015,5.325645720070225,1265,-3.0000044399372374,-6.248844227842965
311,225.315,9.489202742677845,2542.094220901138,202.31406259571236,1929.5723153708414,2544.5485769856905,98.16983336685587,88.85554900081324,725.7954385094874,5.325892246259913,1265,-3.000004454416181,-6.2482027528838335
312,225.325,9.489705742016916,2542.0940545997673,202.2993618158252,1929.5773750327553,2544.5484614238453,98.16978660200687,88.85107313207222,725.7169356495103,5.326138760022596,1265,-3.0000044688950576,-6.247561348258287
313,225.33499999999998,9.490208669085584,2542.093888289513,202.28466707526243,1929.58243444858,2544.548345860724,98.16973983704996,88.84659840274556,725.6384367463619,5.3263852613614375,1265,-3.0000044833738677,-6.24692001395436
314,225.34499999999997,9.490711523902831,2542.0937219703796,202.2699783707654,1929.5874936183804,2544.548230296328,98.16969307198515,88.84212481237529,725.5599417990343,5.326631750279603,1265,-3.0000044978526104,-6.246278749960115
315,225.355,9.49121430648762,2542.0935556423715,202.2552956995168,1929.5925525422178,2544.5481147306555,98.16964630681244,88.8376523605037,725.48145080652,5.326878226780254,1265,-3.0000045123312846,-6.245637556263601
316,225.36499999999998,9.491717016858916,2542.093389305494,202.24061905837453,1929.5976112201565,2544.5479991637085,98.16959954153184,88.8331810466733,725.4029637678121,5.327124690866553,1265,-3.0000045268098927,-6.244996432852866
317,225.37499999999997,9.492219655035694,2542.0932229597506,202.2259484442433,1929.6026696522615,2544.5478835954864,98.16955277614332,88.82871087042685,725.3244806819039,5.327371142541659,1265,-3.000004541288432,-6.244355379715975
318,225.385,9.4927222210369,2542.0930566051475,202.2112838542639,1929.607727838595,2544.5477680259905,98.16950601064693,88.82424183130729,725.2460015477892,5.327617581808732,1265,-3.0000045557669037,-6.243714396840955
319,225.39499999999998,9.49322471488149,2542.092890241688,202.19662528530137,1929.612785779221,2544.54765245522,98.16945924504265,88.81977392885783,725.1675263644621,5.327864008670928,1265,-3.000004570245307,-6.243073484215877
320,225.40499999999997,9.493727136588406,2542.092723869378,202.18197273430866,1929.617843474202,2544.5475368831753,98.1694124793305,88.8153071626219,725.0890551309171,5.328110423131405,1265,-3.000004584723642,-6.242432641828769
321,225.415,9.494229486176597,2542.0925574882203,202.16732619830213,1929.6229009236026,2544.5474213098564,98.16936571351044,88.81084153214314,725.0105878461493,5.328356825193317,1265,-3.000004599201908,-6.241791869667701
322,225.42499999999998,9.494731763665003,2542.0923910982215,202.15268567429584,1929.6279581274864,2544.547305735265,98.16931894758254,88.80637703696546,724.932124509154,5.328603214859818,1265,-3.0000046136801055,-6.2411511677207026
323,225.43499999999997,9.495233969072542,2542.0922246993855,202.1380511591341,1929.6330150859146,2544.5471901594005,98.16927218154679,88.80191367663294,724.8536651189271,5.32884959213406,1265,-3.000004628158234,-6.240510535975826
324,225.445,9.495736102418157,2542.092058291715,202.1234226499765,1929.6380717989534,2544.5470745822618,98.16922541540315,88.7974514506899,724.7752096744647,5.329095957019195,1265,-3.0000046426362927,-6.2398699744211195
325,225.45499999999998,9.496238163720763,2542.0918918752186,202.1088001436253,1929.643128266664,2544.5469590038515,98.16917864915168,88.79299035868097,724.6967581747633,5.329342309518371,1265,-3.000004657114282,-6.239229483044626
326,225.46499999999997,9.496740152999285,2542.0917254498963,202.0941836371708,1929.6481844891118,2544.5468434241675,98.16913188279236,88.78853040015086,724.61831061882,5.32958864963474,1265,-3.0000046715922024,-6.238589061834389
327,225.475,9.497242070272629,2542.091559015756,202.07957312758424,1929.6532404663578,2544.5467278432116,98.1690851163252,88.78407157464466,724.5398670056321,5.329834977371447,1265,-3.000004686070052,-6.237948710778462
328,225.48499999999999,9.49774391555971,2542.091392572801,202.06496861179681,1929.658296198467,2544.5466122609837,98.16903834975021,88.77961388170759,724.4614273341975,5.330081292731638,1265,-3.0000047005478323,-6.237308429864876
329,225.49499999999998,9.498245688879427,2542.091226121036,202.05037008687734,1929.6633516855022,2544.5464966774834,98.1689915830674,88.77515732088511,724.3829916035145,5.330327595718458,1265,-3.000004715025542,-6.236668219081681
330,225.505,9.49874739025068,2542.0910596604676,202.0357775497947,1929.668406927526,2544.5463810927135,98.16894481627673,88.77070189172296,724.3045598125815,5.330573886335053,1265,-3.00000472950318,-6.236028078416915
331,225.515,9.49924901969236,2542.0908931910967,202.02119099752244,1929.673461924602,2544.546265506671,98.16889804937826,88.76624759376705,724.2261319603975,5.330820164584561,1265,-3.0000047439807487,-6.235388007858626
332,225.52499999999998,9.499750577223363,2542.090726712932,202.00661042702816,1929.6785166767938,2544.5461499193584,98.16885128237199,88.76179442656353,724.1477080459621,5.331066430470127,1265,-3.000004758458246,-6.23474800739485
333,225.535,9.500252062862565,2542.090560225975,201.99203583532417,1929.6835711841632,2544.546034330775,98.16880451525788,88.75734238965877,724.0692880682749,5.331312683994889,1265,-3.0000047729356725,-6.234108077013629
334,225.545,9.500753476628846,2542.0903937302305,201.97746721938427,1929.688625446774,2544.5459187409206,98.16875774803597,88.7528914825994,723.9908720263361,5.3315589251619855,1265,-3.0000047874130273,-6.233468216703011
335,225.55499999999998,9.501254818541089,2542.090227225706,201.96290457632202,1929.69367946469,2544.5458031497974,98.16871098070628,88.74844170493223,723.9124599191465,5.331805153974554,1265,-3.000004801890311,-6.232828426451018
336,225.565,9.501756088618164,2542.0900607124013,201.9483479030446,1929.6987332379747,2544.5456875574027,98.16866421326877,88.74399305620436,723.8340517457068,5.332051370435731,1265,-3.000004816367522,-6.23218870624571
337,225.575,9.502257286878923,2542.0898941903247,201.93379719657543,1929.7037867666888,2544.5455719637384,98.1686174457235,88.73954553596306,723.7556475050188,5.332297574548652,1265,-3.0000048308446625,-6.231549056075111
338,225.58499999999998,9.502758413342232,2542.0897276594806,201.91925245377374,1929.7088400508967,2544.5454563688063,98.16857067807044,88.73509914375583,723.6772471960841,5.332543766316449,1265,-3.00000484532173,-6.230909475927261
339,225.59499999999997,9.50325946802695,2542.0895611198725,201.90471367196807,1929.7138930906617,2544.5453407726045,98.1685239103096,88.73065387913041,723.5988508179048,5.332789945742253,1265,-3.000004859798725,-6.230269965790207
340,225.605,9.503760450951932,2542.0893945715043,201.89018084788475,1929.718945886047,2544.545225175133,98.16847714244096,88.7262097416348,723.5204583694837,5.333036112829199,1265,-3.000004874275648,-6.229630525651974
341,225.61499999999998,9.504261362136004,2542.0892280143817,201.8756539786589,1929.7239984371136,2544.545109576393,98.16843037446459,88.72176673081714,723.4420698498237,5.333282267580414,1265,-3.000004888752498,-6.228991155500596
342,225.62499999999997,9.504762201598028,2542.0890614485097,201.8611330612234,1929.7290507439268,2544.5449939763853,98.16838360638044,88.71732484622588,723.3636852579284,5.333528409999027,1265,-3.0000049032292746,-6.228351855324123
343,225.635,9.505262969356828,2542.0888948738925,201.84661809267354,1929.734102806548,2544.54487837511,98.16833683818854,88.71288408740963,723.2853045928014,5.333774540088166,1265,-3.0000049177059784,-6.227712625110582
344,225.64499999999998,9.505763665431243,2542.088728290533,201.83210907008532,1929.739154625041,2544.544762772565,98.16829006988887,88.7084444539173,723.2069278534469,5.334020657850957,1265,-3.000004932182609,-6.2270734648480035
345,225.65499999999997,9.506264289840088,2542.088561698438,201.81760599028993,1929.7442061994673,2544.5446471687533,98.16824330148145,88.70400594529796,723.1285550388696,5.334266763290523,1265,-3.000004946659166,-6.226434374524429
346,225.665,9.50676484260219,2542.0883950976104,201.8031088503762,1929.7492575298909,2544.544531563674,98.1681965329663,88.69956856110093,723.0501861480745,5.334512856409988,1265,-3.000004961135649,-6.225795354127892
347,225.67499999999998,9.507265323736366,2542.088228488057,201.78861764741882,1929.7543086163737,2544.5444159573285,98.16814976434343,88.69513230087573,722.9718211800672,5.334758937212476,1265,-3.0000049756120584,-6.225156403646423
348,225.68499999999997,9.507765733261431,2542.0880618697815,201.7741323784293,1929.7593594589796,2544.5443003497167,98.1681029956128,88.69069716417214,722.8934601338531,5.335005005701106,1265,-3.000004990088393,-6.224517523068046
349,225.695,9.508266071196187,2542.087895242787,201.75965304042,1929.7644100577704,2544.544184740837,98.16805622677445,88.68626315054014,722.8151030084385,5.335251061878999,1265,-3.0000050045646534,-6.223878712380808
350,225.70499999999998,9.508766337559441,2542.0877286070786,201.74517963038835,1929.7694604128092,2544.5440691306917,98.16800945782838,88.68183025952997,722.7367498028303,5.335497105749273,1265,-3.00000501904084,-6.223239971572724
351,225.71499999999997,9.509266532369987,2542.0875619626604,201.73071214537504,1929.774510524159,2544.5439535192786,98.16796268877458,88.67739849069206,722.6584005160353,5.335743137315045,1265,-3.000005033516951,-6.222601300631846
352,225.725,9.509766655646613,2542.0873953095393,201.71625058248398,1929.7795603918817,2544.5438379066018,98.1679159196131,88.67296784357706,722.5800551470608,5.335989156579431,1265,-3.000005047992987,-6.221962699546183
353,225.73499999999999,9.510266707408112,2542.0872286477197,201.7017949385805,1929.7846100160398,2544.5437222926603,98.16786915034388,88.66853831773585,722.5017136949148,5.336235163545547,1265,-3.0000050624689485,-6.2213241683037745
354,225.74499999999998,9.510766687673268,2542.087061977203,201.68734521088666,1929.7896593966968,2544.5436066774523,98.16782238096697,88.66410991271957,722.4233761586053,5.336481158216506,1265,-3.000005076944834,-6.220685706892649
355,225.755,9.511266596460855,2542.086895297995,201.67290139631058,1929.794708533915,2544.5434910609783,98.16777561148238,88.65968262807954,722.345042537141,5.336727140595418,1265,-3.0000050914206438,-6.2200473153008335
356,225.765,9.511766433789644,2542.086728610101,201.65846349189897,1929.7997574277558,2544.5433754432406,98.16772884189008,88.6552564633673,722.2667128295309,5.336973110685397,1265,-3.000005105896378,-6.219408993516369
357,225.77499999999998,9.51226619967841,2542.0865619135257,201.6440314947599,1929.8048060782835,2544.5432598242373,98.1676820721901,88.65083141813466,722.1883870347843,5.337219068489552,1265,-3.000005120372037,-6.218770741527264
358,225.785,9.512765894145913,2542.086395208274,201.62960540191793,1929.8098544855595,2544.5431442039717,98.16763530238244,88.64640749193359,722.1100651519112,5.33746501401099,1265,-3.000005134847619,-6.2181325593215515
359,225.795,9.513265517210915,2542.0862284943487,201.61518521038397,1929.8149026496471,2544.5430285824405,98.1675885324671,88.64198468431634,722.0317471799215,5.33771094725282,1265,-3.000005149323125,-6.217494446887262
360,225.80499999999998,9.513765068892162,2542.086061771756,201.60077091716613,1929.819950570608,2544.542912959646,98.16754176244412,88.63756299483536,721.9534331178259,5.337956868218146,1265,-3.0000051637985536,-6.216856404212421
361,225.815,9.514264549208413,2542.0858950405,201.5863625193975,1929.824998248505,2544.542797335589,98.16749499231345,88.63314242304331,721.8751229646352,5.338202776910077,1265,-3.0000051782739066,-6.216218431285043
362,225.825,9.514763958178408,2542.085728300585,201.57196001409562,1929.8300456834008,2544.542681710268,98.16744822207512,88.62872296849311,721.796816719361,5.338448673331712,1265,-3.0000051927491818,-6.2155805280931675
363,225.83499999999998,9.51526329582088,2542.0855615520145,201.5575633982733,1929.8350928753562,2544.5425660836836,98.16740145172916,88.62430463073785,721.718514381015,5.338694557486155,1265,-3.0000052072243797,-6.214942694624818
364,225.84499999999997,9.515762562154569,2542.0853947947953,201.5431726689926,1929.8401398244353,2544.5424504558378,98.16735468127554,88.6198874093309,721.6402159486092,5.338940429376508,1265,-3.000005221699501,-6.214304930868017
365,225.855,9.516261757198208,2542.0852280289287,201.5287878233021,1929.8451865307002,2544.5423348267277,98.16730791071427,88.6154713038258,721.5619214211565,5.339186289005868,1265,-3.0000052361745437,-6.213667236810781
366,225.86499999999998,9.516760880970516,2542.0850612544227,201.5144088583418,1929.850232994212,2544.542219196357,98.16726114004537,88.61105631377633,721.4836307976695,5.3394321363773365,1265,-3.0000052506495094,-6.213029612441135
367,225.87499999999997,9.517259933490221,2542.0848944712798,201.50003577109453,1929.855279215035,2544.542103564724,98.16721436926883,88.60664243873651,721.4053440771618,5.33967797149401,1265,-3.000005265124398,-6.212392057747109
368,225.885,9.517758914776028,2542.0847276795057,201.48566855856762,1929.8603251932293,2544.541987931829,98.16716759838468,88.60222967826057,721.327061258647,5.339923794358985,1265,-3.0000052795992067,-6.211754572716718
369,225.89499999999998,9.518257824846659,2542.0845608791037,201.47130721793752,1929.865370928859,2544.541872297673,98.16712082739288,88.59781803190295,721.2487823411391,5.340169604975354,1265,-3.000005294073938,-6.2111171573379815
370,225.90499999999997,9.518756663720808,2542.084394070079,201.45695174616867,1929.8704164219844,2544.541756662255,98.16707405629347,88.59340749921834,721.1705073236527,5.340415403346213,1265,-3.00000530854859,-6.210479811598928
371,225.915,9.519255431417186,2542.0842272524355,201.44260214042077,1929.8754616726694,2544.5416410255766,98.16702728508645,88.58899807976162,721.0922362052029,5.340661189474653,1265,-3.0000053230231636,-6.209842535487573
372,225.92499999999998,9.51975412795448,2542.0840604261784,201.42825839763572,1929.8805066809748,2544.5415253876376,98.16698051377182,88.58458977308793,721.0139689848048,5.340906963363767,1265,-3.000005337497658,-6.20920532899194
373,225.93499999999997,9.520252753351391,2542.083893591312,201.4139205149883,1929.8855514469644,2544.541409748438,98.16693374234958,88.58018257875256,720.9357056614741,5.341152725016643,1265,-3.0000053519720735,-6.208568192100044
374,225.945,9.520751307626599,2542.083726747842,201.39958848947492,1929.8905959706983,2544.5412941079794,98.16688697081976,88.57577649631111,720.8574462342272,5.34139847443637,1265,-3.00000536644641,-6.207931124799909
375,225.95499999999998,9.521249790798791,2542.0835598957688,201.38526231823775,1929.8956402522406,2544.5411784662588,98.16684019918233,88.57137152531934,720.7791907020803,5.341644211626037,1265,-3.0000053809206664,-6.207294127079553
376,225.96499999999997,9.521748202886636,2542.083393035102,201.3709419982733,1929.9006842916517,2544.5410628232803,98.16679342743733,88.56696766533327,720.7009390640503,5.341889936588729,1265,-3.0000053953948433,-6.206657198926984
377,225.975,9.522246543908812,2542.0832261658434,201.3566275267407,1929.9057280889947,2544.540947179042,98.16674665558473,88.56256491590908,720.6226913191547,5.342135649327532,1265,-3.0000054098689404,-6.206020340330232
378,225.98499999999999,9.522744813883982,2542.083059287997,201.3423189006137,1929.9107716443305,2544.540831533544,98.16669988362457,88.55816327660324,720.5444474664108,5.342381349845528,1265,-3.0000054243429566,-6.205383551277311
379,225.99499999999998,9.523243012830813,2542.082892401569,201.32801611709218,1929.9158149577218,2544.540715886788,98.16665311155683,88.5537627469724,720.466207504837,5.3426270381458005,1265,-3.000005438816893,-6.204746831756239
380,226.005,9.52374114076796,2542.0827255065615,201.31371917317938,1929.9208580292302,2544.5406002387713,98.16660633938152,88.54936332657346,720.3879714334516,5.34287271423143,1265,-3.0000054532907487,-6.204110181755032
381,226.015,9.524239197714083,2542.0825586029823,201.29942806591413,1929.9259008589195,2544.5404845894986,98.16655956709866,88.5449650149635,720.3097392512735,5.343118378105498,1265,-3.0000054677645243,-6.203473601261695
382,226.02499999999998,9.524737183687817,2542.082391690834,201.28514279244092,1929.9309434468482,2544.5403689389673,98.16651279470824,88.54056781169984,720.2315109573219,5.343364029771082,1265,-3.0000054822382185,-6.202837090264257
383,226.035,9.52523509870782,2542.0822247701203,201.27086334987953,1929.935985793081,2544.5402532871776,98.16646602221029,88.53617171634004,720.1532865506165,5.3436096692312605,1265,-3.0000054967118315,-6.202200648750718
384,226.045,9.52573294279272,2542.082057840847,201.2565897352288,1929.9410278976786,2544.5401376341297,98.16641924960477,88.53177672844187,720.0750660301771,5.343855296489109,1265,-3.000005511185363,-6.201564276709113
385,226.05499999999998,9.526230715961157,2542.081890903018,201.24232194566824,1929.946069760704,2544.5400219798253,98.16637247689172,88.52738284756327,719.9968493950244,5.344100911547703,1265,-3.000005525658813,-6.200927974127444
386,226.065,9.526728418231754,2542.0817239566386,201.22805997820075,1929.9511113822164,2544.539906324264,98.16632570407113,88.52299007326248,719.9186366441792,5.344346514410117,1265,-3.000005540132182,-6.20029174099372
387,226.075,9.527226049623138,2542.0815570017126,201.21380383000744,1929.95615276228,2544.5397906674457,98.16627893114303,88.51859840509789,719.8404277766624,5.344592105079424,1265,-3.000005554605468,-6.199655577295958
388,226.08499999999998,9.527723610153933,2542.081390038243,201.19955349809717,1929.9611939009558,2544.53967500937,98.16623215810736,88.51420784262817,719.7622227914959,5.344837683558694,1265,-3.0000055690786724,-6.199019483022174
389,226.09499999999997,9.528221099842744,2542.081223066237,201.18530897957066,1929.966234798305,2544.539559350039,98.16618538496421,88.50981838541216,719.6840216877016,5.3450832498509975,1265,-3.0000055835517947,-6.198383458160375
390,226.105,9.528718518708187,2542.081056085698,201.17107027158033,1929.97127545439,2544.5394436894517,98.16613861171354,88.50543003300892,719.6058244643017,5.345328803959404,1265,-3.0000055980248344,-6.197747502698576
391,226.11499999999998,9.52921586676887,2542.0808890966296,201.15683737123763,1929.9763158692726,2544.539328027608,98.16609183835534,88.5010427849778,719.527631120319,5.345574345886982,1265,-3.0000056124977914,-6.197111616624788
392,226.12499999999997,9.529713144043386,2542.080722099036,201.14261027558362,1929.9813560430136,2544.5392123645083,98.16604506488964,88.49665664087826,719.4494416547769,5.345819875636797,1265,-3.000005626970665,-6.19647579992702
393,226.135,9.530210350550337,2542.0805550929235,201.12838898179882,1929.9863959756756,2544.5390967001545,98.16599829131644,88.49227160027006,719.3712560666987,5.346065393211915,1265,-3.000005641443456,-6.195840052593282
394,226.14499999999998,9.530707486308312,2542.080388078296,201.1141734868041,1929.9914356673198,2544.538981034546,98.16595151763575,88.48788766271315,719.2930743551084,5.346310898615399,1265,-3.0000056559161634,-6.195204374611583
395,226.15499999999997,9.531204551335899,2542.080221055156,201.0999637879272,1929.9964751180084,2544.538865367681,98.16590474384758,88.48350482776767,719.2148965190303,5.346556391850312,1265,-3.000005670388788,-6.194568765969939
396,226.165,9.531701545651671,2542.080054023511,201.085759882161,1930.0015143278015,2544.5387496995627,98.16585796995192,88.47912309499407,719.1367225574891,5.346801872919716,1265,-3.000005684861328,-6.193933226656345
397,226.17499999999998,9.532198469274213,2542.079886983363,201.07156176665862,1930.0065532967621,2544.538634030189,98.16581119594879,88.47474246395291,719.0585524695099,5.347047341826673,1265,-3.0000056993337845,-6.1932977566588265
398,226.18499999999997,9.532695322222088,2542.079719934718,201.05736943850735,1930.0115920249498,2544.538518359562,98.16576442183819,88.47036293420503,718.9803862541182,5.347292798574239,1265,-3.000005713806157,-6.192662355965379
399,226.195,9.533192104513871,2542.0795528775793,201.04318289478263,1930.016630512428,2544.5384026876814,98.1657176476201,88.46598450531147,718.9022239103399,5.347538243165475,1265,-3.0000057282784454,-6.192027024564017
400,226.20499999999998,9.533688816168123,2542.0793858119523,201.02900213269783,1930.021668759258,2544.5382870145468,98.16567087329456,88.46160717683347,718.8240654372012,5.347783675603438,1265,-3.0000057427506492,-6.191391762442739
401,226.21499999999997,9.534185457203403,2542.0792187378406,201.01482714929978,1930.026706765501,2544.538171340159,98.16562409886156,88.45723094833255,718.7459108337288,5.348029095891181,1265,-3.000005757222768,-6.190756569589553
402,226.225,9.534682027638254,2542.0790516552483,201.00065794164212,1930.0317445312176,2544.5380556645173,98.1655773243211,88.45285581937037,718.6677600989495,5.3482745040317585,1265,-3.000005771694802,-6.190121445992488
403,226.23499999999999,9.535178527491231,2542.07888456418,200.9864945070121,1930.0367820564697,2544.537939987623,98.16553054967319,88.44848178950885,718.5896132318911,5.348519900028227,1265,-3.0000057861667515,-6.189486391639518
404,226.24499999999998,9.535674956780879,2542.0787174646434,200.97233684237105,1930.041819341319,2544.537824309478,98.16548377491785,88.44410885831013,718.5114702315813,5.348765283883634,1265,-3.0000058006386157,-6.188851406518665
405,226.255,9.536171315525731,2542.078550356638,200.95818494500392,1930.0468563858265,2544.5377086300787,98.16543700005508,88.43973702533654,718.4333310970482,5.349010655601034,1265,-3.0000058151103945,-6.188216490617935
406,226.265,9.536667603744325,2542.0783832401703,200.94403881183285,1930.051893190054,2544.5375929494276,98.16539022508486,88.43536629015067,718.3551958273204,5.3492560151834745,1265,-3.0000058295820877,-6.18758164392532
407,226.27499999999998,9.537163821455188,2542.078216115246,200.9298984401007,1930.0569297540621,2544.537477267526,98.16534345000721,88.43099665231526,718.277064421427,5.349501362634003,1265,-3.0000058440536947,-6.1869468664288405
408,226.285,9.537659968676838,2542.078048981868,200.91576382700825,1930.0619660779118,2544.537361584372,98.16529667482216,88.42662811139334,718.1989368783971,5.349746697955668,1265,-3.000005858525216,-6.186312158116483
409,226.295,9.538156045427806,2542.07788184004,200.90163496959346,1930.067002161666,2544.537245899966,98.16524989952968,88.42226066694813,718.1208131972608,5.3499920211515155,1265,-3.0000058729966517,-6.1856775189762745
410,226.30499999999998,9.538652051726597,2542.077714689769,200.88751186500397,1930.0720380053845,2544.5371302143108,98.16520312412979,88.41789431854305,718.0426933770478,5.350237332224589,1265,-3.000005887468,-6.185042948996194
411,226.315,9.539147987591724,2542.0775475310566,200.87339451032284,1930.0770736091283,2544.537014527403,98.1651563486225,88.41352906574171,717.9645774167891,5.3504826311779325,1265,-3.000005901939262,-6.18440844816426
412,226.325,9.53964385304169,2542.077380363908,200.8592829027274,1930.0821089729595,2544.5368988392447,98.1651095730078,88.40916490810801,717.8864653155152,5.350727918014589,1265,-3.0000059164104376,-6.1837740164684645
413,226.33499999999998,9.540139648095002,2542.07721318833,200.84517703945136,1930.0871440969395,2544.5367831498374,98.1650627972857,88.40480184520602,717.8083570722576,5.350973192737598,1265,-3.000005930881526,-6.183139653896813
414,226.34499999999997,9.540635372770142,2542.0770460043223,200.83107691743803,1930.0921789811273,2544.5366674591783,98.1650160214562,88.40043987660006,717.7302526860481,5.35121845535,1265,-3.000005945352527,-6.182505360437313
415,226.355,9.541131027085612,2542.076878811893,200.81698253405736,1930.0972136255862,2544.5365517672703,98.16496924551932,88.39607900185457,717.6521521559184,5.351463705854833,1265,-3.0000059598234414,-6.18187113607796
416,226.36499999999998,9.541626611059899,2542.076711611047,200.80289388627264,1930.102248030377,2544.5364360741128,98.16492246947507,88.39171922053434,717.5740554809013,5.351708944255136,1265,-3.000005974294268,-6.181236980806744
417,226.37499999999997,9.542122124711474,2542.0765444017857,200.78881097126248,1930.1072821955595,2544.536320379706,98.16487569332342,88.38736053220428,717.4959626600295,5.351954170553943,1265,-3.0000059887650066,-6.180602894611686
418,226.385,9.542617568058823,2542.0763771841157,200.7747337861716,1930.112316121196,2544.53620468405,98.16482891706441,88.38300293642956,717.4178736923361,5.35219938475429,1265,-3.0000060032356575,-6.17996887748077
419,226.39499999999998,9.543112941120409,2542.0762099580406,200.76066232824144,1930.1173498073465,2544.536088987146,98.16478214069805,88.37864643277554,717.339788576855,5.352444586859212,1265,-3.00000601770622,-6.1793349294020015
420,226.40499999999997,9.543608243914708,2542.076042723565,200.7465965944955,1930.122383254073,2544.535973288993,98.16473536422433,88.3742910208078,717.2617073126198,5.352689776871739,1265,-3.000006032176694,-6.178701050363374
421,226.415,9.544103476460178,2542.075875480692,200.7325365821848,1930.1274164614358,2544.5358575895907,98.16468858764324,88.36993670009215,717.1836298986651,5.352934954794905,1265,-3.00000604664708,-6.1780672403529
422,226.42499999999998,9.544598638775275,2542.075708229429,200.71848228839548,1930.1324494294959,2544.5357418889416,98.1646418109548,88.36558347019462,717.1055563340258,5.353180120631737,1265,-3.0000060611173773,-6.177433499358559
423,226.43499999999997,9.545093730878452,2542.0755409697776,200.70443371028773,1930.1374821583145,2544.5356261870443,98.16459503415902,88.36123133068143,717.0274866177368,5.353425274385266,1265,-3.000006075587586,-6.176799827368358
424,226.445,9.54558875278816,2542.0753737017426,200.6903908450635,1930.1425146479519,2544.535510483899,98.1645482572559,88.35688028111902,716.9494207488336,5.353670416058519,1265,-3.0000060900577057,-6.1761662243702995
425,226.45499999999998,9.546083704522836,2542.0752064253306,200.67635368977224,1930.147546898469,2544.5353947795074,98.16450148024543,88.35253032107406,716.8713587263522,5.353915545654523,1265,-3.0000061045277353,-6.17553269035237
426,226.46499999999997,9.546578586100924,2542.0750391405427,200.6623222417654,1930.152578909928,2544.5352790738684,98.16445470312765,88.3481814501134,716.793300549329,5.3541606631763035,1265,-3.000006118997676,-6.174899225302574
427,226.475,9.547073397540855,2542.0748718473847,200.64829649803778,1930.1576106823877,2544.535163366982,98.16440792590254,88.34383366780416,716.7152462168007,5.354405768626885,1265,-3.0000061334675276,-6.174265829208904
428,226.48499999999999,9.547568138861058,2542.074704545861,200.63427645577968,1930.16264221591,2544.5350476588487,98.1643611485701,88.33948697371363,716.637195727804,5.354650862009288,1265,-3.0000061479372886,-6.173632502059366
429,226.49499999999998,9.548062810079953,2542.074537235977,200.6202621122597,1930.167673510555,2544.53493194947,98.16431437113035,88.33514136740932,716.5591490813767,5.354895943326536,1265,-3.0000061624069603,-6.172999243841938
430,226.505,9.548557411215972,2542.0743699177356,200.60625346452525,1930.1727045663847,2544.534816238845,98.1642675935833,88.33079684845897,716.4811062765565,5.35514101258165,1265,-3.0000061768765414,-6.172366054544623
431,226.515,9.54905194228752,2542.074202591142,200.5922505097555,1930.1777353834593,2544.5347005269746,98.16422081592894,88.32645341643051,716.4030673123815,5.355386069777648,1265,-3.000006191346032,-6.1717329341554175
432,226.52499999999998,9.549546403313004,2542.0740352561997,200.57825324521934,1930.182765961838,2544.5345848138577,98.16417403816729,88.3221110708921,716.3250321878904,5.355631114917549,1265,-3.0000062058154326,-6.171099882662318
433,226.535,9.550040794310837,2542.0738679129126,200.56426166797817,1930.1877963015836,2544.5344690994957,98.16412726029833,88.31776981141213,716.2470009021222,5.355876148004369,1265,-3.0000062202847415,-6.170466900053323
434,226.545,9.550535115299413,2542.0737005612887,200.55027577519272,1930.192826402755,2544.53435338389,98.16408048232208,88.31342963755917,716.1689734541162,5.356121169041124,1265,-3.0000062347539607,-6.169833986316402
435,226.55499999999998,9.551029366297133,2542.0735332013273,200.5362955641307,1930.197856265414,2544.534237667038,98.16403370423856,88.30909054890199,716.0909498429121,5.35636617803083,1265,-3.000006249223088,-6.1692011414395775
436,226.565,9.55152354732239,2542.073365833036,200.5223210319597,1930.2028858896215,2544.5341219489414,98.16398692604776,88.30475254500965,716.0129300675501,5.356611174976497,1265,-3.000006263692124,-6.168568365410829
437,226.575,9.552017658393556,2542.073198456419,200.50835217579078,1930.2079152754359,2544.5340062296013,98.16394014774966,88.30041562545134,715.9349141270708,5.356856159881141,1265,-3.0000062781610692,-6.167935658218145
438,226.58499999999998,9.552511699529028,2542.0730310714785,200.49438899287043,1930.21294442292,2544.5338905090166,98.16389336934432,88.29607978979651,715.8569020205148,5.357101132747771,1265,-3.0000062926299216,-6.167303019849532
439,226.59499999999997,9.553005670747178,2542.0728636782214,200.48043148032315,1930.2179733321334,2544.5337747871886,98.16384659083171,88.29174503761479,715.7788937469236,5.3573460935793955,1265,-3.0000063070986824,-6.166670450292964
440,226.605,9.553499572066375,2542.0726962766507,200.46647963534355,1930.2230020031366,2544.5336590641173,98.16379981221183,88.28741136847607,715.7008893053386,5.357591042379025,1265,-3.0000063215673523,-6.166037949536447
441,226.61499999999998,9.55399340350499,2542.0725288667695,200.45253345519106,1930.2280304359906,2544.5335433398013,98.16375303348471,88.2830787819504,715.622888694802,5.357835979149665,1265,-3.000006336035929,-6.1654055175679705
442,226.62499999999997,9.554487165081385,2542.072361448585,200.43859293692188,1930.2330586307557,2544.533427614243,98.16370625465035,88.27874727760808,715.5448919143562,5.358080903894322,1265,-3.0000063505044134,-6.164773154375512
443,226.635,9.554980856813916,2542.0721940221,200.42465807789995,1930.2380865874916,2544.5333118874423,98.16365947570873,88.27441685501958,715.4668989630438,5.358325816616004,1265,-3.000006364972805,-6.164140859947081
444,226.64499999999998,9.555474478720937,2542.072026587319,200.41072887513164,1930.2431143062588,2544.5331961593993,98.16361269665985,88.27008751375566,715.3889098399083,5.35857071731771,1265,-3.0000063794411043,-6.163508634270654
445,226.65499999999997,9.555968030820795,2542.0718591442455,200.3968053258731,1930.2481417871184,2544.5330804301125,98.16356591750377,88.26575925338717,715.3109245439929,5.358815606002446,1265,-3.000006393909311,-6.162876477334228
446,226.665,9.556461513131833,2542.0716916928864,200.38288742740406,1930.2531690301296,2544.532964699586,98.16351913824045,88.26143207348531,715.2329430743418,5.359060482673212,1265,-3.000006408377423,-6.1622443891257825
447,226.67499999999998,9.556954925672395,2542.0715242332426,200.36897517681345,1930.2581960353543,2544.5328489678154,98.16347235886991,88.25710597362139,715.1549654299992,5.359305347333009,1265,-3.000006422845443,-6.161612369633323
448,226.68499999999997,9.557448268460814,2542.0713567653206,200.3550685712977,1930.2632228028517,2544.5327332348043,98.16342557939215,88.252780953367,715.0769916100096,5.359550199984834,1265,-3.0000064373133686,-6.1609804188448285
449,226.695,9.557941541515413,2542.071189289124,200.34116760815186,1930.268249332682,2544.5326175005516,98.16337879980718,88.24845701229384,714.9990216134183,5.3597950406316865,1265,-3.0000064517812013,-6.160348536748283
450,226.70499999999998,9.558434744854527,2542.0710218046565,200.32727228448135,1930.2732756249068,2544.5325017650575,98.16333202011499,88.24413414997397,714.9210554392706,5.360039869276562,1265,-3.000006466248939,-6.1597167233316865
451,226.71499999999997,9.558927878496464,2542.0708543119235,200.31338259749614,1930.2783016795843,2544.532386028323,98.16328524031562,88.23981236597955,714.8430930866124,5.3602846859224575,1265,-3.0000064807165834,-6.159084978583026
452,226.725,9.559420942459548,2542.07068681093,200.29949854450302,1930.2833274967763,2544.532270290348,98.16323846040903,88.23549165988294,714.7651345544898,5.360529490572366,1265,-3.000006495184133,-6.158453302490273
453,226.73499999999999,9.559913936762086,2542.070519301678,200.2856201225601,1930.2883530765416,2544.532154551132,98.16319168039526,88.23117203125682,714.6871798419495,5.360774283229282,1265,-3.0000065096515884,-6.157821695041436
454,226.74499999999998,9.560406861422388,2542.0703517841735,200.27174732896142,1930.2933784189418,2544.5320388106766,98.16314490027429,88.22685347967395,714.6092289480383,5.361019063896195,1265,-3.0000065241189495,-6.157190156224482
455,226.755,9.560899716458751,2542.070184258419,200.25788016088558,1930.2984035240365,2544.5319230689793,98.16309812004614,88.22253600470741,714.5312818718037,5.361263832576097,1265,-3.000006538586215,-6.156558686027422
456,226.765,9.56139250188947,2542.0700167244227,200.24401861561267,1930.3034283918848,2544.531807326045,98.16305133971083,88.21821960593043,714.4533386122932,5.361508589271977,1265,-3.000006553053386,-6.155927284438211
457,226.77499999999998,9.561885217732849,2542.069849182184,200.23016269024788,1930.3084530225497,2544.53169158187,98.16300455926834,88.21390428291646,714.3753991685551,5.361753333986824,1265,-3.0000065675204617,-6.155295951444859
458,226.785,9.562377864007154,2542.069681631711,200.21631238207564,1930.3134774160872,2544.531575836456,98.16295777871869,88.20959003523915,714.2974635396376,5.361998066723625,1265,-3.0000065819874417,-6.154664687035347
459,226.795,9.562870440730684,2542.0695140730054,200.2024676883048,1930.31850157256,2544.531460089803,98.16291099806185,88.2052768624724,714.2195317245898,5.362242787485365,1265,-3.0000065964543263,-6.15403349119765
460,226.80499999999998,9.563362947921712,2542.069346506074,200.18862860612722,1930.3235254920285,2544.531344341912,98.16286421729787,88.20096476419029,714.1416037224609,5.362487496275029,1265,-3.0000066109211163,-6.153402363919767
461,226.815,9.563855385598508,2542.0691789309194,200.17479513273517,1930.32854917455,2544.5312285927826,98.16281743642672,88.19665373996709,714.0636795323004,5.362732193095601,1265,-3.000006625387809,-6.152771305189672
462,226.825,9.564347753779348,2542.069011347546,200.16096726542185,1930.3335726201879,2544.5311128424146,98.16277065544844,88.19234378937735,713.9857591531583,5.3629768779500635,1265,-3.000006639854406,-6.152140314995357
463,226.83499999999998,9.564840052482483,2542.0688437559584,200.14714500140377,1930.338595828999,2544.530997090809,98.16272387436301,88.18803491199573,713.9078425840847,5.363221550841397,1265,-3.0000066543209063,-6.151509393324806
464,226.84499999999997,9.565332281726182,2542.0686761561606,200.13332833778196,1930.343618801045,2544.530881337965,98.16267709317044,88.1837271073972,713.8299298241308,5.363466211772582,1265,-3.00000666878731,-6.15087854016599
465,226.855,9.565824441528699,2542.068508548157,200.11951727188176,1930.3486415363864,2544.530765583885,98.16263031187074,88.17942037515685,713.7520208723473,5.363710860746598,1265,-3.000006683253617,-6.1502477555069115
466,226.86499999999998,9.566316531908276,2542.068340931952,200.1057118010193,1930.3536640350806,2544.530649828567,98.16258353046392,88.17511471485005,713.674115727786,5.363955497766421,1265,-3.000006697719828,-6.149617039335541
467,226.87499999999997,9.566808552883169,2542.06817330755,200.09191192225677,1930.3586862971904,2544.530534072012,98.16253674894998,88.17081012605237,713.5962143894984,5.364200122835028,1265,-3.0000067121859413,-6.148986391639865
468,226.885,9.567300504471598,2542.0680056749557,200.07811763288666,1930.363708322772,2544.530418314221,98.16248996732891,88.16650660833955,713.518316856537,5.364444735955395,1265,-3.000006726651958,-6.148355812407861
469,226.89499999999998,9.567792386691824,2542.0678380341715,200.0643289301649,1930.36873011189,2544.5303025551934,98.16244318560074,88.16220416128753,713.4404231279543,5.364689337130496,1265,-3.000006741117877,-6.147725301627527
470,226.90499999999997,9.56828419956206,2542.0676703852027,200.0505458113162,1930.3737516646001,2544.5301867949283,98.16239640376546,88.15790278447253,713.3625332028033,5.364933926363303,1265,-3.0000067555836982,-6.1470948592868275
471,226.915,9.568775943100533,2542.0675027280554,200.03676827352555,1930.3787729809633,2544.5300710334295,98.16234962182307,88.15360247747091,713.2846470801373,5.365178503656788,1265,-3.0000067700494215,-6.146464485373757
472,226.92499999999998,9.569267617325472,2542.0673350627317,200.02299631411998,1930.3837940610401,2544.529955270694,98.16230283977359,88.14930323985928,713.2067647590101,5.3654230690139215,1265,-3.000006784515047,-6.145834179876283
473,226.93499999999997,9.569759222255088,2542.0671673892357,200.0092299302504,1930.3888149048892,2544.5298395067225,98.16225605761701,88.14500507121444,713.1288862384757,5.365667622437674,1265,-3.0000067989805745,-6.145203942782397
474,226.945,9.57025075790759,2542.066999707572,199.9954691192381,1930.3938355125704,2544.529723741516,98.16220927535335,88.14070797111339,713.0510115175887,5.365912163931013,1265,-3.0000068134460034,-6.144573774080085
475,226.95499999999998,9.570742224301194,2542.0668320177465,199.98171387828674,1930.3988558841438,2544.529607975075,98.1621624929826,88.13641193913335,712.9731405954038,5.366156693496905,1265,-3.0000068279113346,-6.143943673757311
476,226.96499999999997,9.571233621454098,2542.066664319761,199.96796420457707,1930.4038760196697,2544.529492207398,98.16211571050478,88.13211697485178,712.8952734709763,5.366401211138317,1265,-3.000006842376566,-6.143313641802079
477,226.975,9.571724949384496,2542.066496613621,199.95422009552982,1930.408895919206,2544.529376438488,98.1620689279199,88.12782307784627,712.817410143362,5.366645716858213,1265,-3.0000068568416993,-6.14268367820234
478,226.98499999999999,9.572216208110587,2542.0663288993305,199.94048154815871,1930.413915582814,2544.5292606683424,98.16202214522795,88.1235302476947,712.7395506116166,5.366890210659556,1265,-3.0000068713067334,-6.142053782946093
479,226.99499999999998,9.572707397650555,2542.0661611768955,199.92674855986604,1930.418935010552,2544.529144896965,98.16197536242893,88.1192384839751,712.6616948747965,5.367134692545311,1265,-3.0000068857716684,-6.141423956021318
480,227.005,9.573198518022586,2542.0659934463174,199.91302112784956,1930.4239542024798,2544.5290291243523,98.16192857952285,88.11494778626573,712.5838429319584,5.367379162518436,1265,-3.000006900236504,-6.140794197415982
481,227.015,9.573689569244852,2542.0658257076025,199.89929924944323,1930.4289731586566,2544.5289133505075,98.16188179650973,88.11065815414506,712.5059947821594,5.367623620581892,1265,-3.0000069147012396,-6.140164507118083
482,227.02499999999998,9.574180551335543,2542.0656579607535,199.88558292170345,1930.4339918791436,2544.5287975754277,98.16183501338956,88.10636958719176,712.4281504244572,5.367868066738637,1265,-3.000006929165876,-6.139534885115581
483,227.035,9.574671464312816,2542.065490205776,199.8718721421333,1930.439010363999,2544.5286817991164,98.16178823016234,88.10208208498472,712.3503098579092,5.368112500991631,1265,-3.000006943630412,-6.138905331396461
484,227.045,9.575162308194837,2542.065322442673,199.85816690782192,1930.4440286132817,2544.528566021571,98.1617414468281,88.097795647103,712.2724730815739,5.368356923343829,1265,-3.000006958094848,-6.138275845948709
485,227.05499999999998,9.575653082999768,2542.0651546714485,199.84446721600952,1930.4490466270518,2544.528450242793,98.16169466338681,88.09351027312593,712.19464009451,5.368601333798187,1265,-3.000006972559184,-6.137646428760289
486,227.065,9.576143788745764,2542.064986892109,199.8307730640814,1930.4540644053686,2544.528334462784,98.1616478798385,88.089225962633,712.1168108957762,5.368845732357658,1265,-3.0000069870234194,-6.137017079819187
487,227.075,9.576634425450974,2542.0648191046575,199.81708444928313,1930.4590819482912,2544.528218681543,98.16160109618316,88.0849427152039,712.0389854844319,5.369090119025197,1265,-3.0000070014875533,-6.136387799113379
488,227.08499999999998,9.57712499313355,2542.0646513090965,199.80340136881563,1930.4640992558795,2544.5281028990685,98.1615543124208,88.08066053041856,711.9611638595369,5.369334493803753,1265,-3.0000070159515873,-6.135758586630845
489,227.09499999999997,9.577615491811628,2542.0644835054322,199.78972381994842,1930.4691163281932,2544.527987115364,98.16150752855145,88.07637940785709,711.8833460201511,5.369578856696279,1265,-3.0000070304155195,-6.135129442359562
490,227.105,9.578105921503347,2542.0643156936694,199.7760517999055,1930.4741331652906,2544.5278713304288,98.16146074457507,88.07209934709982,711.805531965335,5.369823207705723,1265,-3.000007044879351,-6.134500366287501
491,227.11499999999998,9.57859628222684,2542.06414787381,199.76238530612878,1930.479149767231,2544.527755544261,98.1614139604917,88.06782034772729,711.7277216941495,5.370067546835034,1265,-3.000007059343081,-6.133871358402642
492,227.12499999999997,9.57908657400023,2542.0639800458594,199.74872433575226,1930.4841661340743,2544.527639756862,98.16136717630131,88.06354240932025,711.6499152056557,5.370311874087159,1265,-3.00000707380671,-6.133242418692957
493,227.135,9.579576796841646,2542.0638122098226,199.73506888596992,1930.48918226588,2544.5275239682333,98.16132039200397,88.0592655314596,711.5721124989153,5.370556189465044,1265,-3.000007088270237,-6.132613547146434
494,227.14499999999998,9.580066950769202,2542.0636443657036,199.72141895423943,1930.494198162706,2544.527408178375,98.16127360759961,88.05498971372653,711.49431357299,5.370800492971634,1265,-3.0000071027336617,-6.131984743751038
495,227.15499999999997,9.58055703580101,2542.063476513505,199.70777453768187,1930.4992138246118,2544.5272923872853,98.16122682308828,88.05071495570239,711.4165184269422,5.3710447846098734,1265,-3.000007117196984,-6.131356008494735
496,227.165,9.581047051955185,2542.063308653232,199.69413563368911,1930.5042292516584,2544.5271765949665,98.16118003846998,88.04644125696873,711.3387270598346,5.371289064382703,1265,-3.000007131660205,-6.130727341365528
497,227.17499999999998,9.581536999249828,2542.0631407848896,199.68050223942495,1930.509244443903,2544.527060801418,98.16113325374471,88.04216861710732,711.2609394707301,5.371533332293065,1265,-3.000007146123323,-6.13009874235137
498,227.18499999999997,9.58202687770303,2542.0629729084812,199.66687435229792,1930.5142594014046,2544.5269450066403,98.16108646891247,88.03789703570014,711.1831556586924,5.3717775883439005,1265,-3.000007160586339,-6.1294702114402435
499,227.195,9.582516687332896,2542.0628050240116,199.65325196954942,1930.519274124223,2544.5268292106334,98.16103968397329,88.03362651232936,711.1053756227849,5.372021832538147,1265,-3.0000071750492516,-6.1288417486201165
500,227.20499999999998,9.583006428157518,2542.0626371314843,199.63963508830787,1930.524288612418,2544.526713413398,98.16099289892712,88.02935704657737,711.0275993620721,5.372266064878743,1265,-3.0000071895120612,-6.128213353878975
501,227.21499999999997,9.583496100194969,2542.0624692309034,199.6260237060825,1930.5293028660474,2544.5265976149335,98.16094611377402,88.02508863802676,710.9498268756183,5.372510285368626,1265,-3.000007203974768,-6.127585027204784
502,227.225,9.583985703463343,2542.0623013222726,199.61241782006513,1930.534316885171,2544.52648181524,98.16089932851396,88.0208212862603,710.8720581624885,5.372754494010731,1265,-3.000007218437371,-6.126956768585526
503,227.23499999999999,9.584475237980708,2542.062133405599,199.59881742749187,1930.5393306698472,2544.52636601432,98.16085254314696,88.01655499086102,710.7942932217478,5.372998690807991,1265,-3.000007232899871,-6.126328578009154
504,227.24499999999998,9.584964703765138,2542.061965480883,199.58522252571123,1930.5443442201354,2544.5262502121705,98.16080575767303,88.0122897514121,710.7165320524621,5.373242875763341,1265,-3.000007247362267,-6.125700455463667
505,227.255,9.585454100834705,2542.061797548131,199.57163311203024,1930.5493575360954,2544.5261344087944,98.16075897209217,88.00802556749694,710.638774653697,5.373487048879713,1265,-3.000007261824559,-6.125072400937022
506,227.265,9.585943429207457,2542.0616296073454,199.55804918369788,1930.554370617784,2544.5260186041896,98.16071218640437,88.00376243869917,710.5610210245193,5.373731210160036,1265,-3.0000072762867473,-6.1244444144172006
507,227.27499999999998,9.586432688901462,2542.061461658533,199.54447073800947,1930.559383465261,2544.5259027983584,98.16066540060966,87.99950036460258,710.4832711639955,5.373975359607242,1265,-3.000007290748831,-6.123816495892168
508,227.285,9.586921879934778,2542.0612937016963,199.53089777232287,1930.5643960785872,2544.525786991301,98.16061861470804,87.99523934479122,710.4055250711926,5.374219497224258,1265,-3.0000073052108105,-6.123188645349908
509,227.295,9.587411002325435,2542.0611257368387,199.51733028388617,1930.569408457818,2544.525671183015,98.1605718286995,87.99097937884929,710.3277827451782,5.374463623014013,1265,-3.000007319672686,-6.122560862778375
510,227.30499999999998,9.587900056091492,2542.060957763967,199.5037682700037,1930.5744206030147,2544.5255553735046,98.16052504258406,87.98672046636122,710.2500441850201,5.374707736979432,1265,-3.0000073341344566,-6.121933148165557
511,227.315,9.588389041250984,2542.0607897830837,199.49021172796705,1930.5794325142358,2544.525439562767,98.16047825636171,87.98246260691164,710.1723093897865,5.374951839123441,1265,-3.0000073485961214,-6.121305501499425
512,227.325,9.588877957821945,2542.060621794193,199.4766606550188,1930.5844441915397,2544.5253237508036,98.16043147003248,87.97820580008539,710.0945783585461,5.375195929448964,1265,-3.000007363057682,-6.120677922767941
513,227.33499999999998,9.589366805822399,2542.060453797299,199.46311504856774,1930.5894556349847,2544.525207937615,98.16038468359632,87.97395004546749,710.0168510903676,5.375440007958922,1265,-3.000007377519137,-6.1200504119590775
514,227.34499999999997,9.589855585270382,2542.060285792406,199.44957490587475,1930.594466844631,2544.525092123201,98.1603378970533,87.9696953426432,709.9391275843204,5.375684074656238,1265,-3.0000073919804864,-6.119422969060812
515,227.355,9.590344296183904,2542.0601177795184,199.43604022426135,1930.5994778205359,2544.524976307561,98.16029111040339,87.96544169119795,709.8614078394743,5.3759281295438335,1265,-3.0000074064417306,-6.118795594061115
516,227.36499999999998,9.59083293858098,2542.05994975864,199.42251100101979,1930.604488562758,2544.5248604906965,98.16024432364662,87.9611890907174,709.7836918548992,5.376172172624627,1265,-3.000007420902868,-6.118168286947958
517,227.37499999999997,9.59132151247963,2542.059781729774,199.40898723347647,1930.609499071357,2544.524744672606,98.16019753678297,87.9569375407874,709.7059796296655,5.376416203901536,1265,-3.0000074353639,-6.117541047709312
518,227.385,9.591810017897851,2542.059613692927,199.395468918921,1930.614509346391,2544.5246288532926,98.16015074981244,87.952687040994,709.6282711628442,5.376660223377479,1265,-3.0000074498248264,-6.116913876333138
519,227.39499999999998,9.592298454853651,2542.0594456481017,199.38195605471614,1930.6195193879194,2544.524513032754,98.16010396273506,87.94843759092343,709.550566453506,5.376904231055372,1265,-3.0000074642856465,-6.116286772807415
520,227.40499999999997,9.592786823365024,2542.0592775953023,199.36844863812973,1930.6245291959995,2544.524397210992,98.16005717555083,87.94418919016219,709.4728655007227,5.377148226938127,1265,-3.000007478746359,-6.115659737120119
521,227.415,9.593275123449963,2542.0591095345317,199.35494666646272,1930.6295387706912,2544.5242813880054,98.16001038825975,87.93994183829692,709.3951683035663,5.377392211028661,1265,-3.000007493206966,-6.115032769259202
522,227.42499999999998,9.593763355126452,2542.058941465797,199.34145013702144,1930.6345481120513,2544.524165563796,98.15996360086181,87.93569553491446,709.3174748611087,5.3776361833298845,1265,-3.000007507667465,-6.114405869212648
523,227.43499999999997,9.59425151841248,2542.0587733890998,199.3279590472303,1930.6395572201402,2544.5240497383625,98.15991681335701,87.9314502796019,709.2397851724228,5.377880143844709,1265,-3.000007522127858,-6.113779036968426
524,227.445,9.594739613326029,2542.058605304446,199.31447339432555,1930.644566095016,2544.523933911707,98.1598700257454,87.92720607194651,709.1620992365812,5.378124092576045,1265,-3.0000075365881433,-6.1131522725144976
525,227.45499999999998,9.595227639885053,2542.0584372118383,199.30099317565973,1930.6495747367353,2544.5238180838282,98.15982323802697,87.92296291153578,709.0844170526576,5.378368029526802,1265,-3.0000075510483217,-6.1125255758388315
526,227.46499999999997,9.595715598107546,2542.0582691112813,199.28751838854186,1930.6545831453602,2544.5237022547262,98.15977645020172,87.91872079795732,709.0067386197255,5.378611954699887,1265,-3.000007565508392,-6.111898946929413
527,227.475,9.596203488011456,2542.0581010027777,199.27404903023915,1930.659591320946,2544.523586424401,98.15972966226964,87.91447973079904,708.929063936859,5.378855868098208,1265,-3.0000075799683548,-6.111272385774197
528,227.48499999999999,9.596691309614748,2542.0579328863364,199.26058509824227,1930.664599263552,2544.5234705928565,98.15968287423074,87.91023970964902,708.8513930031327,5.379099769724669,1265,-3.00000759442821,-6.110645892361141
529,227.49499999999998,9.597179062935373,2542.0577647619557,199.24712658969014,1930.6696069732361,2544.5233547600883,98.15963608608502,87.90600073409553,708.7737258176212,5.379343659582175,1265,-3.000007608887957,-6.110019466678236
530,227.505,9.597666747991292,2542.0575966296437,199.2336735020734,1930.6746144500592,2544.5232389260987,98.15958929783251,87.90176280372704,708.6960623793996,5.37958753767363,1265,-3.000007623347596,-6.109393108713444
531,227.515,9.598154364800441,2542.0574284894037,199.22022583254193,1930.6796216940763,2544.5231230908885,98.15954250947318,87.89752591813225,708.6184026875434,5.379831404001935,1265,-3.0000076378071263,-6.10876681845472
532,227.52499999999998,9.59864191338076,2542.057260341238,199.2067835786812,1930.6846287053472,2544.523007254456,98.15949572100706,87.89329007690002,708.5407467411287,5.380075258569994,1265,-3.000007652266548,-6.108140595890056
533,227.535,9.599129393750195,2542.057092185152,199.19334673758573,1930.689635483931,2544.522891416803,98.15944893243413,87.88905527961944,708.4630945392315,5.380319101380703,1265,-3.000007666725861,-6.107514441007394
534,227.545,9.599616805926667,2542.056924021151,199.17991530671708,1930.6946420298843,2544.52277557793,98.15940214375442,87.88482152587979,708.3854460809287,5.380562932436963,1265,-3.000007681185065,-6.10688835379472
535,227.55499999999998,9.600104149928116,2542.056755849236,199.1664892834102,1930.6996483432677,2544.5226597378346,98.15935535496794,87.88058881527053,708.3078013652971,5.3808067517416704,1265,-3.00000769564416,-6.1062623342399975
536,227.565,9.600591425772457,2542.056587669415,199.153068664998,1930.7046544241373,2544.5225438965213,98.15930856607467,87.8763571473814,708.230160391414,5.381050559297722,1265,-3.0000077101031453,-6.10563638233118
537,227.575,9.601078633477604,2542.0564194816893,199.1396534488045,1930.7096602725517,2544.522428053987,98.15926177707463,87.87212652180223,708.1525231583571,5.381294355108014,1265,-3.000007724562022,-6.105010498056257
538,227.58499999999998,9.601565773061475,2542.0562512860643,199.12624363219857,1930.7146658885692,2544.5223122102334,98.15921498796783,87.86789693812314,708.0748896652046,5.38153813917544,1265,-3.0000077390207887,-6.104384681403177
539,227.59499999999997,9.602052844541978,2542.056083082543,199.1128392124648,1930.719671272248,2544.52219636526,98.15916819875426,87.86366839593438,707.9972599110349,5.381781911502893,1265,-3.000007753479445,-6.103758932359918
540,227.605,9.602539847937022,2542.0559148711304,199.0994401869946,1930.7246764236475,2544.522080519067,98.15912140943395,87.85944089482648,707.9196338949266,5.382025672093265,1265,-3.0000077679379924,-6.103133250914433
541,227.61499999999998,9.603026783264504,2542.055746651831,199.08604655311927,1930.7296813428245,2544.521964671656,98.15907462000688,87.85521443439009,707.842011615959,5.382269420949447,1265,-3.000007782396429,-6.102507637054703
542,227.62499999999997,9.603513650542315,2542.055578424648,199.072658308307,1930.734686029837,2544.5218488230253,98.15902783047305,87.8509890142161,707.7643930732116,5.382513158074327,1265,-3.000007796854756,-6.101882090768694
543,227.635,9.604000449788344,2542.0554101895855,199.05927544970095,1930.7396904847428,2544.5217329731763,98.15898104083249,87.84676463389562,707.6867782657644,5.382756883470797,1265,-3.000007811312972,-6.101256612044367
544,227.64499999999998,9.604487181020486,2542.055241946647,199.04589797484172,1930.7446947076019,2544.5216171221086,98.15893425108517,87.84254129301989,707.6091671926973,5.3830005971417405,1265,-3.0000078257710774,-6.100631200869687
545,227.65499999999997,9.604973844256614,2542.055073695838,199.0325258809326,1930.7496986984697,2544.5215012698227,98.15888746123115,87.83831899118044,707.5315598530912,5.3832442990900455,1265,-3.0000078402290717,-6.100005857232627
546,227.665,9.605460439514607,2542.0549054371627,199.0191591653794,1930.7547024574062,2544.5213854163203,98.15884067127038,87.83409772796892,707.4539562460269,5.383487989318598,1265,-3.000007854686955,-6.099380581121139
547,227.67499999999998,9.605946966812342,2542.0547371706252,199.00579782562727,1930.7597059844693,2544.5212695616,98.15879388120291,87.82987750297724,707.3763563705858,5.38373166783028,1265,-3.0000078691447283,-6.098755372523193
548,227.68499999999997,9.606433426167674,2542.054568896228,198.99244185889148,1930.764709279715,2544.521153705662,98.15874709102872,87.82565831579747,707.2987602258495,5.3839753346279755,1265,-3.0000078836023896,-6.098130231426765
549,227.695,9.606919817598474,2542.0544006139767,198.97909126269158,1930.769712343203,2544.521037848507,98.15870030074781,87.82144016602189,707.2211678109002,5.384218989714566,1265,-3.000007898059939,-6.0975051578198105
550,227.70499999999998,9.607406141122603,2542.0542323238737,198.9657460342154,1930.7747151749913,2544.520921990135,98.15865351036018,87.81722305324298,707.1435791248202,5.384462633092932,1265,-3.000007912517377,-6.096880151690295
551,227.71499999999997,9.60789239675791,2542.054064025924,198.9524061709759,1930.7797177751374,2544.520806130546,98.15860671986587,87.81300697705343,707.0659941666922,5.384706264765953,1265,-3.000007926974703,-6.096255213026189
552,227.725,9.60837858452224,2542.0538957201325,198.93907167028692,1930.7847201436987,2544.520690269741,98.15855992926485,87.80879193704612,706.9884129355994,5.384949884736507,1265,-3.000007941431918,-6.095630341815454
553,227.73499999999999,9.608864704433444,2542.0537274065027,198.92574252944448,1930.7897222807335,2544.52057440772,98.15851313855714,87.80457793281413,706.9108354306254,5.3851934930074705,1265,-3.0000079558890196,-6.0950055380460535
554,227.74499999999998,9.609350756509354,2542.0535590850386,198.91241874593797,1930.7947241862992,2544.5204585444826,98.15846634774273,87.80036496395071,706.8332616508537,5.385437089581722,1265,-3.0000079703460094,-6.094380801705957
555,227.755,9.609836740767813,2542.053390755744,198.89910031705318,1930.7997258604544,2544.5203426800294,98.15841955682167,87.79615303004937,706.755691595369,5.385680674462135,1265,-3.000007984802887,-6.0937561327831276
556,227.765,9.610322657226646,2542.053222418624,198.8857872402828,1930.8047273032564,2544.5202268143626,98.15837276579389,87.79194213070376,706.6781252632553,5.385924247651582,1265,-3.0000079992596516,-6.09313153126552
557,227.77499999999998,9.610808505903682,2542.0530540736813,198.87247951277536,1930.8097285147628,2544.5201109474788,98.15832597465945,87.78773226550777,706.600562653598,5.386167809152937,1265,-3.0000080137163034,-6.092506997141109
558,227.785,9.611294286816738,2542.05288572092,198.859177132115,1930.8147294950318,2544.51999507938,98.15827918341836,87.78352343405544,706.523003765482,5.386411358969072,1265,-3.000008028172842,-6.091882530397857
559,227.795,9.611779999983636,2542.0527173603455,198.8458800955399,1930.819730244121,2544.5198792100664,98.15823239207057,87.77931563594106,706.4454485979934,5.386654897102856,1265,-3.0000080426292683,-6.091258131023729
560,227.80499999999998,9.612265645422182,2542.052548991961,198.8325884005371,1930.8247307620875,2544.519763339539,98.15818560061616,87.77510887075908,706.3678971502178,5.3868984235571595,1265,-3.0000080570855805,-6.090633799006685
561,227.815,9.612751223150191,2542.052380615771,198.81930204442395,1930.8297310489904,2544.519647467798,98.15813880905509,87.7709031381042,706.2903494212417,5.3871419383348496,1265,-3.0000080715417794,-6.0900095343346905
562,227.825,9.613236733185454,2542.0522122317784,198.80602102468475,1930.8347311048853,2544.519531594842,98.15809201738736,87.76669843757124,706.2128054101519,5.387385441438793,1265,-3.0000080859978637,-6.089385336995714
563,227.83499999999998,9.613722175545778,2542.0520438399885,198.79274533848812,1930.839730929831,2544.519415720672,98.158045225613,87.76249476875529,706.1352651160353,5.387628932871857,1265,-3.0000081004538353,-6.088761206977711
564,227.84499999999997,9.614207550248954,2542.0518754404043,198.77947498337062,1930.844730523885,2544.519299845289,98.15799843373199,87.75829213125155,706.0577285379794,5.387872412636907,1265,-3.000008114909692,-6.088137144268646
565,227.855,9.61469285731277,2542.0517070330316,198.76620995673363,1930.8497298871046,2544.5191839686927,98.15795164174435,87.75409052465552,705.9801956750722,5.3881158807368035,1265,-3.000008129365436,-6.087513148856482
566,227.86499999999998,9.615178096755013,2542.0515386178718,198.75295025586672,1930.8547290195477,2544.5190680908822,98.15790484965005,87.74988994856285,705.9026665264016,5.388359337174412,1265,-3.000008143821064,-6.086889220729198
567,227.87499999999997,9.615663268593464,2542.0513701949317,198.739695878215,1930.859727921272,2544.5189522118603,98.15785805744916,87.74569040256938,705.8251410910561,5.388602781952592,1265,-3.000008158276578,-6.086265359874729
568,227.885,9.616148372845892,2542.051201764213,198.7264468212335,1930.864726592335,2544.5188363316247,98.15781126514165,87.74149188627115,705.7476193681248,5.388846215074205,1265,-3.000008172731978,-6.085641566281065
569,227.89499999999998,9.616633409530067,2542.051033325722,198.71320308220638,1930.869725032793,2544.5187204501776,98.15776447272752,87.73729439926441,705.6701013566967,5.38908963654211,1265,-3.0000081871872624,-6.085017839936143
570,227.90499999999997,9.617118378663761,2542.05086487946,198.69996465859072,1930.874723242705,2544.5186045675173,98.15771768020679,87.73309794114557,705.5925870558615,5.389333046359164,1265,-3.000008201642432,-6.084394180827955
571,227.915,9.617603280264738,2542.0506964254346,198.68673154776545,1930.8797212221282,2544.5184886836464,98.15767088757946,87.7289025115113,705.5150764647092,5.389576444528225,1265,-3.000008216097487,-6.083770588944438
572,227.92499999999998,9.618088114350746,2542.050527963647,198.6735037471053,1930.8847189711194,2544.5183727985636,98.1576240948455,87.72470810995841,705.4375695823298,5.389819831052149,1265,-3.000008230552426,-6.083147064273559
573,227.93499999999997,9.618572880939542,2542.050359494101,198.66028125399689,1930.889716489736,2544.5182569122694,98.15757730200497,87.72051473608393,705.3600664078142,5.390063205933789,1265,-3.0000082450072494,-6.082523606803298
574,227.945,9.619057580048871,2542.0501910168027,198.6470640658956,1930.8947137780358,2544.5181410247637,98.15753050905785,87.71632238948509,705.2825669402534,5.390306569176,1265,-3.0000082594619575,-6.081900216521602
575,227.95499999999998,9.619542211696471,2542.0500225317555,198.6338521801673,1930.899710836075,2544.518025136047,98.15748371600414,87.71213106975931,705.2050711787386,5.390549920781634,1265,-3.0000082739165492,-6.081276893416437
576,227.96499999999997,9.620026775900094,2542.0498540389626,198.62064559422325,1930.9047076639129,2544.5179092461203,98.15743692284384,87.70794077650419,705.1275791223618,5.390793260753543,1265,-3.000008288371025,-6.080653637475768
577,227.975,9.620511272677462,2542.0496855384267,198.60744430546592,1930.9097042616052,2544.517793354981,98.15739012957698,87.70375150931756,705.0500907702149,5.391036589094576,1265,-3.0000083028253854,-6.080030448687549
578,227.98499999999999,9.620995702046308,2542.049517030156,198.59424831133038,1930.91470062921,2544.5176774626334,98.15734333620354,87.69956326779742,704.9726061213903,5.3912799058075835,1265,-3.0000083172796295,-6.079407327039749
579,227.99499999999998,9.621480064024363,2542.0493485141506,198.58105760919673,1930.9196967667851,2544.517561569075,98.15729654272354,87.69537605154197,704.8951251749809,5.391523210895412,1265,-3.000008331733756,-6.0787842725203305
580,228.005,9.621964358629334,2542.0491799904175,198.5678721964164,1930.9246926743865,2544.517445674308,98.157249749137,87.69118986014962,704.8176479300797,5.391766504360908,1265,-3.0000083461877667,-6.078161285117252
581,228.015,9.62244858587895,2542.0490114589566,198.55469207044624,1930.9296883520722,2544.5173297783294,98.15720295544388,87.68700469321894,704.7401743857804,5.39200978620692,1265,-3.0000083606416603,-6.0775383648184835
582,228.02499999999998,9.62293274579091,2542.048842919777,198.5415172287645,1930.9346837998985,2544.517213881143,98.15715616164422,87.68282055034875,704.6627045411767,5.392253056436289,1265,-3.000008375095437,-6.076915511611967
583,228.035,9.623416838382925,2542.0486743728784,198.5283476687944,1930.939679017923,2544.517097982747,98.157109367738,87.678637431138,704.5852383953628,5.392496315051861,1265,-3.000008389549096,-6.076292725485683
584,228.045,9.6239008636727,2542.048505818268,198.5151833877932,1930.9446740062037,2544.516982083143,98.15706257372526,87.67445533518593,704.5077759474333,5.3927395620564775,1265,-3.0000084040026387,-6.075670006427587
585,228.05499999999998,9.624384821677923,2542.0483372559493,198.50202438329183,1930.9496687647963,2544.5168661823304,98.15701577960598,87.67027426209184,704.4303171964832,5.39298279745298,1265,-3.000008418456063,-6.075047354425644
586,228.065,9.6248687124163,2542.048168685923,198.48887065262105,1930.9546632937595,2544.5167502803083,98.15696898538016,87.66609421145532,704.3528621416077,5.3932260212442085,1265,-3.00000843290937,-6.074424769467811
587,228.075,9.625352535905506,2542.048000108198,198.47572219335888,1930.9596575931487,2544.5166343770793,98.15692219104781,87.66191518287614,704.2754107819025,5.393469233433001,1265,-3.0000084473625592,-6.073802251542039
588,228.08499999999998,9.625836292163232,2542.0478315227747,198.46257900282345,1930.9646516630214,2544.516518472642,98.15687539660894,87.6577371759543,704.1979631164634,5.3937124340221985,1265,-3.00000846181563,-6.073179800636305
589,228.09499999999997,9.626319981207153,2542.0476629296577,198.4494410783936,1930.9696455034357,2544.516402566997,98.15682860206356,87.6535601902899,704.1205191443869,5.3939556230146355,1265,-3.000008476268583,-6.0725574167385705
590,228.105,9.626803603054952,2542.047494328852,198.43630841762382,1930.9746391144488,2544.5162866601436,98.15678180741168,87.64938422548329,704.0430788647697,5.394198800413148,1265,-3.000008490721418,-6.071935099836794
591,228.11499999999998,9.627287157724282,2542.0473257203607,198.4231810177835,1930.9796324961148,2544.516170752084,98.15673501265326,87.64520928113505,703.9656422767088,5.39444196622057,1265,-3.0000085051741343,-6.071312849918932
592,228.12499999999997,9.627770645232824,2542.0471571041885,198.41005887645792,1930.984625648494,2544.516054842817,98.15668821778836,87.64103535684588,703.8882093793014,5.394685120439736,1265,-3.000008519626732,-6.070690666972947
593,228.135,9.628254065598233,2542.046988480339,198.3969419908806,1930.989618571642,2544.515938932344,98.15664142281696,87.63686245221673,703.8107801716457,5.394928263073479,1265,-3.000008534079211,-6.070068550986801
594,228.14499999999998,9.628737418838162,2542.046819848816,198.38383035875117,1930.994611265616,2544.5158230206634,98.15659462773908,87.63269056684871,703.7333546528394,5.3951713941246275,1265,-3.0000085485315706,-6.069446501948455
595,228.15499999999997,9.629220704970267,2542.0466512096245,198.3707239772552,1930.9996037304727,2544.515707107778,98.1565478325547,87.62851970034316,703.6559328219811,5.395414513596015,1265,-3.0000085629838114,-6.068824519845863
596,228.165,9.629703924012187,2542.046482562767,198.3576228439149,1931.004595966268,2544.5155911936854,98.15650103726384,87.62434985230156,703.5785146781697,5.395657621490469,1265,-3.0000085774359335,-6.068202604667003
597,228.17499999999998,9.630187075981572,2542.046313908248,198.34452695617108,1931.00958797306,2544.5154752783874,98.15645424186651,87.62018102232565,703.5011002205042,5.395900717810816,1265,-3.0000085918879353,-6.067580756399819
598,228.18499999999997,9.630670160896058,2542.0461452460722,198.33143631152078,1931.0145797509058,2544.5153593618834,98.1564074463627,87.61601321001731,703.4236894480842,5.3961438025598865,1265,-3.0000086063398177,-6.066958975032282
599,228.195,9.63115317877328,2542.0459765762425,198.31835090730573,1931.0195712998616,2544.5152434441743,98.15636065075243,87.61184641497863,703.3462823600096,5.396386875740503,1265,-3.00000862079158,-6.06633726055234
600,228.20499999999998,9.631636129630861,2542.0458078987635,198.30527074096193,1931.024562619984,2544.51512752526,98.15631385503572,87.6076806368119,703.2688789553805,5.396629937355491,1265,-3.000008635243223,-6.0657156129479715
601,228.21499999999997,9.632119013486426,2542.0456392136393,198.2921958100134,1931.0295537113298,2544.515011605141,98.15626705921252,87.60351587511961,703.1914792332976,5.396872987407675,1265,-3.0000086496947453,-6.065094032207117
602,228.225,9.632601830357594,2542.0454705208736,198.27912611185917,1931.0345445739554,2544.514895683817,98.15622026328289,87.59935212950441,703.1140831928617,5.3971160258998765,1265,-3.000008664146147,-6.064472518317761
603,228.23499999999999,9.633084580261986,2542.04530182047,198.26606164397822,1931.0395352079188,2544.5147797612885,98.1561734672468,87.59518939956918,703.0366908331741,5.397359052834917,1265,-3.0000086785974296,-6.063851071267845
604,228.24499999999998,9.633567263217213,2542.0451331124336,198.25300240374608,1931.0445256132768,2544.5146638375572,98.15612667110429,87.59102768491697,702.9593021533367,5.397602068215616,1265,-3.0000086930485907,-6.06322969104533
605,228.255,9.634049879240871,2542.044964396767,198.23994838859602,1931.0495157900846,2544.514547912621,98.15607987485531,87.586866985151,702.881917152451,5.397845072044794,1265,-3.000008707499632,-6.062608377638185
606,228.265,9.634532428350564,2542.0447956734756,198.22689959608698,1931.0545057383986,2544.5144319864817,98.15603307849989,87.58270729987478,702.8045358296198,5.398088064325269,1265,-3.000008721950551,-6.061987131034359
607,228.27499999999998,9.635014910563896,2542.0446269425615,198.2138560236047,1931.0594954582775,2544.514316059138,98.15598628203807,87.5785486286919,702.7271581839453,5.398331045059857,1265,-3.00000873640135,-6.06136595122183
608,228.285,9.63549732589845,2542.04445820403,198.2008176685165,1931.0644849497762,2544.5142001305912,98.15593948546983,87.5743909712062,702.649784214531,5.398574014251374,1265,-3.0000087508520275,-6.060744838188539
609,228.295,9.635979674371825,2542.044289457884,198.18778452842463,1931.0694742129529,2544.5140842008414,98.15589268879515,87.57023432702168,702.5724139204799,5.398816971902636,1265,-3.0000087653025833,-6.060123791922463
610,228.30499999999998,9.636461956001586,2542.0441207041304,198.17475660068595,1931.074463247861,2544.51396826989,98.15584589201409,87.56607869574259,702.495047300896,5.399059918016453,1265,-3.0000087797530175,-6.059502812411552
611,228.315,9.636944170805334,2542.0439519427696,198.16173388285645,1931.0794520545617,2544.5138523377354,98.15579909512658,87.5619240769733,702.4176843548831,5.399302852595643,1265,-3.00000879420333,-6.0588818996437634
612,228.325,9.637426318800623,2542.0437831738063,198.1487163723042,1931.0844406331073,2544.5137364043776,98.1557522981327,87.55777047031843,702.340325081546,5.399545775643012,1265,-3.000008808653521,-6.058261053607068
613,228.33499999999998,9.637908400005031,2542.0436143972456,198.13570406645525,1931.0894289835567,2544.5136204698188,98.1557055010324,87.55361787538274,702.2629694799891,5.399788687161373,1265,-3.0000088231035904,-6.057640274289417
614,228.34499999999997,9.638390414436124,2542.0434456130906,198.12269696287913,1931.0944171059652,2544.513504534058,98.15565870382571,87.54946629177122,702.1856175493178,5.400031587153535,1265,-3.0000088375535365,-6.057019561678773
615,228.355,9.63887236211146,2542.043276821345,198.1096950589525,1931.0994050003903,2544.5133885970945,98.15561190651265,87.54531571908906,702.1082692886375,5.400274475622307,1265,-3.000008852003361,-6.0563989157631015
616,228.36499999999998,9.639354243048595,2542.0431080220146,198.0966983521679,1931.1043926668876,2544.5132726589313,98.15556510909317,87.54116615694161,702.030924697054,5.400517352570495,1265,-3.0000088664530624,-6.055778336530354
617,228.37499999999997,9.639836057265082,2542.042939215101,198.0837068400711,1931.1093801055142,2544.5131567195663,98.15551831156733,87.53701760493442,701.9535837736735,5.4007602180009044,1265,-3.0000088809026413,-6.055157823968495
618,228.385,9.640317804778462,2542.0427704006083,198.07072052001539,1931.1143673163253,2544.5130407789993,98.15547151393511,87.53287006267323,701.8762465176025,5.4010030719163415,1265,-3.000008895352098,-6.054537378065486
619,228.39499999999998,9.64079948560628,2542.0426015785433,198.0577393895126,1931.1193542993783,2544.512924837234,98.15542471619652,87.528723529764,701.7989129279479,5.401245914319608,1265,-3.000008909801431,-6.053916998809281
620,228.40499999999997,9.641281099766077,2542.0424327489063,198.04476344596276,1931.1243410547295,2544.512808894266,98.15537791835158,87.52457800581283,701.7215830038169,5.401488745213508,1265,-3.000008924250641,-6.053296686187847
621,228.415,9.641762647275382,2542.0422639117023,198.03179268691224,1931.1293275824348,2544.512692950098,98.15533112040026,87.52043349042603,701.6442567443171,5.401731564600844,1265,-3.000008938699728,-6.052676440189138
622,228.42499999999998,9.642244128151725,2542.0420950669363,198.01882710986123,1931.1343138825512,2544.5125770047307,98.1552843223426,87.51628998321014,701.5669341485564,5.401974372484415,1265,-3.0000089531486913,-6.052056260801122
623,228.43499999999997,9.642725542412636,2542.041926214612,198.00586671227947,1931.1392999551351,2544.512461058164,98.15523752417859,87.51214748377186,701.4896152156431,5.40221716886702,1265,-3.000008967597531,-6.051436148011745
624,228.445,9.643206890075616,2542.041757354732,197.99291149146885,1931.1442858002404,2544.5123451103964,98.15519072590821,87.50800599171805,701.4122999446859,5.402459953751458,1265,-3.000008982046247,-6.050816101808985
625,228.45499999999998,9.643688171158203,2542.041588487302,197.97996144517344,1931.149271417927,2544.512229161431,98.15514392753151,87.50386550665579,701.3349883347935,5.402702727140527,1265,-3.000008996494839,-6.050196122180793
626,228.46499999999997,9.644169385677893,2542.041419612324,197.96701657067257,1931.1542568082484,2544.5121132112654,98.15509712904847,87.4997260281924,701.2576803850754,5.4029454890370205,1265,-3.000009010943307,-6.049576209115121
627,228.475,9.644650533652191,2542.0412507298033,197.95407686556385,1931.1592419712615,2544.5119972599014,98.15505033045912,87.49558755593527,701.1803760946414,5.403188239443737,1265,-3.000009025391651,-6.048956362599939
628,228.48499999999999,9.645131615098606,2542.041081839744,197.94114232719744,1931.1642269070228,2544.511881307339,98.15500353176343,87.49145008949212,701.1030754626012,5.403430978363468,1265,-3.0000090398398696,-6.048336582623199
629,228.49499999999998,9.645612630034629,2542.0409129421505,197.92821295323049,1931.169211615588,2544.5117653535794,98.15495673296142,87.48731362847073,701.0257784880654,5.403673705799006,1265,-3.0000090542879643,-6.047716869172871
630,228.505,9.646093578477752,2542.040744037024,197.91528874097997,1931.1741960970132,2544.51164939862,98.15490993405308,87.48317817247917,700.9484851701445,5.403916421753145,1265,-3.000009068735934,-6.047097222236907
631,228.515,9.646574460445471,2542.04057512437,197.90236968807423,1931.1791803513559,2544.511533442463,98.15486313503845,87.47904372112565,700.8711955079498,5.404159126228673,1265,-3.0000090831837793,-6.046477641803277
632,228.52499999999998,9.647055275955259,2542.040406204193,197.8894557919102,1931.1841643786704,2544.5114174851087,98.1548163359175,87.47491027401858,700.7939095005925,5.404401819228381,1265,-3.0000090976314993,-6.045858127859925
633,228.535,9.647536025024598,2542.0402372764966,197.87654704992147,1931.1891481790133,2544.511301526557,98.15476953669027,87.47077783076655,700.7166271471843,5.404644500755058,1265,-3.0000091120790944,-6.04523868039482
634,228.545,9.648016707670962,2542.0400683412845,197.8636434598275,1931.1941317524409,2544.511185566808,98.15472273735672,87.46664639097837,700.6393484468374,5.40488717081149,1265,-3.0000091265265634,-6.044619299395928
635,228.55499999999998,9.648497323911824,2542.0398993985596,197.85074501884753,1931.199115099009,2544.5110696058614,98.15467593791686,87.46251595426301,700.5620733986643,5.405129829400464,1265,-3.0000091409739076,-6.043999984851198
636,228.565,9.648977873764645,2542.0397304483276,197.8378517245935,1931.2040982187743,2544.5109536437194,98.15462913837074,87.45838652022962,700.4848020017776,5.405372476524765,1265,-3.0000091554211257,-6.043380736748596
637,228.575,9.649458357246887,2542.0395614905906,197.82496357468557,1931.2090811117916,2544.510837680379,98.15458233871833,87.45425808848758,700.4075342552906,5.405615112187178,1265,-3.0000091698682185,-6.042761555076077
638,228.58499999999998,9.649938774376004,2542.039392525354,197.81208056637905,1931.2140637781176,2544.510721715843,98.15453553895964,87.45013065864644,700.3302701583167,5.405857736390485,1265,-3.0000091843151844,-6.042142439821614
639,228.59499999999997,9.650419125169448,2542.0392235526215,197.79920269732543,1931.2190462178085,2544.5106057501116,98.15448873909469,87.44600423031592,700.2530097099697,5.406100349137469,1265,-3.000009198762025,-6.0415233909731505
640,228.605,9.650899409644667,2542.0390545723967,197.78632996504666,1931.2240284309191,2544.5104897831848,98.15444193912344,87.44187880310594,700.1757529093636,5.4063429504309095,1265,-3.000009213208739,-6.040904408518652
641,228.61499999999998,9.651379627819106,2542.038885584682,197.7734623668806,1931.2290104175063,2544.5103738150606,98.15439513904596,87.43775437662663,700.0984997556133,5.406585540273587,1265,-3.000009227655326,-6.04028549244609
642,228.62499999999997,9.651859779710199,2542.038716589484,197.76059990049444,1931.2339921776256,2544.5102578457427,98.1543483388622,87.43363095048825,700.0212502478333,5.4068281186682805,1265,-3.000009242101787,-6.039666642743401
643,228.635,9.65233986533538,2542.0385475868034,197.7477425632998,1931.2389737113328,2544.510141875228,98.1543015385722,87.42950852430133,699.944004385139,5.407070685617768,1265,-3.000009256548122,-6.039047859398566
644,228.64499999999998,9.65281988471208,2542.038378576648,197.7348903528317,1931.2439550186841,2544.51002590352,98.15425473817595,87.42538709767653,699.8667621666458,5.407313241124824,1265,-3.000009270994329,-6.038429142399533
645,228.65499999999997,9.653299837857718,2542.0382095590194,197.72204326667185,1931.2489360997338,2544.509909930617,98.15420793767346,87.42126667022474,699.7895235914698,5.407555785192226,1265,-3.000009285440409,-6.037810491734267
646,228.665,9.653779724789725,2542.0380405339192,197.70920130218772,1931.2539169545412,2544.509793956518,98.15416113706475,87.41714724155699,699.712288658727,5.407798317822748,1265,-3.0000092998863623,-6.0371919073907385
647,228.67499999999998,9.6542595455255,2542.0378715013558,197.69636445691074,1931.2588975831577,2544.509677981226,98.15411433634978,87.41302881128453,699.6350573675339,5.408040839019162,1265,-3.0000093143321873,-6.036573389356889
648,228.68499999999997,9.654739300082467,2542.0377024613304,197.68353272851317,1931.2638779856418,2544.5095620047405,98.15406753552858,87.40891137901878,699.5578297170078,5.408283348784241,1265,-3.0000093287778857,-6.035954937620691
649,228.695,9.655218988478028,2542.0375334138475,197.6707061142853,1931.2688581620484,2544.5094460270607,98.15402073460116,87.40479494437137,699.4806057062657,5.408525847120758,1265,-3.0000093432234562,-6.035336552170097
650,228.70499999999998,9.655698610729583,2542.037364358911,197.6578846119184,1931.2738381124336,2544.509330048187,98.15397393356753,87.40067950695409,699.4033853344253,5.408768334031479,1265,-3.0000093576688984,-6.034718232993072
651,228.71499999999997,9.656178166854534,2542.0371952965243,197.64506821878712,1931.2788178368526,2544.5092140681204,98.15392713242768,87.39656506637895,699.3261686006044,5.4090108095191765,1265,-3.0000093721142136,-6.034099980077578
652,228.725,9.656657656870268,2542.0370262266915,197.63225693249996,1931.283797335361,2544.5090980868604,98.15388033118163,87.39245162225812,699.2489555039215,5.409253273586617,1265,-3.0000093865593995,-6.033481793411571
653,228.73499999999999,9.657137080794175,2542.0368571494164,197.61945075061922,1931.2887766080144,2544.5089821044076,98.15383352982934,87.38833917420398,699.171746043495,5.4094957262365675,1265,-3.0000094010044576,-6.0328636729830185
654,228.74499999999998,9.657616438643645,2542.036688064703,197.60664967052332,1931.2937556548693,2544.508866120762,98.15378672837086,87.38422772182908,699.0945402184441,5.409738167471795,1265,-3.000009415449387,-6.032245618779864
655,228.755,9.658095730436049,2542.036518972556,197.59385368984354,1931.2987344759806,2544.508750135925,98.1537399268062,87.38011726474613,699.017338027888,5.409980597295061,1265,-3.000009429894188,-6.031627630790088
656,228.765,9.658574956188762,2542.0363498729766,197.58106280602573,1931.3037130714029,2544.508634149894,98.15369312513533,87.37600780256811,698.9401394709464,5.410223015709133,1265,-3.00000944433886,-6.0310097090016495
657,228.77499999999998,9.659054115919163,2542.0361807659715,197.5682770166858,1931.308691441194,2544.508518162672,98.1536463233583,87.3718993349081,698.8629445467394,5.41046542271677,1265,-3.000009458783403,-6.030391853402496
658,228.785,9.659533209644607,2542.0360116515444,197.5554963193026,1931.3136695854073,2544.508402174259,98.15359952147506,87.36779186137942,698.7857532543871,5.410707818320736,1265,-3.0000094732278173,-6.0297740639805895
659,228.795,9.66001223738246,2542.0358425296968,197.54272071134392,1931.318647504099,2544.508286184654,98.15355271948567,87.36368538159554,698.7085655930105,5.410950202523791,1265,-3.0000094876721017,-6.029156340723903
660,228.80499999999998,9.660491199150085,2542.035673400436,197.52995019038121,1931.3236251973258,2544.5081701938584,98.15350591739009,87.35957989517016,698.6313815617303,5.411192575328693,1265,-3.0000095021162574,-6.028538683620383
661,228.815,9.660970094964819,2542.0355042637616,197.51718475399534,1931.3286026651406,2544.508054201871,98.15345911518834,87.35547540171713,698.5542011596682,5.411434936738201,1265,-3.000009516560283,-6.027921092658007
662,228.825,9.661448924844025,2542.035335119679,197.50442439970342,1931.3335799076012,2544.507938208692,98.15341231288045,87.35137190085051,698.4770243859457,5.411677286755072,1265,-3.0000095310041797,-6.027303567824725
663,228.83499999999998,9.661927688805038,2542.035165968195,197.49166912496614,1931.3385569247623,2544.5078222143243,98.1533655104664,87.34726939218453,698.399851239685,5.411919625382063,1265,-3.000009545447946,-6.026686109108493
664,228.84499999999997,9.662406386865198,2542.0349968093087,197.47891892736587,1931.3435337166784,2544.507706218764,98.1533187079462,87.34316787533359,698.3226817200083,5.412161952621927,1265,-3.000009559891582,-6.026068716497285
665,228.855,9.662885019041843,2542.0348276430277,197.46617380446386,1931.3485102834063,2544.507590222014,98.15327190531984,87.33906734991231,698.2455158260386,5.412404268477419,1265,-3.0000095743350883,-6.025451389979052
666,228.86499999999998,9.6633635853523,2542.0346584693552,197.45343375378295,1931.3534866250006,2544.507474224076,98.15322510258734,87.3349678155355,698.1683535568989,5.412646572951294,1265,-3.000009588778464,-6.024834129541759
667,228.87499999999997,9.663842085813888,2542.0344892882927,197.44069877280793,1931.3584627415157,2544.5073582249474,98.15317829974872,87.33086927181813,698.0911949117125,5.412888866046301,1265,-3.00000960322171,-6.024216935173368
668,228.885,9.66432052044394,2542.034320099847,197.4279688591322,1931.3634386330089,2544.5072422246294,98.15313149680392,87.32677171837535,698.0140398896032,5.413131147765191,1265,-3.000009617664825,-6.02359980686184
669,228.89499999999998,9.664798889259766,2542.0341509040186,197.41524401028863,1931.368414299534,2544.507126223121,98.15308469375303,87.32267515482252,697.9368884896951,5.413373418110715,1265,-3.0000096321078096,-6.022982744595133
670,228.90499999999997,9.665277192278678,2542.0339817008153,197.40252422381465,1931.3733897411469,2544.5070102204254,98.15303789059601,87.31857958077518,697.8597407111129,5.41361567708562,1265,-3.000009646550662,-6.02236574836121
671,228.915,9.665755429517986,2542.033812490238,197.389809497227,1931.378364957903,2544.5068942165403,98.15299108733286,87.31448499584904,697.782596552981,5.413857924692654,1265,-3.000009660993385,-6.0217488181480325
672,228.92499999999998,9.666233600994984,2542.033643272291,197.3770998281481,1931.383339949856,2544.5067782114666,98.1529442839636,87.31039139966,697.7054560144247,5.414100160934565,1265,-3.0000096754359755,-6.021131953943565
673,228.93499999999997,9.66671170672698,2542.0334740469784,197.36439521401985,1931.388314717063,2544.5066622052045,98.15289748048825,87.30629879182419,697.6283190945695,5.414342385814097,1265,-3.000009689878435,-6.020515155735767
674,228.945,9.667189746731264,2542.033304814304,197.3516956525286,1931.393289259578,2544.5065461977542,98.1528506769068,87.30220717195783,697.5511857925413,5.414584599333994,1265,-3.000009704320763,-6.019898423512599
675,228.95499999999998,9.667667721025127,2542.0331355742724,197.33900114108468,1931.3982635774569,2544.5064301891166,98.15280387321921,87.29811653967744,697.474056107466,5.414826801497,1265,-3.0000097187629593,-6.01928175726202
676,228.96499999999997,9.668145629625855,2542.032966326886,197.3263116772745,1931.4032376707546,2544.506314179291,98.15275706942556,87.29402689459963,697.3969300384703,5.415068992305857,1265,-3.0000097332050237,-6.018665156971999
677,228.975,9.668623472550722,2542.0327970721482,197.31362725874092,1931.4082115395258,2544.5061981682775,98.15271026552581,87.28993823634123,697.3198075846808,5.415311171763306,1265,-3.0000097476469563,-6.0180486226304994
678,228.98499999999999,9.669101249817013,2542.0326278100656,197.30094788296782,1931.4131851838267,2544.5060821560774,98.15266346151998,87.28585056451928,697.2426887452249,5.415553339872088,1265,-3.0000097620887574,-6.017432154225468
679,228.99499999999998,9.66957896144199,2542.0324585406406,197.28827354745263,1931.4181586037105,2544.505966142691,98.15261665740806,87.28176387875097,697.1655735192298,5.41579549663494,1265,-3.000009776530425,-6.016815751744881
680,229.005,9.670056607442929,2542.032289263875,197.27560424987266,1931.4231317992342,2544.505850128117,98.15256985319006,87.27767817865366,697.0884619058236,5.416037642054603,1265,-3.000009790971961,-6.016199415176702
681,229.015,9.670534187837086,2542.032119979775,197.2629399877409,1931.4281047704517,2544.5057341123565,98.152523048866,87.27359346384495,697.0113539041345,5.416279776133811,1265,-3.0000098054133644,-6.015583144508883
682,229.02499999999998,9.671011702641726,2542.031950688343,197.25028075853805,1931.4330775174187,2544.5056180954093,98.15247624443589,87.26950973394257,696.9342495132909,5.4165218988753,1265,-3.000009819854635,-6.0149669397293986
683,229.035,9.671489151874091,2542.0317813895836,197.23762655999292,1931.438050040189,2544.505502077276,98.15242943989969,87.26542698856447,696.8571487324216,5.416764010281806,1265,-3.000009834295773,-6.0143508008262
684,229.045,9.671966535551443,2542.031612083502,197.22497738956756,1931.4430223388188,2544.5053860579587,98.15238263525742,87.26134522732877,696.7800515606558,5.417006110356062,1265,-3.0000098487367772,-6.013734727787244
685,229.05499999999998,9.672443853691016,2542.0314427700982,197.2123332447128,1931.4479944133618,2544.5052700374536,98.15233583050914,87.25726444985379,696.7029579971231,5.4172481991008015,1265,-3.000009863177649,-6.0131187206005094
686,229.065,9.672921106310053,2542.031273449379,197.19969412317803,1931.4529662638736,2544.5051540157647,98.1522890256548,87.25318465575799,696.6258680409535,5.417490276518755,1265,-3.0000098776183868,-6.012502779253962
687,229.075,9.673398293425798,2542.031104121348,197.18706002244784,1931.4579378904098,2544.5050379928903,98.15224222069442,87.24910584466005,696.548781691277,5.417732342612654,1265,-3.000009892058992,-6.0118869037355385
688,229.08499999999998,9.673875415055473,2542.0309347860075,197.174430940145,1931.4629092930243,2544.504921968831,98.152195415628,87.24502801617884,696.4716989472241,5.417974397385227,1265,-3.0000099064994625,-6.011271094033226
689,229.09499999999997,9.674352471216311,2542.0307654433627,197.1618068737851,1931.4678804717728,2544.5048059435867,98.15214861045554,87.2409511699334,696.3946198079259,5.418216440839203,1265,-3.0000099209397995,-6.010655350134979
690,229.105,9.674829461925528,2542.0305960934165,197.14918782092698,1931.4728514267097,2544.504689917158,98.15210180517705,87.23687530554292,696.3175442725135,5.41845847297731,1265,-3.000009935380003,-6.0100396720287685
691,229.11499999999998,9.675306387200344,2542.030426736173,197.13657377918605,1931.477822157889,2544.504573889545,98.15205499979255,87.23280042262682,696.2404723401183,5.418700493802272,1265,-3.0000099498200723,-6.009424059702544
692,229.12499999999997,9.675783247057975,2542.030257371636,197.12396474610244,1931.4827926653663,2544.504457860748,98.15200819430203,87.22872652080473,696.1634040098726,5.418942503316817,1265,-3.000009964260007,-6.008808513144272
693,229.135,9.676260041515624,2542.03008799981,197.11136071931486,1931.487762949196,2544.504341830768,98.15196138870547,87.22465359969637,696.0863392809082,5.4191845015236675,1265,-3.000009978699808,-6.008193032341918
694,229.14499999999998,9.676736770590503,2542.029918620698,197.09876169636917,1931.4927330094338,2544.5042257996047,98.15191458300293,87.22058165892172,696.0092781523579,5.419426488425546,1265,-3.000009993139474,-6.007577617283447
695,229.15499999999997,9.67721343429981,2542.0297492343025,197.0861676748208,1931.497702846134,2544.504109767257,98.1518677771944,87.2165106981009,695.9322206233545,5.419668464025177,1265,-3.0000100075790055,-6.006962267956833
696,229.165,9.677690032660735,2542.029579840629,197.0735786522075,1931.50267245935,2544.5039937337265,98.15182097127982,87.21244071685426,695.8551666930313,5.419910428325279,1265,-3.000010022018402,-6.006346984350017
697,229.17499999999998,9.678166565690477,2542.0294104396808,197.06099462622657,1931.5076418491387,2544.503877699013,98.15177416525928,87.20837171480227,695.7781163605218,5.420152381328574,1265,-3.0000100364576636,-6.005731766450985
698,229.18499999999997,9.678643033406214,2542.0292410314614,197.0484155943138,1931.5126110155525,2544.503761663117,98.15172735913276,87.20430369156564,695.7010696249599,5.420394323037779,1265,-3.0000100508967904,-6.005116614247685
699,229.195,9.679119435825136,2542.0290716159748,197.03584155419034,1931.517579958648,2544.503645626038,98.15168055290025,87.20023664676523,695.62402648548,5.420636253455612,1265,-3.000010065335782,-6.0045015277280855
700,229.20499999999998,9.679595772964415,2542.028902193224,197.02327250344717,1931.5225486784782,2544.503529587777,98.15163374656176,87.19617058002208,695.5469869412167,5.420878172584791,1265,-3.000010079774638,-6.003886506880154
701,229.21499999999997,9.68007204484123,2542.0287327632154,197.01070843956762,1931.5275171750995,2544.503413548335,98.15158694011728,87.19210549095745,695.4699509913046,5.421120080428032,1265,-3.000010094213358,-6.003271551691855
702,229.225,9.680548251472745,2542.0285633259487,196.99814936019214,1931.5324854485646,2544.50329750771,98.15154013356684,87.18804137919271,695.3929186348792,5.421361976988049,1265,-3.000010108651943,-6.002656662151152
703,229.23499999999999,9.681024392876129,2542.02839388143,196.98559526287778,1931.5374534989298,2544.5031814659033,98.15149332691043,87.18397824434949,695.315889871076,5.421603862267554,1265,-3.000010123090392,-6.00204183824601
704,229.24499999999998,9.681500469068533,2542.028224429664,196.97304614519794,1931.542421326248,2544.5030654229167,98.15144652014804,87.17991608604956,695.238864699031,5.421845736269263,1265,-3.0000101375287045,-6.0014270799643885
705,229.255,9.681976480067123,2542.0280549706526,196.96050200496052,1931.547388930575,2544.502949378748,98.15139971327972,87.17585490391487,695.1618431178803,5.422087598995884,1265,-3.0000101519668814,-6.000812387294252
706,229.265,9.682452425889043,2542.0278855044,196.94796283944675,1931.552356311964,2544.502833333398,98.15135290630543,87.17179469756758,695.0848251267606,5.42232945045013,1265,-3.0000101664049224,-6.00019776022357
707,229.27499999999998,9.682928306551437,2542.0277160309106,196.9354286464835,1931.55732347047,2544.502717286868,98.15130609922522,87.16773546662999,695.0078107248089,5.422571290634709,1265,-3.000010180842826,-5.999583198740318
708,229.285,9.683404122071464,2542.027546550187,196.9228994234768,1931.5622904061493,2544.5026012391577,98.15125929203904,87.16367721072463,694.9307999111622,5.4228131195523295,1265,-3.000010195280594,-5.998968702832434
709,229.295,9.683879872466242,2542.027377062235,196.9103751682564,1931.5672571190537,2544.5024851902676,98.15121248474694,87.15961992947415,694.8537926849584,5.4230549372057,1265,-3.000010209718225,-5.998354272487909
710,229.30499999999998,9.684355557752909,2542.027207567054,196.89785587818778,1931.5722236092377,2544.5023691401952,98.1511656773489,87.15556362250146,694.7767890453352,5.423296743597526,1265,-3.000010224155719,-5.997739907694706
711,229.315,9.6848311779486,2542.0270380646534,196.8853415510317,1931.5771898767582,2544.502253088946,98.15111886984494,87.15150828942957,694.6997889914311,5.423538538730512,1265,-3.000010238593076,-5.9971256084407685
712,229.325,9.685306733070432,2542.026868555033,196.87283218428843,1931.5821559216665,2544.5021370365157,98.15107206223504,87.14745392988175,694.6227925223843,5.423780322607363,1265,-3.000010253030296,-5.9965113747140855
713,229.33499999999998,9.685782223135533,2542.0266990381983,196.86032777566487,1931.5871217440194,2544.5020209829063,98.15102525451923,87.14340054348138,694.5457996373341,5.424022095230783,1265,-3.000010267467379,-5.995897206502608
714,229.34499999999997,9.686257648161012,2542.026529514152,196.84782832264645,1931.5920873438704,2544.501904928118,98.15097844669751,87.13934812985205,694.4688103354196,5.424263856603472,1265,-3.000010281904324,-5.995283103794314
715,229.355,9.686733008163984,2542.0263599829,196.83533382297125,1931.5970527212733,2544.5017888721522,98.15093163876986,87.13529668861753,694.3918246157804,5.424505606728133,1265,-3.0000102963411317,-5.994669066577164
716,229.36499999999998,9.687208303161551,2542.026190444441,196.8228442741643,1931.6020178762826,2544.5016728150053,98.15088483073635,87.1312462194018,694.3148424775563,5.424747345607464,1265,-3.0000103107778013,-5.994055094839122
717,229.37499999999997,9.687683533170812,2542.0260208987843,196.81035967385378,1931.606982808952,2544.501556756681,98.1508380225969,87.12719672182897,694.2378639198879,5.424989073244167,1265,-3.000010325214333,-5.993441188568164
718,229.385,9.68815869820888,2542.0258513459303,196.7978800196826,1931.6119475193377,2544.5014406971786,98.15079121435156,87.12314819552334,694.1608889419155,5.425230789640937,1265,-3.0000103396507267,-5.992827347752244
719,229.39499999999998,9.688633798292832,2542.0256817858835,196.78540530918167,1931.616912007492,2544.5013246364983,98.15074440600034,87.11910064010942,694.08391754278,5.425472494800473,1265,-3.000010354086983,-5.992213572379335
720,229.40499999999997,9.68910883343977,2542.025512218648,196.77293554000173,1931.6218762734702,2544.5012085746393,98.15069759754323,87.11505405521189,694.0069497216228,5.425714188725469,1265,-3.0000103685231,-5.991599862437397
721,229.415,9.689583803666768,2542.0253426442277,196.76047070984242,1931.6268403173256,2544.501092511604,98.15065078898027,87.11100844045558,693.9299854775854,5.42595587141862,1265,-3.000010382959079,-5.99098621791441
722,229.42499999999998,9.690058708990906,2542.0251730626264,196.74801081619145,1931.6318041391125,2544.5009764473916,98.1506039803114,87.10696379546555,693.8530248098099,5.426197542882622,1265,-3.0000103973949193,-5.990372638798334
723,229.43499999999997,9.690533549429265,2542.025003473846,196.73555585673105,1931.6367677388857,2544.5008603820006,98.15055717153666,87.10292011986698,693.7760677174383,5.4264392031201645,1265,-3.0000104118306212,-5.989759125077134
724,229.445,9.691008324998919,2542.024833877893,196.7231058290888,1931.6417311166995,2544.500744315434,98.15051036265606,87.09887741328531,693.6991141996132,5.426680852133941,1265,-3.000010426266184,-5.989145676738778
725,229.45499999999998,9.691483035716924,2542.024664274769,196.7106607309059,1931.6466942726063,2544.5006282476907,98.15046355366962,87.09483567534606,693.6221642554776,5.426922489926643,1265,-3.0000104407016077,-5.988532293771238
726,229.46499999999997,9.691957681600353,2542.0244946644775,196.69822055967677,1931.6516572066623,2544.500512178771,98.1504167445773,87.09079490567501,693.5452178841749,5.427164116500958,1265,-3.0000104551368922,-5.987918976162481
727,229.475,9.692432262666255,2542.024325047025,196.68578531316783,1931.6566199189201,2544.5003961086745,98.15036993537913,87.08675510389808,693.4682750848484,5.427405731859575,1265,-3.000010469572038,-5.9873057239004766
728,229.48499999999999,9.69290677893169,2542.0241554224103,196.67335498892493,1931.6615824094342,2544.5002800374023,98.15032312607514,87.0827162696414,693.3913358566422,5.427647336005183,1265,-3.000010484007044,-5.986692536973182
729,229.49499999999998,9.693381230413703,2542.023985790642,196.66092958463136,1931.6665446782586,2544.5001639649545,98.15027631666527,87.07867840253125,693.3144001987005,5.427888928940467,1265,-3.00001049844191,-5.986079415368575
730,229.505,9.693855617129335,2542.023816151723,196.64850909786344,1931.6715067254465,2544.500047891332,98.15022950714958,87.0746415021941,693.2374681101677,5.4281305106681135,1265,-3.000010512876636,-5.985466359074618
731,229.515,9.694329939095637,2542.023646505654,196.63609352635564,1931.6764685510539,2544.499931816533,98.15018269752805,87.07060556825658,693.1605395901888,5.428372081190805,1265,-3.0000105273112228,-5.984853368079287
732,229.52499999999998,9.694804196329635,2542.0234768524415,196.623682867559,1931.6814301551326,2544.4998157405603,98.1501358878007,87.06657060034556,693.0836146379091,5.428613640511227,1265,-3.0000105417456693,-5.98424044237055
733,229.535,9.695278388848365,2542.023307192087,196.6112771192348,1931.686391537738,2544.499699663411,98.15008907796752,87.06253659808797,693.0066932524742,5.42885518863206,1265,-3.000010556179975,-5.9836275819363784
734,229.545,9.695752516668852,2542.0231375245967,196.5988762789787,1931.6913526989235,2544.499583585088,98.15004226802854,87.05850356111107,692.9297754330299,5.429096725555986,1265,-3.000010570614141,-5.9830147867647225
735,229.55499999999998,9.69622657980812,2542.0229678499722,196.58648034444184,1931.6963136387428,2544.4994675055914,98.14999545798374,87.05447148904219,692.8528611787224,5.429338251285687,1265,-3.000010585048167,-5.982402056843572
736,229.565,9.696700578283185,2542.022798168218,196.57408931320563,1931.7012743572493,2544.499351424919,98.14994864783311,87.05044038150886,692.7759504886983,5.429579765823839,1265,-3.000010599482052,-5.981789392160885
737,229.575,9.69717451211106,2542.0226284793366,196.56170318299118,1931.7062348544976,2544.4992353430725,98.14990183757668,87.04641023813883,692.6990433621044,5.4298212691731225,1265,-3.000010613915796,-5.981176792704649
738,229.58499999999998,9.69764838130876,2542.022458783334,196.54932195143692,1931.7111951305421,2544.4991192600537,98.14985502721444,87.04238105855997,692.6221397980879,5.430062761336214,1265,-3.0000106283493992,-5.980564258462805
739,229.59499999999997,9.698122185893283,2542.022289080213,196.5369456160818,1931.7161551854354,2544.499003175861,98.14980821674645,87.03835284240037,692.5452397957965,5.430304242315789,1265,-3.0000106427828612,-5.97995178942335
740,229.605,9.698595925881628,2542.0221193699763,196.5245741746358,1931.721115019231,2544.4988870904945,98.14976140617263,87.03432558928829,692.468343354378,5.430545712114524,1265,-3.0000106572161824,-5.979339385574233
741,229.61499999999998,9.699069601290802,2542.0219496526274,196.5122076247959,1931.7260746319844,2544.498771003955,98.14971459549304,87.03029929885214,692.3914504729805,5.430787170735092,1265,-3.0000106716493624,-5.978727046903441
742,229.62499999999997,9.699543212137785,2542.0217799281713,196.49984596404158,1931.7310340237482,2544.4986549162427,98.14966778470766,87.02627397072057,692.3145611507525,5.431028618180167,1265,-3.0000106860824007,-5.978114773398933
743,229.635,9.700016758439572,2542.0216101966107,196.4874891901703,1931.7359931945766,2544.498538827357,98.14962097381651,87.0222496045223,692.2376753868431,5.43127005445242,1265,-3.0000107005152974,-5.9775025650486855
744,229.64499999999998,9.70049024021314,2542.021440457949,196.47513730078978,1931.7409521445222,2544.4984227372997,98.14957416281959,87.01822619988636,692.1607931804011,5.431511479554521,1265,-3.000010714948052,-5.97689042184067
745,229.65499999999997,9.700963657475462,2542.0212707121927,196.46279029353718,1931.7459108736386,2544.4983066460704,98.1495273517169,87.01420375644187,692.0839145305764,5.431752893489142,1265,-3.0000107293806653,-5.976278343762854
746,229.665,9.701437010243527,2542.021100959342,196.45044816607594,1931.7508693819818,2544.4981905536692,98.14948054050845,87.01018227381815,692.0070394365185,5.431994296258951,1265,-3.0000107438131365,-5.975666330803211
747,229.67499999999998,9.701910298534296,2542.0209311994017,196.43811091601762,1931.7558276696034,2544.4980744600953,98.14943372919423,87.0061617516447,691.9301678973778,5.432235687866616,1265,-3.0000107582454656,-5.975054382949713
748,229.68499999999997,9.702383522364734,2542.020761432376,196.42577854101688,1931.7607857365574,2544.4979583653508,98.14938691777427,87.00214218955117,691.8532999123048,5.432477068314803,1265,-3.0000107726776526,-5.97444250019032
749,229.695,9.702856681751806,2542.0205916582677,196.41345103878416,1931.765743582898,2544.4978422694344,98.14934010624854,86.99812358716744,691.7764354804501,5.432718437606179,1265,-3.0000107871096966,-5.973830682513023
750,229.70499999999998,9.70332977671246,2542.0204218770805,196.40112840696986,1931.7707012086773,2544.4977261723466,98.1492932946171,86.99410594412355,691.6995746009651,5.4329597957434075,1265,-3.000010801541598,-5.973218929905778
751,229.71499999999997,9.703802807263658,2542.0202520888197,196.38881064313748,1931.7756586139515,2544.497610074089,98.14924648287992,86.99008926004969,691.6227172730011,5.433201142729154,1265,-3.000010815973357,-5.972607242356572
752,229.725,9.704275773422335,2542.0200822934867,196.37649774504297,1931.7806157987707,2544.4974939746608,98.149199671037,86.98607353457624,691.5458634957099,5.4334424785660795,1265,-3.0000108304049733,-5.9719956198533675
753,229.73499999999999,9.704748675205444,2542.0199124910855,196.36418971036565,1931.7855727631909,2544.4973778740605,98.14915285908835,86.98205876733374,691.4690132682438,5.433683803256846,1265,-3.000010844836446,-5.971384062384142
754,229.74499999999998,9.705221512629928,2542.0197426816217,196.35188653666347,1931.7905295072658,2544.4972617722915,98.14910604703397,86.97804495795297,691.392166589755,5.433925116804115,1265,-3.000010859267776,-5.970772569936855
755,229.755,9.705694285712703,2542.019572865097,196.33958822168762,1931.7954860310467,2544.497145669352,98.14905923487385,86.97403210606483,691.3153234593965,5.4341664192105466,1265,-3.0000108736989626,-5.970161142499499
756,229.765,9.706166994470713,2542.0194030415155,196.32729476298013,1931.8004423345888,2544.4970295652424,98.14901242260802,86.9700202113004,691.2384838763214,5.434407710478798,1265,-3.0000108881300056,-5.969549780060033
757,229.77499999999998,9.70663963892088,2542.0192332108804,196.31500615833855,1931.8053984179442,2544.4969134599633,98.1489656102365,86.96600927329092,691.161647839683,5.434648990611527,1265,-3.000010902560906,-5.968938482606443
758,229.785,9.707112219080129,2542.0190633731972,196.30272240537917,1931.8103542811682,2544.496797353516,98.14891879775926,86.96199929166788,691.0848153486353,5.434890259611391,1265,-3.0000109169916613,-5.968327250126686
759,229.795,9.707584734965373,2542.0188935284677,196.29044350179757,1931.8153099243127,2544.496681245899,98.14887198517633,86.95799026606286,691.0079864023321,5.435131517481044,1265,-3.0000109314222736,-5.967716082608747
760,229.80499999999998,9.70805718659352,2542.018723676696,196.27816944520828,1931.8202653474311,2544.4965651371126,98.1488251724877,86.95398219610769,690.931160999928,5.435372764223143,1265,-3.0000109458527415,-5.967104980040608
761,229.815,9.708529573981487,2542.0185538178853,196.26590023333975,1931.8252205505783,2544.4964490271573,98.1487783596934,86.94997508143432,690.8543391405776,5.435613999840339,1265,-3.000010960283066,-5.966493942410224
762,229.825,9.70900189714617,2542.0183839520405,196.25363586377821,1931.8301755338055,2544.4963329160346,98.14873154679339,86.94596892167488,690.7775208234361,5.4358552243352865,1265,-3.0000109747132457,-5.965882969705583
763,229.83499999999998,9.709474156104472,2542.018214079164,196.241376334319,1931.8351302971669,2544.496216803743,98.1486847337877,86.9419637164617,690.7007060476589,5.436096437710635,1265,-3.000010989143281,-5.9652720619146535
764,229.84499999999997,9.709946350873286,2542.01804419926,196.22912164249468,1931.8400848407164,2544.4961006902845,98.14863792067632,86.9379594654273,690.6238948124015,5.436337639969036,1265,-3.0000110035731717,-5.964661219025407
765,229.855,9.710418481469507,2542.0178743123297,196.216871786093,1931.8450391645067,2544.495984575655,98.14859110745927,86.93395616820432,690.5470871168202,5.436578831113139,1265,-3.000011018002918,-5.964050441025835
766,229.86499999999998,9.710890547910013,2542.017704418382,196.20462676274616,1931.8499932685907,2544.495868459861,98.14854429413656,86.92995382442562,690.4702829600711,5.436820011145593,1265,-3.0000110324325195,-5.963439727903892
767,229.87499999999997,9.711362550211694,2542.017534517416,196.19238657016342,1931.854947153022,2544.495752342899,98.14849748070817,86.92595243372423,690.3934823413114,5.437061180069044,1265,-3.0000110468619763,-5.9628290796475625
768,229.885,9.711834488391421,2542.0173646094377,196.18015120595265,1931.8599008178542,2544.4956362247694,98.14845066717413,86.92195199573335,690.3166852596975,5.4373023378861385,1265,-3.000011061291288,-5.962218496244821
769,229.89499999999998,9.71230636246607,2542.017194694449,196.16792066789398,1931.8648542631397,2544.4955201054727,98.14840385353443,86.91795251008634,690.239891714387,5.437543484599523,1265,-3.0000110757204537,-5.961607977683653
770,229.90499999999997,9.712778172452506,2542.0170247724554,196.1556949535416,1931.869807488932,2544.495403985011,98.1483570397891,86.91395397641676,690.1631017045376,5.437784620211841,1265,-3.0000110901494748,-5.960997523952017
771,229.915,9.713249918367598,2542.016854843457,196.14347406066733,1931.8747604952848,2544.49528786338,98.14831022593813,86.90995639435832,690.0863152293073,5.438025744725736,1265,-3.0000111045783506,-5.960387135037913
772,229.92499999999998,9.713721600228203,2542.016684907462,196.1312579870273,1931.8797132822503,2544.4951717405843,98.1482634119815,86.90595976354494,690.0095322878543,5.43826685814385,1265,-3.00001111900708,-5.9597768109292915
773,229.93499999999997,9.714193218051175,2542.0165149644704,196.1190467301409,1931.8846658498824,2544.495055616622,98.14821659791924,86.90196408361068,689.9327528793375,5.438507960468825,1265,-3.000011133435664,-5.959166551614155
774,229.945,9.714664771853364,2542.016345014489,196.1068402878304,1931.889618198233,2544.494939491495,98.14816978375137,86.89796935418978,689.8559770029156,5.4387490517033,1265,-3.0000111478641016,-5.9585563570804565
775,229.95499999999998,9.715136261651626,2542.016175057518,196.09463865768492,1931.8945703273569,2544.4948233652012,98.14812296947785,86.89397557491668,689.7792046577479,5.438990131849915,1265,-3.000011162292394,-5.957946227316189
776,229.96499999999997,9.71560768746279,2542.016005093563,196.08244183750585,1931.8995222373055,2544.494707237742,98.14807615509872,86.88998274542595,689.7024358429941,5.439231200911308,1265,-3.00001117672054,-5.957336162309327
777,229.975,9.716079049303701,2542.0158351226282,196.0702498248633,1931.9044739281326,2544.494591109119,98.14802934061397,86.8859908653524,689.6256705578141,5.439472258890118,1265,-3.00001119114854,-5.956726162047841
778,229.98499999999999,9.716550347191188,2542.0156651447146,196.0580626175667,1931.9094253998906,2544.4944749793303,98.1479825260236,86.88199993433092,689.5489088013683,5.4397133057889775,1265,-3.0000112055763926,-5.956116226519715
779,229.99499999999998,9.71702158114209,2542.015495159828,196.04588021320285,1931.9143766526338,2544.4943588483766,98.14793571132763,86.87800995199669,689.472150572817,5.439954341610524,1265,-3.0000112200040987,-5.955506355712933
780,230.005,9.71749275117322,2542.0153251679703,196.03370260955364,1931.9193276864135,2544.4942427162573,98.14788889652604,86.87402091798494,689.3953958713212,5.4401953663573925,1265,-3.0000112344316587,-5.954896549615471
781,230.015,9.71796385730141,2542.015155169148,196.02152980426885,1931.9242785012846,2544.4941265829752,98.14784208161888,86.87003283193118,689.3186446960422,5.440436380032215,1265,-3.000011248859072,-5.954286808215292
782,230.02499999999998,9.718434899543466,2542.0149851633623,196.0093617950468,1931.9292290972985,2544.494010448529,98.1477952666061,86.86604569347105,689.2418970461415,5.440677382637623,1265,-3.000011263286338,-5.953677131500391
783,230.035,9.7189058779162,2542.0148151506155,195.99719857961472,1931.9341794745078,2544.4938943129177,98.14774845148773,86.86205950224033,689.165152920781,5.440918374176249,1265,-3.000011277713457,-5.953067519458746
784,230.045,9.719376792436426,2542.0146451309156,195.98504015563444,1931.9391296329663,2544.493778176144,98.14770163626379,86.85807425787505,689.0884123191228,5.441159354650723,1265,-3.0000112921404285,-5.952457972078328
785,230.05499999999998,9.719847643120941,2542.014475104263,195.9728865208691,1931.944079572727,2544.4936620382073,98.14765482093428,86.85408996001135,689.0116752403295,5.441400324063672,1265,-3.0000113065672522,-5.951848489347126
786,230.065,9.720318429986548,2542.014305070661,195.960737672986,1931.9490292938426,2544.4935458991063,98.14760800549918,86.85010660828556,688.9349416835639,5.441641282417725,1265,-3.000011320993929,-5.951239071253113
787,230.075,9.720789153050037,2542.0141350301137,195.94859360964344,1931.953978796365,2544.493429758842,98.14756118995851,86.8461242023342,688.8582116479892,5.441882229715512,1265,-3.0000113354204583,-5.950629717784279
788,230.08499999999998,9.721259812328197,2542.013964982625,195.93645432871327,1931.9589280803473,2544.4933136174154,98.1475143743123,86.84214274179392,688.7814851327688,5.442123165959655,1265,-3.0000113498468393,-5.950020428928596
789,230.09499999999997,9.721730407837821,2542.013794928199,195.92431982764333,1931.9638771458433,2544.493197474826,98.1474675585605,86.83816222630163,688.7047621370666,5.442364091152782,1265,-3.0000113642730724,-5.949411204674049
790,230.105,9.72220093959568,2542.013624866839,195.91219010433673,1931.9688259929046,2544.493081331075,98.14742074270316,86.8341826554943,688.6280426600466,5.442605005297515,1265,-3.000011378699158,-5.948802045008609
791,230.11499999999998,9.722671407618567,2542.0134547985485,195.90006515646573,1931.9737746215858,2544.4929651861617,98.14737392674027,86.83020402900918,688.5513267008733,5.442845908396478,1265,-3.0000113931250945,-5.9481929499202675
792,230.12499999999997,9.723141811923231,2542.0132847233303,195.8879449817148,1931.9787230319369,2544.4928490400866,98.14732711067181,86.82622634648361,688.4746142587115,5.443086800452294,1265,-3.0000114075508835,-5.94758391939701
793,230.135,9.72361215252646,2542.013114641189,195.87582957778912,1931.9836712240126,2544.4927328928493,98.14728029449782,86.82224960755514,688.3979053327263,5.443327681467582,1265,-3.0000114219765233,-5.9469749534268
794,230.14499999999998,9.724082429444998,2542.0129445521256,195.86371894250962,1931.9886191978633,2544.492616744449,98.1472334782183,86.81827381186149,688.3211999220829,5.443568551444963,1265,-3.0000114364020147,-5.946366051997651
795,230.15499999999997,9.724552642695627,2542.0127744561473,195.8516130734146,1931.9935669535448,2544.49250059489,98.14718666183325,86.81429895904056,688.2444980259473,5.443809410387057,1265,-3.0000114508273574,-5.945757215097503
796,230.165,9.725022792295091,2542.0126043532564,195.83951196839283,1931.9985144911084,2544.492384444169,98.14713984534266,86.8103250487304,688.1677996434854,5.44405025829648,1265,-3.000011465252552,-5.945148442714367
797,230.17499999999998,9.725492878260134,2542.0124342434547,195.8274156249718,1932.0034618106056,2544.492268292286,98.14709302874654,86.80635208056925,688.0911047738635,5.444291095175851,1265,-3.000011479677596,-5.94453973483623
798,230.18499999999997,9.72596290060751,2542.012264126749,195.8153240411206,1932.0084089120899,2544.492152139245,98.14704621204491,86.80238005419551,688.0144134162485,5.444531921027784,1265,-3.0000114941024916,-5.943931091451056
799,230.195,9.726432859353965,2542.0120940031397,195.80323721430378,1932.0133557956144,2544.4920359850416,98.14699939523777,86.79840896924777,687.9377255698073,5.4447727358548965,1265,-3.0000115085272387,-5.943322512546837
800,230.20499999999998,9.726902754516232,2542.011923872632,195.7911551424438,1932.0183024612315,2544.491919829678,98.14695257832511,86.7944388253648,687.8610412337072,5.445013539659801,1265,-3.000011522951836,-5.942713998111553
801,230.21499999999997,9.727372586111038,2542.0117537352285,195.77907782311135,1932.0232489089926,2544.4918036731547,98.14690576130697,86.79046962218547,687.7843604071157,5.445254332445109,1265,-3.0000115373762832,-5.942105548133197
802,230.225,9.727842354155117,2542.011583590934,195.7670052541704,1932.0281951389507,2544.4916875154718,98.14685894418331,86.78650135934892,687.707683089201,5.445495114213435,1265,-3.000011551800581,-5.941497162599749
803,230.23499999999999,9.728312058665194,2542.011413439751,195.75493743323202,1932.0331411511584,2544.491571356629,98.14681212695416,86.7825340364944,687.6310092791314,5.445735884967389,1265,-3.0000115662247286,-5.940888841499189
804,230.24499999999998,9.728781699657992,2542.011243281684,195.74287435811706,1932.0380869456692,2544.4914551966276,98.14676530961952,86.77856765326135,687.5543389760753,5.445976644709582,1265,-3.0000115806487266,-5.940280584819499
805,230.255,9.72925127715022,2542.0110731167365,195.73081602647207,1932.043032522534,2544.4913390354673,98.1467184921794,86.77460220928938,687.4776721792017,5.446217393442621,1265,-3.0000115950725745,-5.939672392548671
806,230.265,9.729720791158599,2542.01090294491,195.71876243608804,1932.0479778818064,2544.491222873147,98.14667167463378,86.77063770421826,687.4010088876798,5.446458131169115,1265,-3.0000116094962723,-5.939064264674698
807,230.27499999999998,9.730190241699825,2542.0107327662104,195.70671358471415,1932.0529230235377,2544.491106709669,98.14662485698268,86.76667413768797,687.3243491006795,5.446698857891671,1265,-3.0000116239198205,-5.9384562011855415
808,230.285,9.730659628790606,2542.0105625806414,195.69466946998398,1932.0578679477812,2544.490990545033,98.14657803922613,86.76271150933862,687.2476928173701,5.446939573612895,1265,-3.000011638343217,-5.9378482020692065
809,230.295,9.731128952447646,2542.0103923882034,195.68263008962893,1932.0628126545898,2544.4908743792375,98.1465312213641,86.75874981881049,687.1710400369222,5.447180278335392,1265,-3.000011652766463,-5.937240267313677
810,230.30499999999998,9.731598212687627,2542.0102221889038,195.6705954415663,1932.0677571440135,2544.490758212285,98.14648440339661,86.75478906574406,687.0943907585063,5.447420972061766,1265,-3.000011667189559,-5.93663239690693
811,230.315,9.73206740952725,2542.0100519827424,195.65856552331655,1932.0727014161073,2544.4906420441735,98.14643758532365,86.75082924977998,687.017744981293,5.44766165479462,1265,-3.0000116816125035,-5.936024590836969
812,230.325,9.732536542983194,2542.0098817697244,195.64654033278825,1932.077645470922,2544.4905258749036,98.14639076714525,86.74687037055902,686.9411027044537,5.447902326536556,1265,-3.000011696035297,-5.935416849091764
813,230.33499999999998,9.733005613072137,2542.0097115498556,195.6345198675922,1932.0825893085098,2544.4904097044787,98.14634394886139,86.7429124277222,686.8644639271597,5.448142987290176,1265,-3.0000117104579394,-5.9348091716593085
814,230.34499999999997,9.733474619810766,2542.0095413231365,195.62250412560684,1932.0875329289238,2544.4902935328955,98.14629713047209,86.73895542091064,686.7878286485828,5.448383637058077,1265,-3.0000117248804314,-5.93420155852759
815,230.355,9.733943563215744,2542.0093710895712,195.6104931044211,1932.0924763322155,2544.490177360155,98.14625031197737,86.73499934976569,686.7111968678953,5.44862427584286,1265,-3.0000117393027717,-5.933594009684595
816,230.36499999999998,9.734412443303748,2542.009200849165,195.59848680180045,1932.0974195184383,2544.490061186259,98.14620349337719,86.7310442139288,686.6345685842695,5.448864903647124,1265,-3.00001175372496,-5.932986525118316
817,230.37499999999997,9.734881260091434,2542.0090306019183,195.58648521564388,1932.102362487643,2544.4899450112052,98.14615667467159,86.72709001304163,686.5579437968779,5.449105520473464,1265,-3.000011768146997,-5.932379104816733
818,230.385,9.735350013595466,2542.008860347837,195.57448834359488,1932.1073052398824,2544.4898288349955,98.14610985586056,86.72313674674605,686.4813225048939,5.449346126324477,1265,-3.000011782568882,-5.9317717487678445
819,230.39499999999998,9.735818703832498,2542.0086900869246,195.56249618333655,1932.1122477752092,2544.4897126576298,98.14606303694411,86.71918441468404,686.4047047074907,5.449586721202759,1265,-3.000011796990615,-5.931164456959632
820,230.40499999999997,9.736287330819174,2542.008519819183,195.55050873272538,1932.1171900936736,2544.489596479108,98.14601621792225,86.71523301649775,686.3280904038421,5.449827305110902,1265,-3.000011811412196,-5.930557229380087
821,230.415,9.736755894572156,2542.0083495446183,195.5385259893907,1932.1221321953308,2544.4894802994318,98.14596939879496,86.71128255182956,686.251479593122,5.450067878051501,1265,-3.000011825833625,-5.929950066017195
822,230.42499999999998,9.737224395108067,2542.008179263231,195.52654795123766,1932.1270740802297,2544.489364118599,98.14592257956227,86.70733302032193,686.1748722745048,5.450308440027146,1265,-3.0000118402549014,-5.929342966858953
823,230.43499999999997,9.737692832443562,2542.008008975026,195.51457461584545,1932.1320157484247,2544.489247936611,98.14587576022417,86.70338442161759,686.098268447165,5.45054899104043,1265,-3.0000118546760257,-5.928735931893345
824,230.445,9.738161206595263,2542.0078386800064,195.50260598113397,1932.1369571999671,2544.4891317534675,98.14582894078067,86.69943675535936,686.0216681102777,5.450789531093941,1265,-3.0000118690969972,-5.928128961108367
825,230.45499999999998,9.738629517579808,2542.0076683781767,195.4906420447547,1932.1418984349095,2544.48901556917,98.14578212123179,86.69549002119027,685.945071263018,5.45103006019027,1265,-3.0000118835178164,-5.927522054492011
826,230.46499999999997,9.739097765413813,2542.00749806954,195.47868280454585,1932.1468394533028,2544.4888993837176,98.14573530157752,86.69154421875349,685.8684779045618,5.451270578332004,1265,-3.0000118979384824,-5.926915212032257
827,230.475,9.739565950113903,2542.007327754098,195.46672825814898,1932.1517802551996,2544.48878319711,98.14568848181786,86.68759934769241,685.7918880340846,5.451511085521729,1265,-3.0000119123589952,-5.9263084337171055
828,230.48499999999999,9.740034071696696,2542.0071574318567,195.4547784034164,1932.156720840652,2544.4886670093492,98.14564166195282,86.68365540765053,685.7153016507631,5.451751581762034,1265,-3.000011926779356,-5.925701719534546
829,230.49499999999998,9.7405021301788,2542.0069871028186,195.44283323806428,1932.161661209712,2544.488550820434,98.1455948419824,86.67971239827156,685.6387187537733,5.451992067055502,1265,-3.000011941199562,-5.925095069472568
830,230.505,9.74097012557682,2542.0068167669874,195.43089275994788,1932.1666013624306,2544.488434630365,98.14554802190662,86.67577031919936,685.5621393422924,5.452232541404718,1265,-3.0000119556196156,-5.92448848351917
831,230.515,9.741438057907366,2542.006646424367,195.4189569666345,1932.1715412988608,2544.4883184391438,98.14550120172545,86.67182917007796,685.4855634154975,5.452473004812265,1265,-3.0000119700395156,-5.923881961662335
832,230.52499999999998,9.741905927187037,2542.006476074959,195.40702585610705,1932.1764810190548,2544.488202246768,98.14545438143895,86.66788895055156,685.408990972566,5.452713457280724,1265,-3.0000119844592623,-5.923275503890059
833,230.535,9.742373733432427,2542.0063057187685,195.39509942600833,1932.1814205230642,2544.488086053239,98.14540756104708,86.66394966026455,685.3324220126758,5.452953898812676,1265,-3.000011998878855,-5.922669110190344
834,230.545,9.74284147666012,2542.0061353557985,195.3831776740862,1932.1863598109396,2544.4879698585582,98.14536074054988,86.66001129886143,685.2558565350049,5.453194329410703,1265,-3.0000120132982935,-5.922062780551173
835,230.55499999999998,9.743309156886706,2542.0059649860527,195.37126059816683,1932.1912988827341,2544.487853662724,98.14531391994731,86.65607386598697,685.1792945387318,5.453434749077384,1265,-3.000012027717578,-5.921456514960542
836,230.565,9.74377677412877,2542.0057946095353,195.3593481959865,1932.1962377384998,2544.487737465737,98.14526709923939,86.652137361286,685.1027360230352,5.4536751578152955,1265,-3.000012042136709,-5.920850313406449
837,230.575,9.744244328402885,2542.005624226248,195.34744046533444,1932.2011763782878,2544.4876212675986,98.14522027842615,86.64820178440357,685.0261809870941,5.453915555627017,1265,-3.000012056555686,-5.920244175876887
838,230.58499999999998,9.744711819725628,2542.0054538361946,195.33553740400927,1932.20611480215,2544.4875050683067,98.14517345750757,86.6442671349849,684.949629430088,5.454155942515122,1265,-3.000012070974508,-5.919638102359846
839,230.59499999999997,9.745179248113562,2542.0052834393805,195.32363900978822,1932.211053010138,2544.4873888678644,98.14512663648365,86.64033341267537,684.8730813511963,5.454396318482187,1265,-3.0000120853931755,-5.919032092843328
840,230.605,9.745646613583258,2542.0051130358074,195.3117452803632,1932.2159910023042,2544.48727266627,98.1450798153544,86.63640061712056,684.7965367495993,5.454636683530787,1265,-3.0000120998116886,-5.918426147315317
841,230.61499999999998,9.746113916151268,2542.004942625479,195.2998562135841,1932.2209287786995,2544.487156463525,98.14503299411984,86.63246874796614,684.7199956244774,5.454877037663494,1265,-3.0000121142300467,-5.917820265763821
842,230.62499999999997,9.746581155834154,2542.0047722083996,195.2879718071706,1932.2258663393761,2544.4870402596275,98.14498617277998,86.62853780485803,684.6434579750108,5.455117380882882,1265,-3.00001212864825,-5.917214448176836
843,230.635,9.74704833264847,2542.004601784571,195.27609205887782,1932.230803684386,2544.4869240545795,98.14493935133481,86.62460778744226,684.5669238003808,5.45535771319152,1265,-3.0000121430662987,-5.916608694542348
844,230.64499999999998,9.747515446610754,2542.0044313539993,195.26421696668973,1932.2357408137798,2544.4868078483814,98.14489252978431,86.62067869536504,684.4903930997683,5.455598034591979,1265,-3.000012157484192,-5.916003004848361
845,230.65499999999997,9.747982497737562,2542.004260916684,195.25234652813194,1932.240677727611,2544.486691641032,98.14484570812851,86.61675052827282,684.4138658723551,5.45583834508683,1265,-3.0000121719019295,-5.91539737908287
846,230.665,9.748449486045418,2542.0040904726325,195.2404807411165,1932.2456144259293,2544.4865754325324,98.14479888636744,86.6128232858121,684.3373421173231,5.45607864467864,1265,-3.000012186319512,-5.9147918172338745
847,230.67499999999998,9.74891641155087,2542.003920021845,195.2286196034078,1932.2505509087873,2544.4864592228814,98.14475206450105,86.60889696762962,684.2608218338544,5.4563189333699755,1265,-3.000012200736939,-5.914186319289374
848,230.68499999999997,9.749383274270432,2542.0037495643287,195.2167631128259,1932.2554871762356,2544.4863430120827,98.14470524252938,86.60497157337228,684.1843050211315,5.4565592111634045,1265,-3.000012215154211,-5.91358088523735
849,230.695,9.74985007422065,2542.003579100084,195.20491126707535,1932.2604232283281,2544.486226800134,98.14465842045244,86.60104710268713,684.1077916783372,5.456799478061491,1265,-3.0000122295713263,-5.912975515065828
850,230.70499999999998,9.750316811418024,2542.003408629116,195.19306406404172,1932.2653590651134,2544.4861105870355,98.14461159827022,86.59712355522139,684.0312818046547,5.4570397340668,1265,-3.000012243988286,-5.912370208762786
851,230.71499999999997,9.75078348587909,2542.003238151426,195.18122150137603,1932.2702946866455,2544.4859943727865,98.14456477598272,86.59320093062246,683.9547753992673,5.457279979181895,1265,-3.0000122584050897,-5.911764966316233
852,230.725,9.751250097620353,2542.00306766702,195.16938357696355,1932.2752300929747,2544.48587815739,98.14451795358993,86.58927922853788,683.8782724613588,5.45752021340934,1265,-3.000012272821737,-5.911159787714162
853,230.73499999999999,9.75171664665832,2542.0028971759007,195.1575502886417,1932.2801652841526,2544.4857619408444,98.14447113109188,86.58535844861541,683.8017729901134,5.457760436751693,1265,-3.0000122872382287,-5.910554672944571
854,230.74499999999998,9.752183133009494,2542.0027266780703,195.1457216340596,1932.2851002602304,2544.48564572315,98.14442430848858,86.58143859050293,683.7252769847152,5.458000649211517,1265,-3.000012301654564,-5.9099496219954695
855,230.755,9.752649556690379,2542.0025561735333,195.13389761118665,1932.29003502126,2544.4855295043067,98.14437748578003,86.57751965384847,683.6487844443491,5.458240850791371,1265,-3.0000123160707415,-5.909344634854851
856,230.765,9.753115917717466,2542.002385662293,195.12207821770235,1932.2949695672921,2544.4854132843157,98.14433066296623,86.5736016383003,683.5722953682,5.458481041493814,1265,-3.0000123304867627,-5.908739711510718
857,230.77499999999998,9.753582216107256,2542.0022151443513,195.1102634513959,1932.2999038983803,2544.485297063176,98.14428384004717,86.56968454350678,683.4958097554533,5.458721221321402,1265,-3.000012344902628,-5.908134851951075
858,230.785,9.754048451876224,2542.0020446197154,195.0984533101082,1932.3048380145726,2544.4851808408894,98.14423701702287,86.56576836911648,683.4193276052945,5.458961390276693,1265,-3.0000123593183354,-5.907530056163918
859,230.795,9.754514625040864,2542.0018740883866,195.0866477916387,1932.3097719159239,2544.4850646174555,98.14419019389334,86.56185311477815,683.3428489169095,5.459201548362242,1265,-3.000012373733887,-5.906925324137248
860,230.80499999999998,9.754980735617645,2542.001703550366,195.0748468937967,1932.3147056024827,2544.4849483928733,98.14414337065858,86.55793878014062,683.2663736894847,5.459441695580605,1265,-3.0000123881492806,-5.906320655859071
861,230.815,9.75544678362305,2542.0015330056603,195.06305061430245,1932.3196390743024,2544.4848321671443,98.1440965473186,86.554025364853,683.1899019222064,5.459681831934334,1265,-3.000012402564517,-5.905716051317389
862,230.825,9.755912769073543,2542.0013624542717,195.05125895107477,1932.324572331433,2544.4847159402684,98.14404972387337,86.55011286856448,683.1134336142618,5.459921957425982,1265,-3.0000124169795965,-5.905111510500199
863,230.83499999999998,9.756378691985587,2542.0011918962036,195.03947190183908,1932.3295053739253,2544.4845997122457,98.14400290032295,86.54620129092449,683.0369687648378,5.460162072058101,1265,-3.0000124313945182,-5.904507033395516
864,230.84499999999997,9.756844552375654,2542.0010213314595,195.02768946438516,1932.3344382018329,2544.4844834830765,98.1439560766673,86.54229063158255,682.9605073731218,5.4604021758332415,1265,-3.000012445809282,-5.903902619991335
865,230.855,9.757310350260193,2542.0008507600432,195.01591163659486,1932.339370815205,2544.4843672527613,98.14390925290643,86.53838089018838,682.8840494383019,5.460642268753953,1265,-3.0000124602238882,-5.903298270275661
866,230.86499999999998,9.757776085655657,2542.0006801819573,195.0041384162523,1932.3443032140938,2544.4842510212993,98.14386242904037,86.53447206639188,682.807594959566,5.460882350822786,1265,-3.0000124746383365,-5.902693984236497
867,230.87499999999997,9.7582417585785,2542.000509597205,194.99236980110027,1932.3492353985503,2544.484134788691,98.1438156050691,86.5305641598431,682.7311439361025,5.461122422042285,1265,-3.0000124890526263,-5.902089761861852
868,230.885,9.758707369045162,2542.0003390057923,194.98060578904418,1932.3541673686254,2544.4840185549388,98.14376878099263,86.52665717019225,682.6546963671001,5.461362482415001,1265,-3.000012503466759,-5.901485603139719
869,230.89499999999998,9.759172917072084,2542.0001684077192,194.96884637780047,1932.3590991243707,2544.4839023200398,98.14372195681096,86.52275109708971,682.578252251748,5.461602531943476,1265,-3.0000125178807333,-5.900881508058124
870,230.90499999999997,9.759638402675693,2541.9999978029914,194.9570915653234,1932.3640306658358,2544.4837860839957,98.14367513252414,86.51884594018603,682.5018115892354,5.461842570630258,1265,-3.0000125322945483,-5.90027747660505
871,230.915,9.760103825872443,2541.999827191612,194.94534134928892,1932.3689619930751,2544.4836698468075,98.14362830813211,86.51494169913192,682.425374378752,5.462082598477889,1265,-3.000012546708205,-5.899673508768519
872,230.92499999999998,9.76056918667874,2541.999656573582,194.9335957275363,1932.3738931061368,2544.483553608474,98.14358148363492,86.51103837357826,682.3489406194877,5.4623226154889135,1265,-3.0000125611217032,-5.899069604536536
873,230.93499999999997,9.761034485111015,2541.9994859489084,194.92185469792966,1932.3788240050733,2544.4834373689955,98.14353465903255,86.5071359631761,682.2725103106328,5.462562621665872,1265,-3.0000125755350426,-5.898465763897093
874,230.945,9.761499721185682,2541.9993153175915,194.9101182582694,1932.3837546899347,2544.483321128372,98.143487834325,86.50323446757665,682.196083451378,5.462802617011305,1265,-3.0000125899482235,-5.897861986838218
875,230.95499999999998,9.761964894919169,2541.999144679637,194.89838640630472,1932.3886851607742,2544.483204886605,98.1434410095123,86.49933388643124,682.1196600409138,5.463042601527755,1265,-3.0000126043612445,-5.89725827334791
876,230.96499999999997,9.762430006327872,2541.9989740350475,194.88665914002556,1932.3936154176406,2544.483088643695,98.14339418459443,86.49543421939146,682.0432400784317,5.46328257521776,1265,-3.0000126187741074,-5.896654623414167
877,230.975,9.762895055428203,2541.998803383826,194.87493645709947,1932.3985454605859,2544.4829723996395,98.14334735957142,86.49153546610899,681.9668235631233,5.463522538083858,1265,-3.0000126331868104,-5.89605103702501
878,230.98499999999999,9.763360042236554,2541.998632725976,194.86321835538803,1932.4034752896598,2544.482856154441,98.14330053444324,86.48763762623568,681.8904104941801,5.463762490128585,1265,-3.000012647599354,-5.895447514168444
879,230.99499999999998,9.763824966769336,2541.9984620615014,194.85150483273873,1932.4084049049154,2544.482739908099,98.14325370920993,86.48374069942358,681.8140008707943,5.464002431354479,1265,-3.0000126620117387,-5.894844054832478
880,231.005,9.764289829042937,2541.9982913904055,194.83979588696252,1932.4133343064027,2544.4826236606145,98.14320688387147,86.47984468532486,681.7375946921585,5.464242361764073,1265,-3.000012676423963,-5.894240659005122
881,231.015,9.76475462907375,2541.9981207126907,194.82809151587912,1932.418263494173,2544.4825074119863,98.14316005842788,86.47594958359193,681.6611919574651,5.464482281359904,1265,-3.0000126908360283,-5.893637326674381
882,231.02499999999998,9.765219366878151,2541.9979500283616,194.81639171727636,1932.4231924682765,2544.482391162216,98.14311323287914,86.47205539387724,681.5847926659076,5.464722190144502,1265,-3.000012705247933,-5.893034057828268
883,231.035,9.765684042472527,2541.997779337422,194.80469648908127,1932.428121228765,2544.482274911304,98.14306640722528,86.46816211583352,681.5083968166789,5.464962088120403,1265,-3.0000127196596784,-5.8924308524547895
884,231.045,9.766148655873245,2541.9976086398724,194.79300582905339,1932.4330497756876,2544.4821586592475,98.1430195814663,86.46426974911361,681.4320044089728,5.465201975290136,1265,-3.0000127340712637,-5.891827710541971
885,231.05499999999998,9.766613207096686,2541.997437935719,194.78131973504023,1932.4379781090965,2544.4820424060504,98.1429727556022,86.46037829337052,681.3556154419834,5.465441851656233,1265,-3.000012748482688,-5.891224632077804
886,231.065,9.767077696159223,2541.997267224964,194.76963820498875,1932.4429062290444,2544.48192615171,98.142925929633,86.45648774825746,681.2792299149048,5.465681717221221,1265,-3.0000127628939524,-5.8906216170503125
887,231.075,9.7675421230772,2541.997096507612,194.7579612364644,1932.4478341355782,2544.481809896229,98.14287910355868,86.45259811342773,681.2028478269316,5.46592157198763,1265,-3.0000127773050567,-5.8900186654475135
888,231.08499999999998,9.768006487866993,2541.9969257836656,194.746288827579,1932.4527618287514,2544.4816936396073,98.14283227737926,86.44870938853484,681.1264691772587,5.4661614159579885,1265,-3.000012791716,-5.889415777257403
889,231.09499999999997,9.76847079054495,2541.9967550531283,194.73462097599923,1932.457689308614,2544.4815773818436,98.14278545109472,86.44482157323246,681.0500939650814,5.4664012491348215,1265,-3.0000128061267826,-5.888812952467999
890,231.105,9.768935031127423,2541.9965843160026,194.722957679583,1932.4626165752175,2544.4814611229394,98.14273862470512,86.44093466717443,680.973722189595,5.466641071520655,1265,-3.000012820537404,-5.888210191067321
891,231.11499999999998,9.769399209630755,2541.9964135722917,194.7112989362178,1932.4675436286113,2544.481344862893,98.14269179821041,86.43704867001475,680.8973538499955,5.466880883118014,1265,-3.000012834947865,-5.887607493043384
892,231.12499999999997,9.769863326071292,2541.9962428220006,194.69964474370474,1932.4724704688463,2544.4812286017072,98.14264497161061,86.43316358140756,680.8209889454788,5.467120683929421,1265,-3.000012849358165,-5.8870048583841905
893,231.135,9.770327380465375,2541.996072065131,194.6879950999604,1932.4773970959752,2544.4811123393797,98.14259814490572,86.42927940100718,680.7446274752414,5.467360473957401,1265,-3.0000128637683035,-5.886402287077767
894,231.14499999999998,9.770791372829327,2541.995901301689,194.6763500028092,1932.4823235100464,2544.4809960759135,98.14255131809576,86.4253961284681,680.66826943848,5.467600253204473,1265,-3.0000128781782807,-5.885799779112117
895,231.15499999999997,9.771255303179485,2541.995730531675,194.66470944996306,1932.4872497111112,2544.4808798113067,98.14250449118073,86.42151376344498,680.5919148343918,5.46784002167316,1265,-3.0000128925880967,-5.885197334475268
896,231.165,9.771719171532173,2541.9955597550916,194.65307343944667,1932.4921756992208,2544.4807635455586,98.14245766416063,86.4176323055926,680.5155636621738,5.46807977936598,1265,-3.0000129069977506,-5.884594953155228
897,231.17499999999998,9.772182977903718,2541.9953889719463,194.6414419689247,1932.4971014744267,2544.4806472786727,98.14241083703547,86.41375175456595,680.4392159210238,5.468319526285453,1265,-3.0000129214072437,-5.883992635140014
898,231.18499999999997,9.772646722310421,2541.9952181822405,194.62981503647742,1932.5020270367768,2544.4805310106476,98.14236400980525,86.40987211002016,680.3628716101398,5.468559262434097,1265,-3.000012935816574,-5.883390380417637
899,231.195,9.773110404768609,2541.995047385975,194.6181926397263,1932.5069523863242,2544.480414741482,98.14231718246997,86.40599337161053,680.28653072872,5.468798987814427,1265,-3.000012950225743,-5.88278818897612
900,231.20499999999998,9.773574025294579,2541.9948765831555,194.60657477668488,1932.5118775231178,2544.480298471178,98.14227035502964,86.40211553899252,680.2101932759629,5.469038702428962,1265,-3.0000129646347493,-5.882186060803484
901,231.21499999999997,9.774037583904642,2541.9947057737863,194.5949614450763,1932.516802447209,2544.4801821997357,98.14222352748426,86.39823861182174,680.1338592510674,5.469278406280217,1265,-3.000012979043594,-5.8815839958877385
902,231.225,9.774501080615094,2541.9945349578697,194.5833526428371,1932.521727158648,2544.4800659271546,98.14217669983385,86.39436258975398,680.0575286532327,5.469518099370703,1265,-3.000012993452277,-5.880981994216899
903,231.23499999999999,9.774964515442239,2541.994364135408,194.57174836777043,1932.5266516574866,2544.4799496534342,98.14212987207841,86.39048747244519,679.9812014816581,5.469757781702935,1265,-3.0000130078607965,-5.880380055778999
904,231.24499999999998,9.775427888402355,2541.994193306406,194.5601486177323,1932.5315759437733,2544.4798333785766,98.14208304421793,86.38661325955148,679.9048777355436,5.469997453279424,1265,-3.0000130222691537,-5.879778180562051
905,231.255,9.775891199511733,2541.9940224708666,194.5485533906963,1932.5365000175593,2544.4797171025816,98.14203621625241,86.3827399507291,679.828557414089,5.470237114102683,1265,-3.0000130366773483,-5.879176368554061
906,231.265,9.776354448786664,2541.9938516287934,194.53696268441334,1932.5414238788962,2544.479600825448,98.14198938818187,86.3788675456345,679.7522405164948,5.4704767641752206,1265,-3.0000130510853804,-5.878574619743058
907,231.27499999999998,9.776817636243416,2541.9936807801882,194.52537649670649,1932.546347527833,2544.4794845471765,98.14194256000633,86.37499604392428,679.6759270419618,5.470716403499548,1265,-3.000013065493249,-5.877972934117068
908,231.285,9.777280761898268,2541.993509925056,194.51379482548126,1932.551270964421,2544.479368267768,98.14189573172575,86.37112544525516,679.599616989691,5.470956032078172,1265,-3.0000130799009552,-5.877371311664103
909,231.295,9.777743825767491,2541.993339063399,194.50221766858687,1932.55619418871,2544.4792519872226,98.14184890334016,86.3672557492841,679.5233103588834,5.471195649913601,1265,-3.000013094308498,-5.876769752372189
910,231.30499999999998,9.778206827867344,2541.993168195223,194.4906450240357,1932.5611172007502,2544.4791357055406,98.14180207484958,86.36338695566813,679.4470071487408,5.47143525700834,1265,-3.0000131087158777,-5.876168256229346
911,231.315,9.7786697682141,2541.992997320528,194.47907688942115,1932.5660400005934,2544.479019422721,98.14175524625401,86.35951906406454,679.370707358465,5.471674853364895,1265,-3.000013123123094,-5.875566823223591
912,231.325,9.779132646824005,2541.9928264393193,194.46751326280565,1932.570962588289,2544.478903138766,98.14170841755342,86.3556520741307,679.2944109872583,5.471914438985772,1265,-3.000013137530147,-5.874965453342947
913,231.33499999999998,9.779595463713315,2541.9926555516,194.45595414201676,1932.575884963886,2544.4787868536746,98.14166158874784,86.35178598552416,679.2181180343232,5.472154013873474,1265,-3.0000131519370363,-5.874364146575445
914,231.34499999999997,9.780058218898285,2541.9924846573726,194.44439952485777,1932.5808071274369,2544.478670567447,98.1416147598373,86.34792079790267,679.1418284988624,5.472393578030501,1265,-3.0000131663437615,-5.873762902909099
915,231.355,9.78052091239515,2541.9923137566425,194.4328494092312,1932.5857290789907,2544.4785542800837,98.14156793082174,86.3440565109241,679.0655423800791,5.472633131459359,1265,-3.0000131807503236,-5.873161722331936
916,231.36499999999998,9.780983544220165,2541.9921428494094,194.4213037930125,1932.5906508185992,2544.478437991584,98.14152110170122,86.34019312424648,678.9892596771767,5.472872674162545,1265,-3.000013195156721,-5.872560604831973
917,231.37499999999997,9.781446114389547,2541.991971935681,194.4097626741332,1932.5955723463103,2544.47832170195,98.1414742724757,86.33633063752804,678.9129803893588,5.47311220614256,1265,-3.0000132095629546,-5.871959550397244
918,231.385,9.781908622919541,2541.991801015457,194.39822605038938,1932.600493662176,2544.4782054111806,98.14142744314525,86.33246905042714,678.8367045158296,5.473351727401905,1265,-3.0000132239690243,-5.871358559015764
919,231.39499999999998,9.78237106982637,2541.9916300887407,194.38669391968475,1932.6054147662453,2544.4780891192745,98.14138061370981,86.3286083626023,678.7604320557933,5.473591237943075,1265,-3.00001323837493,-5.870757630675575
920,231.40499999999997,9.782833455126262,2541.991459155538,194.3751662798269,1932.61033565857,2544.4779728262347,98.14133378416943,86.32474857371221,678.6841630084544,5.4738307377685675,1265,-3.00001325278067,-5.870156765364684
921,231.415,9.783295778835427,2541.991288215851,194.36364312878987,1932.6152563391981,2544.47785653206,98.14128695452409,86.3208896834157,678.6078973730181,5.47407022688088,1265,-3.0000132671862465,-5.869555963071127
922,231.42499999999998,9.783758040970088,2541.9911172696834,194.35212446443776,1932.6201768081817,2544.4777402367513,98.14124012477379,86.31703169137181,678.5316351486894,5.474309705282505,1265,-3.0000132815916585,-5.868955223782919
923,231.43499999999997,9.784220241546457,2541.9909463170375,194.3406102845343,1932.6250970655706,2544.477623940308,98.14119329491854,86.3131745972397,678.4553763346739,5.474549172975939,1265,-3.0000132959969052,-5.868354547488101
924,231.445,9.784682380580737,2541.9907753579178,194.32910058712253,1932.6300171114146,2544.4775076427313,98.14114646495837,86.30931840067866,678.3791209301776,5.474788629963674,1265,-3.0000133104019873,-5.867753934174695
925,231.45499999999998,9.785144458089123,2541.9906043923256,194.31759537001028,1932.6349369457625,2544.47739134402,98.14109963489325,86.30546310134824,678.3028689344063,5.475028076248203,1265,-3.000013324806904,-5.86715338383073
926,231.46499999999997,9.78560647408783,2541.990433420268,194.30609463097005,1932.639856568667,2544.4772750441766,98.14105280472319,86.30160869890804,678.2266203465665,5.4752675118320155,1265,-3.0000133392116566,-5.866552896444221
927,231.475,9.786068428593037,2541.990262441745,194.2945983681148,1932.644775980176,2544.477158743199,98.14100597444822,86.29775519301788,678.1503751658652,5.475506936717603,1265,-3.0000133536162426,-5.865952472003211
928,231.48499999999999,9.786530321620946,2541.9900914567597,194.28310657912914,1932.6496951803415,2544.4770424410876,98.1409591440683,86.29390258333775,678.074133391509,5.475746350907456,1265,-3.000013368020664,-5.865352110495729
929,231.49499999999998,9.786992153187725,2541.989920465318,194.27161926196425,1932.6546141692104,2544.4769261378447,98.14091231358348,86.29005086952775,677.9978950227057,5.475985754404061,1265,-3.00001338242492,-5.864751811909792
930,231.505,9.787453923309577,2541.989749467419,194.26013641459113,1932.6595329468362,2544.4768098334666,98.14086548299376,86.28620005124816,677.9216600586625,5.476225147209906,1265,-3.0000133968290106,-5.864151576233452
931,231.515,9.787915632002665,2541.9895784630703,194.24865803478733,1932.664451513267,2544.476693527957,98.14081865229912,86.28235012815945,677.8454284985877,5.476464529327479,1265,-3.0000134112329353,-5.863551403454714
932,231.52499999999998,9.78837727928316,2541.9894074522754,194.23718412047646,1932.6693698685522,2544.4765772213177,98.14077182149956,86.27850109992224,677.7692003416893,5.476703900759263,1265,-3.0000134256366944,-5.862951293561617
933,231.535,9.788838865167246,2541.989236435033,194.22571466959752,1932.6742880127442,2544.4764609135427,98.14072499059509,86.27465296619725,677.6929755871759,5.476943261507746,1265,-3.000013440040287,-5.862351246542197
934,231.545,9.78930038967107,2541.9890654113506,194.21424967994528,1932.6792059458899,2544.4763446046372,98.14067815958573,86.27080572664543,677.6167542342563,5.477182611575407,1265,-3.0000134544437143,-5.861751262384483
935,231.55499999999998,9.789761852810804,2541.9888943812293,194.20278914944606,1932.6841236680418,2544.4762282946003,98.1406313284715,86.26695938092787,677.5405362821397,5.477421950964733,1265,-3.0000134688469746,-5.8611513410765115
936,231.565,9.790223254602596,2541.988723344673,194.19133307601203,1932.689041179248,2544.476111983431,98.14058449725238,86.2631139287058,677.4643217300354,5.477661279678204,1265,-3.000013483250069,-5.860551482606309
937,231.575,9.790684595062606,2541.988552301685,194.1798814575989,1932.6939584795598,2544.475995671131,98.14053766592835,86.25926936964063,677.3881105771534,5.4779005977183015,1265,-3.000013497652997,-5.859951686961909
938,231.58499999999998,9.791145874206975,2541.9883812522694,194.1684342920268,1932.6988755690259,2544.4758793577003,98.14049083449946,86.25542570339393,677.3119028227035,5.478139905087505,1265,-3.0000135120557587,-5.8593519541313395
939,231.59499999999997,9.79160709205185,2541.9882101964276,194.15699157710534,1932.703792447696,2544.4757630431372,98.1404440029657,86.25158292962739,677.2356984658961,5.478379201788293,1265,-3.0000135264583534,-5.858752284102651
940,231.605,9.792068248613369,2541.9880391341644,194.1455533109396,1932.7087091156213,2544.4756467274437,98.14039717132704,86.2477410480029,677.1594975059418,5.4786184878231445,1265,-3.0000135408607815,-5.858152676863863
941,231.61499999999998,9.792529343907667,2541.9878680654833,194.13411949130057,1932.7136255728499,2544.475530410621,98.14035033958353,86.24390005818252,677.0832999420514,5.4788577631945365,1265,-3.0000135552630427,-5.8575531324030115
942,231.62499999999997,9.792990377950876,2541.987696990386,194.12269011616934,1932.718541819433,2544.475414092667,98.14030350773518,86.24005995982843,677.0071057734365,5.4790970279049445,1265,-3.0000135696651373,-5.856953650708139
943,231.635,9.793451350759117,2541.9875259088785,194.11126518334743,1932.7234578554194,2544.4752977735843,98.14025667578197,86.23622075260299,676.9309149993084,5.479336281956845,1265,-3.000013584067064,-5.8563542317672725
944,231.64499999999998,9.793912262348522,2541.98735482096,194.0998446907531,1932.7283736808595,2544.47518145337,98.14020984372391,86.23238243616868,676.8547276188789,5.479575525352711,1265,-3.0000135984688248,-5.855754875568461
945,231.65499999999997,9.794373112735208,2541.987183726636,194.08842863636588,1932.7332892958036,2544.475065132026,98.14016301156099,86.2285450101882,676.7785436313601,5.479814758095016,1265,-3.0000136128704176,-5.855155582099725
946,231.665,9.794833901935279,2541.9870126259116,194.07701701801616,1932.7382047002989,2544.4749488095545,98.14011617929323,86.22470847432437,676.7023630359645,5.480053980186234,1265,-3.0000136272718434,-5.854556351349105
947,231.67499999999998,9.79529462996486,2541.986841518787,194.06560983371634,1932.7431198943982,2544.474832485952,98.14006934692063,86.22087282824018,676.6261858319049,5.480293191628834,1265,-3.000013641673101,-5.853957183304648
948,231.68499999999997,9.795755296840044,2541.986670405267,194.05420708121946,1932.7480348781492,2544.474716161221,98.1400225144432,86.21703807159878,676.5500120183941,5.48053239242529,1265,-3.0000136560741915,-5.853358077954377
949,231.695,9.796215902576932,2541.9864992853545,194.04280875853422,1932.752949651601,2544.474599835361,98.13997568186093,86.21320420406346,676.4738415946457,5.480771582578067,1265,-3.0000136704751146,-5.852759035286349
950,231.70499999999998,9.796676447191635,2541.9863281590524,194.0314148636203,1932.7578642148057,2544.474483508372,98.13992884917383,86.20937122529767,676.397674559873,5.481010762089638,1265,-3.0000136848758685,-5.85216005528859
951,231.71499999999997,9.797136930700232,2541.986157026364,194.02002539426223,1932.7627785678108,2544.474367180254,98.13988201638195,86.20553913496508,676.3215109132904,5.481249930962468,1265,-3.000013699276455,-5.851561137949142
952,231.725,9.797597353118821,2541.985985887294,194.00864034846802,1932.767692710667,2544.4742508510094,98.13983518348522,86.2017079327294,676.2453506541115,5.481489089199026,1265,-3.000013713676874,-5.850962283256039
953,231.73499999999999,9.798057714463477,2541.9858147418436,193.99725972414663,1932.7726066434223,2544.4741345206353,98.13978835048367,86.19787761825462,676.1691937815513,5.481728236801775,1265,-3.0000137280771244,-5.850363491197338
954,231.74499999999998,9.798518014750295,2541.9856435900188,193.9858835191157,1932.777520366129,2544.4740181891348,98.13974151737733,86.1940481912048,676.0930402948243,5.481967373773182,1265,-3.000013742477206,-5.8497647617610635
955,231.755,9.79897825399534,2541.985472431819,193.9745117314101,1932.7824338788344,2544.473901856506,98.13969468416617,86.19021965124416,676.0168901931456,5.482206500115712,1265,-3.00001375687712,-5.849166094935265
956,231.765,9.799438432214686,2541.9853012672506,193.96314435892876,1932.7873471815878,2544.47378552275,98.13964785085022,86.18639199803715,675.9407434757309,5.482445615831827,1265,-3.000013771276865,-5.8485674907079765
957,231.77499999999998,9.799898549424402,2541.9851300963146,193.9517813995005,1932.79226027444,2544.473669187866,98.1396010174295,86.18256523124835,675.8646001417954,5.482684720923987,1265,-3.0000137856764417,-5.847968949067246
958,231.785,9.800358605640554,2541.9849589190158,193.94042285118536,1932.79717315744,2544.473552851855,98.13955418390398,86.17873935054241,675.7884601905557,5.482923815394655,1265,-3.0000138000758496,-5.847370470001119
959,231.795,9.800818600879206,2541.9847877353586,193.9290687118142,1932.8020858306381,2544.4734365147187,98.13950735027366,86.17491435558426,675.7123236212277,5.483162899246293,1265,-3.0000138144750883,-5.846772053497622
960,231.80499999999998,9.801278535156403,2541.9846165453414,193.91771897934447,1932.8069982940824,2544.4733201764534,98.13946051653856,86.17109024603893,675.6361904330282,5.483401972481358,1265,-3.0000138288741582,-5.846173699544823
961,231.815,9.8017384084882,2541.9844453489727,193.9063736516283,1932.8119105478227,2544.473203837063,98.1394136826987,86.16726702157159,675.5600606251738,5.483641035102309,1265,-3.000013843273059,-5.8455754081307525
962,231.825,9.802198220890643,2541.9842741462526,193.89503272665357,1932.816822591908,2544.4730874965458,98.13936684875408,86.1634446818476,675.4839341968819,5.483880087111604,1265,-3.0000138576717905,-5.8449771792434575
963,231.83499999999998,9.802657972379782,2541.9841029371864,193.88369620239496,1932.8217344263887,2544.472971154904,98.13932001470467,86.15962322653245,675.40781114737,5.484119128511699,1265,-3.000013872070353,-5.844379012870974
964,231.84499999999997,9.803117662971653,2541.9839317217766,193.872364076607,1932.8266460513141,2544.472854812135,98.1392731805505,86.15580265529181,675.3316914758557,5.484358159305049,1265,-3.0000138864687456,-5.843780909001359
965,231.855,9.803577292682284,2541.983760500027,193.86103634744603,1932.8315574667324,2544.4727384682424,98.13922634629158,86.15198296779148,675.2555751815572,5.484597179494112,1265,-3.0000139008669686,-5.843182867622652
966,231.86499999999998,9.80403686152771,2541.983589271937,193.8497130127132,1932.836468672693,2544.4726221232218,98.13917951192789,86.14816416369746,675.1794622636929,5.484836189081339,1265,-3.000013915265022,-5.842584888722898
967,231.87499999999997,9.804496369523958,2541.9834180375165,193.8383940702838,1932.8413796692466,2544.4725057770784,98.13913267745946,86.14434624267587,675.1033527214813,5.485075188069183,1265,-3.000013929662906,-5.841986972290153
968,231.885,9.804955816687055,2541.9832467967617,193.8270795182406,1932.8462904564424,2544.472389429807,98.13908584288629,86.14052920439299,675.0272465541415,5.485314176460095,1265,-3.00001394406062,-5.841389118312465
969,231.89499999999998,9.805415203033009,2541.98307554968,193.8157693544114,1932.851201034328,2544.4722730814133,98.13903900820837,86.13671304851528,674.9511437608925,5.485553154256529,1265,-3.0000139584581635,-5.840791326777863
970,231.90499999999997,9.805874528577839,2541.982904296275,193.80446357676033,1932.8561114029542,2544.4721567318943,98.13899217342572,86.13289777470929,674.8750443409542,5.485792121460932,1265,-3.0000139728555375,-5.840193597674418
971,231.915,9.806333793337556,2541.982733036549,193.79316218316958,1932.8610215623694,2544.4720403812516,98.13894533853835,86.12908338264184,674.7989482935463,5.486031078075756,1265,-3.000013987252741,-5.839595930990164
972,231.92499999999998,9.806792997328161,2541.9825617705033,193.78186517172688,1932.865931512623,2544.471924029484,98.13889850354626,86.12526987197978,674.7228556178889,5.4862700241034466,1265,-3.0000140016497747,-5.838998326713158
973,231.93499999999997,9.807252140565659,2541.9823904981426,193.7705725402433,1932.8708412537644,2544.471807676592,98.13885166844943,86.1214572423902,674.6467663132023,5.486508959546452,1265,-3.000014016046637,-5.838400784831445
974,231.945,9.807711223066052,2541.9822192194706,193.75928428669448,1932.8757507858436,2544.4716913225766,98.1388048332479,86.11764549354034,674.5706803787075,5.486747884407219,1265,-3.000014030443329,-5.837803305333086
975,231.95499999999998,9.80817024484532,2541.9820479344908,193.7480004089921,1932.8806601089077,2544.471574967438,98.13875799794167,86.11383462509754,674.4945978136253,5.486986798688193,1265,-3.0000140448398502,-5.837205888206114
976,231.96499999999997,9.808629205919463,2541.9818766432045,193.7367209050702,1932.8855692230072,2544.4714586111754,98.13871116253068,86.11002463672935,674.4185186171771,5.487225702391818,1265,-3.0000140592362015,-5.836608533438588
977,231.975,9.80908810630446,2541.9817053456172,193.72544577292672,1932.890478128191,2544.47134225379,98.13866432701501,86.10621552810345,674.3424427885847,5.487464595520539,1265,-3.000014073632382,-5.836011241018564
978,231.98499999999999,9.809546946016292,2541.981534041731,193.714175010552,1932.8953868245083,2544.471225895282,98.13861749139465,86.1024072988877,674.2663703270696,5.487703478076797,1265,-3.0000140880283905,-5.835414010934095
979,231.99499999999998,9.81000572507094,2541.981362731549,193.70290861571306,1932.9002953120084,2544.471109535651,98.13857065566958,86.09859994875008,674.1903012318542,5.487942350063034,1265,-3.000014102424229,-5.834816843173226
980,232.005,9.810464443484369,2541.9811914150737,193.69164658652434,1932.9052035907393,2544.470993174897,98.13852381983983,86.09479347735875,674.114235502161,5.488181211481692,1265,-3.0000141168198957,-5.834219737724018
981,232.015,9.810923101272554,2541.9810200923107,193.68038892085664,1932.9101116607515,2544.4708768130217,98.13847698390539,86.090987884382,674.0381731372128,5.4884200623352095,1265,-3.0000141312153907,-5.833622694574517
982,232.02499999999998,9.81138169845145,2541.9808487632595,193.66913561666007,1932.915019522092,2544.4707604500227,98.13843014786626,86.08718316948833,673.9621141362326,5.488658902626027,1265,-3.000014145610715,-5.833025713712784
983,232.035,9.81184023503703,2541.980677427927,193.65788667189224,1932.9199271748128,2544.4706440859027,98.13838331172248,86.08337933234631,673.8860584984438,5.488897732356582,1265,-3.000014160005868,-5.832428795126865
984,232.045,9.812298711045237,2541.9805060863137,193.64664208450975,1932.9248346189597,2544.470527720661,98.138336475474,86.07957637262474,673.8100062230702,5.4891365515293105,1265,-3.0000141744008486,-5.831831938804831
985,232.05499999999998,9.812757126492032,2541.980334738425,193.6354018525273,1932.9297418545846,2544.470411354298,98.13828963912088,86.07577428999257,673.7339573093356,5.48937536014665,1265,-3.0000141887956575,-5.831235144734726
986,232.065,9.813215481393359,2541.9801633842635,193.62416597378478,1932.9346488817348,2544.4702949868138,98.13824280266307,86.07197308411884,673.6579117564643,5.489614158211036,1265,-3.0000142031902945,-5.830638412904602
987,232.075,9.813673775765151,2541.9799920238297,193.61293444631198,1932.9395557004584,2544.470178618207,98.13819596610061,86.0681727546728,673.5818695636807,5.489852945724902,1265,-3.00001421758476,-5.83004174330253
988,232.08499999999998,9.814132009623362,2541.9798206571304,193.60170726801155,1932.944462310806,2544.4700622484806,98.1381491294335,86.06437330132385,673.5058307302098,5.490091722690682,1265,-3.0000142319790535,-5.829445135916556
989,232.09499999999997,9.814590182983922,2541.979649284167,193.59048443687527,1932.9493687128263,2544.4699458776327,98.13810229266173,86.06057472374154,673.4297952552766,5.490330489110808,1265,-3.000014246373174,-5.828848590734745
990,232.105,9.81504829586276,2541.979477904943,193.5792659509087,1932.9542749065674,2544.4698295056646,98.13805545578529,86.05677702159554,673.3537631381068,5.490569244987713,1265,-3.000014260767123,-5.828252107745151
991,232.11499999999998,9.815506348275802,2541.9793065194617,193.56805180798213,1932.9591808920786,2544.469713132576,98.13800861880424,86.05298019455573,673.2777343779258,5.490807990323826,1265,-3.0000142751608996,-5.827655686935824
992,232.12499999999997,9.81596434023897,2541.9791351277263,193.55684200602852,1932.9640866694085,2544.4695967583684,98.13796178171854,86.0491842422921,673.2017089739597,5.491046725121578,1265,-3.000014289554503,-5.827059328294842
993,232.135,9.81642227176819,2541.978963729739,193.54563654320185,1932.968992238607,2544.4694803830394,98.13791494452822,86.04538916447483,673.1256869254349,5.491285449383397,1265,-3.000014303947935,-5.826463031810261
994,232.14499999999998,9.81688014287936,2541.9787923255044,193.53443541722743,1932.9738975997204,2544.4693640065916,98.13786810723325,86.04159496077422,673.0496682315778,5.491524163111711,1265,-3.000014318341193,-5.825866797470132
995,232.15499999999997,9.817337953588408,2541.9786209150243,193.52323862625934,1932.9788027528007,2544.469247629023,98.13782126983367,86.03780163086074,672.9736528916154,5.491762866308948,1265,-3.0000143327342785,-5.825270625262521
996,232.165,9.817795703911226,2541.9784494983032,193.5120461681077,1932.9837076978938,2544.4691312503355,98.13777443232948,86.03400917440504,672.8976409047749,5.492001558977534,1265,-3.000014347127192,-5.824674515175485
997,232.17499999999998,9.818253393863722,2541.9782780753435,193.50085804087658,1932.98861243505,2544.469014870529,98.13772759472066,86.03021759107786,672.8216322702837,5.492240241119894,1265,-3.0000143615199315,-5.82407846719709
998,232.18499999999997,9.8187110234618,2541.9781066461483,193.48967424240018,1932.9935169643188,2544.468898489604,98.13768075700725,86.02642688055016,672.7456269873695,5.492478912738451,1265,-3.0000143759124986,-5.823482481315402
999,232.195,9.81916859272134,2541.9779352107216,193.47849477074737,1932.9984212857469,2544.46878210756,98.1376339191892,86.02263704249299,672.6696250552604,5.492717573835631,1265,-3.0000143903048913,-5.822886557518478
1000,232.20499999999998,9.819626101658237,2541.977763769066,193.46731962388978,1933.003325399384,2544.4686657243974,98.13758708126657,86.01884807657761,672.5936264731847,5.492956224413855,1265,-3.000014404697111,-5.822290695794388
1001,232.21499999999997,9.820083550288377,2541.9775923211837,193.45614879980593,1933.0082293052785,2544.4685493401166,98.13754024323933,86.01505998247539,672.5176312403711,5.493194864475544,1265,-3.000014419089158,-5.821694896131189
1002,232.225,9.820540938627643,2541.9774208670797,193.44498229631995,1933.0131330034797,2544.4684329547176,98.1374934051075,86.01127275985792,672.4416393560484,5.49343349402312,1265,-3.0000144334810304,-5.821099158516941
1003,232.23499999999999,9.82099826669191,2541.9772494067565,193.4338201115891,1933.018036494036,2544.468316568201,98.13744656687109,86.00748640839683,672.365650819446,5.493672113059001,1265,-3.00001444787273,-5.820503482939725
1004,232.24499999999998,9.82145553449705,2541.9770779402165,193.42266224348685,1933.0229397769951,2544.4682001805663,98.1373997285301,86.00370092776403,672.2896656297933,5.493910721585608,1265,-3.0000144622642555,-5.819907869387591
1005,232.255,9.821912742058936,2541.9769064674624,193.4115086900196,1933.027842852408,2544.468083791813,98.13735289008451,85.9999163176315,672.21368378632,5.4941493196053575,1265,-3.0000144766556067,-5.819312317848619
1006,232.265,9.822369889393425,2541.9767349884996,193.40035944914266,1933.0327457203205,2544.4679674019444,98.13730605153435,85.99613257767139,672.1377052882561,5.494387907120667,1265,-3.0000144910467843,-5.818716828310868
1007,232.27499999999998,9.822826976516382,2541.97656350333,193.38921451886455,1933.0376483807825,2544.467851010958,98.13725921287964,85.992349707556,672.0617301348323,5.494626484133953,1265,-3.000014505437788,-5.818121400762401
1008,232.285,9.823284003443659,2541.976392011956,193.37807389715093,1933.0425508338417,2544.4677346188537,98.13721237412034,85.98856770695781,671.985758325279,5.49486505064763,1265,-3.0000145198286168,-5.817526035191299
1009,232.295,9.823740970191114,2541.9762205143816,193.36693758196955,1933.0474530795475,2544.4676182256335,98.1371655352565,85.98478657554942,671.9097898588273,5.495103606664113,1265,-3.0000145342192717,-5.8169307315856145
1010,232.30499999999998,9.824197876774592,2541.97604901061,193.35580557131902,1933.0523551179485,2544.4675018312973,98.13711869628808,85.9810063130036,671.8338247347083,5.495342152185815,1265,-3.000014548609752,-5.816335489933424
1011,232.315,9.824654723209942,2541.975877500645,193.34467786311023,1933.0572569490937,2544.467385435845,98.13707185721513,85.97722691899328,671.7578629521536,5.495580687215147,1265,-3.0000145630000583,-5.8157403102227985
1012,232.325,9.825111509512995,2541.9757059844874,193.3335544555016,1933.0621585730298,2544.4672690392754,98.13702501803762,85.97344839319152,671.6819045103949,5.495819211754523,1265,-3.000014577390189,-5.815145192441802
1013,232.33499999999998,9.825568235699594,2541.975534462142,193.32243534630825,1933.067059989807,2544.46715264159,98.13697817875556,85.96967073527154,671.6059494086645,5.496057725806351,1265,-3.000014591780146,-5.814550136578516
1014,232.34499999999997,9.826024901785562,2541.975362933612,193.31132053356606,1933.071961199472,2544.467036242789,98.13693133936896,85.96589394490671,671.5299976461946,5.496296229373044,1265,-3.0000146061699278,-5.813955142620999
1015,232.355,9.826481507786735,2541.9751913989016,193.30021001529428,1933.0768622020746,2544.4669198428737,98.13688449987782,85.96211802177056,671.4540492222181,5.4965347224570085,1265,-3.000014620559535,-5.813360210557329
1016,232.36499999999998,9.826938053718935,2541.9750198580105,193.2891037894466,1933.0817629976632,2544.466803441842,98.13683766028217,85.9583429655368,671.3781041359678,5.496773205060654,1265,-3.0000146349489665,-5.812765340375577
1017,232.37499999999997,9.827394539597975,2541.9748483109447,193.27800185399227,1933.086663586285,2544.4666870396945,98.13679082058196,85.95456877587922,671.302162386677,5.497011677186386,1265,-3.000014649338223,-5.8121705320638135
1018,232.385,9.827850965439682,2541.9746767577067,193.26690420702016,1933.0915639679904,2544.466570636433,98.13674398077725,85.95079545247182,671.2262239735792,5.497250138836611,1265,-3.0000146637273044,-5.811575785610118
1019,232.39499999999998,9.82830733125985,2541.9745051983,193.25581084643628,1933.0964641428252,2544.4664542320575,98.13669714086801,85.94702299498874,671.1502888959084,5.497488590013734,1265,-3.0000146781162105,-5.810981101002552
1020,232.40499999999997,9.828763637074301,2541.9743336327265,193.24472177025595,1933.10136411084,2544.466337826566,98.13665030085428,85.94325140310426,671.0743571528986,5.49772703072016,1265,-3.0000146925049407,-5.8103864782292085
1021,232.415,9.82921988289883,2541.9741620609893,193.2336369763981,1933.1062638720814,2544.4662214199607,98.13660346073603,85.9394806764928,670.9984287437843,5.497965460958292,1265,-3.000014706893496,-5.809791917278147
1022,232.42499999999998,9.829676068749237,2541.973990483093,193.2225564629733,1933.1111634265985,2544.4661050122413,98.13655662051329,85.93571081482898,670.9225036678,5.498203880730532,1265,-3.0000147212818753,-5.809197418137441
1023,232.43499999999997,9.830132194641317,2541.973818899039,193.2114802279562,1933.1160627744396,2544.465988603407,98.136509780186,85.93194181778753,670.846581924181,5.498442290039284,1265,-3.0000147356700793,-5.808602980795177
1024,232.445,9.830588260590865,2541.9736473088333,193.20040826930435,1933.1209619156534,2544.46587219346,98.13646293975427,85.92817368504333,670.7706635121624,5.498680688886947,1265,-3.000014750058107,-5.808008605239426
1025,232.45499999999998,9.831044266613658,2541.9734757124766,193.18934058502245,1933.1258608502872,2544.4657557824003,98.13641609921802,85.92440641627145,670.6947484309798,5.49891907727592,1265,-3.0000147644459583,-5.807414291458262
1026,232.46499999999997,9.831500212725484,2541.9733041099717,193.1782771731511,1933.1307595783896,2544.4656393702257,98.13636925857729,85.92064001114707,670.6188366798689,5.499157455208602,1265,-3.0000147788336338,-5.806820039439776
1027,232.475,9.831956098942117,2541.9731325013217,193.16721803164276,1933.1356581000086,2544.465522956938,98.13632241783208,85.91687446934552,670.542928258066,5.499395822687392,1265,-3.000014793221134,-5.806225849172034
1028,232.48499999999999,9.832411925279336,2541.9729608865323,193.15616315849135,1933.140556415193,2544.465406542539,98.13627557698238,85.91310979054231,670.4670231648075,5.499634179714687,1265,-3.0000148076084563,-5.805631720643111
1029,232.49499999999998,9.83286769175291,2541.972789265604,193.14511255175293,1933.1454545239906,2544.4652901270256,98.13622873602823,85.90934597441309,670.3911213993302,5.499872526292884,1265,-3.000014821995603,-5.805037653841092
1030,232.505,9.833323398378605,2541.9726176385416,193.1340662093732,1933.1503524264494,2544.4651737104014,98.13618189496958,85.90558302063364,670.315222960871,5.500110862424375,1265,-3.000014836382573,-5.804443648754056
1031,232.515,9.833779045172175,2541.972446005346,193.12302412943524,1933.1552501226172,2544.4650572926626,98.1361350538065,85.90182092887994,670.2393278486671,5.500349188111557,1265,-3.0000148507693662,-5.80384970537009
1032,232.52499999999998,9.834234632149391,2541.9722743660222,193.1119863098399,1933.1601476125436,2544.464940873813,98.13608821253894,85.89805969882808,670.1634360619563,5.500587503356825,1265,-3.000014865155983,-5.803255823677267
1033,232.535,9.834690159325998,2541.972102720573,193.10095274867282,1933.1650448962755,2544.464824453851,98.13604137116691,85.89429933015431,670.0875475999763,5.500825808162568,1265,-3.000014879542423,-5.802662003663666
1034,232.545,9.83514562671774,2541.9719310690007,193.08992344389227,1933.1699419738602,2544.4647080327773,98.13599452969044,85.89053982253502,670.0116624619653,5.5010641025311795,1265,-3.000014893928686,-5.802068245317373
1035,232.55499999999998,9.835601034340375,2541.971759411309,193.07889839360024,1933.1748388453477,2544.464591610592,98.13594768810952,85.88678117564676,669.9357806471618,5.50130238646505,1265,-3.000014908314772,-5.80147454862648
1036,232.565,9.836056382209632,2541.9715877475014,193.06787759573294,1933.1797355107838,2544.464475187296,98.13590084642416,85.88302338916623,669.8599021548044,5.50154065996657,1265,-3.0000149227006814,-5.800880913579048
1037,232.575,9.83651167034126,2541.97141607758,193.05686104830036,1933.1846319702192,2544.4643587628884,98.13585400463437,85.87926646277029,669.7840269841322,5.5017789230381275,1265,-3.0000149370864126,-5.800287340163182
1038,232.58499999999998,9.83696689875098,2541.971244401549,193.0458487493088,1933.189528223699,2544.4642423373703,98.13580716274014,85.87551039613595,669.7081551343845,5.502017175682111,1265,-3.0000149514719667,-5.799693828366959
1039,232.59499999999997,9.837422067454533,2541.97107271941,193.03484069681903,1933.1944242712743,2544.46412591074,98.13576032074148,85.87175518894034,669.6322866048008,5.502255417900908,1265,-3.000014965857344,-5.799100378178461
1040,232.605,9.837877176467629,2541.9709010311676,193.02383688884717,1933.1993201129897,2544.464009483,98.1357134786384,85.86800084086077,669.556421394621,5.502493649696905,1265,-3.0000149802425433,-5.798506989585773
1041,232.61499999999998,9.838332225806006,2541.9707293368256,193.01283732335582,1933.204215748896,2544.463893054151,98.1356666364309,85.8642473515747,669.4805595030853,5.502731871072486,1265,-3.0000149946275654,-5.797913662576981
1042,232.62499999999997,9.838787215485366,2541.9705576363826,193.00184199837003,1933.2091111790394,2544.463776624189,98.13561979411897,85.86049472075973,669.404700929434,5.502970082030037,1265,-3.000015009012409,-5.797320397140174
1043,232.635,9.839242145521434,2541.9703859298475,192.99085091196417,1933.2140064034695,2544.4636601931193,98.13557295170263,85.85674294809358,669.3288456729078,5.503208282571941,1265,-3.0000150233970753,-5.796727193263441
1044,232.64499999999998,9.839697015929909,2541.970214217219,192.97986406207846,1933.2189014222324,2544.463543760939,98.13552610918187,85.8529920332542,669.252993732748,5.50344647270058,1265,-3.0000150377815635,-5.796134050934867
1045,232.65499999999997,9.840151826726494,2541.9700424985035,192.9688814468083,1933.223796235376,2544.4634273276497,98.13547926655673,85.84924197591961,669.1771451081956,5.503684652418338,1265,-3.0000150521658737,-5.795540970142532
1046,232.665,9.8406065779269,2541.9698707737007,192.95790306414003,1933.2286908429503,2544.46331089325,98.13543242382718,85.84549277576801,669.1012997984923,5.503922821727594,1265,-3.0000150665500063,-5.794947950874546
1047,232.67499999999998,9.841061269546811,2541.9696990428165,192.94692891207848,1933.2335852450005,2544.463194457742,98.13538558099324,85.84174443247775,669.0254578028798,5.504160980630728,1265,-3.00001508093396,-5.79435499311898
1048,232.68499999999997,9.841515901601925,2541.9695273058533,192.93595898873352,1933.2384794415755,2544.463078021124,98.13533873805493,85.83799694572733,668.9496191206006,5.504399129130121,1265,-3.000015095317736,-5.793762096863926
1049,232.695,9.841970474107935,2541.9693555628123,192.9249932919627,1933.2433734327242,2544.462961583398,98.13529189501222,85.83425031519542,668.8737837508969,5.504637267228149,1265,-3.000015109701333,-5.793169262097482
1050,232.70499999999998,9.842424987080511,2541.969183813701,192.91403182002196,1933.2482672184922,2544.462845144564,98.1352450518651,85.83050454056077,668.7979516930112,5.50487539492719,1265,-3.000015124084751,-5.792576488807725
1051,232.71499999999997,9.842879440535349,2541.969012058517,192.90307457073436,1933.2531607989292,2544.462728704621,98.13519820861364,85.82675962150236,668.7221229461869,5.505113512229621,1265,-3.000015138467991,-5.7919837769827645
1052,232.725,9.84333383448811,2541.9688402972665,192.89212154225163,1933.2580541740817,2544.4626122635696,98.13515136525778,85.82301555769928,668.6462975096671,5.505351619137818,1265,-3.000015152851052,-5.791391126610686
1053,232.73499999999999,9.84378816895448,2541.9686685299525,192.8811727325529,1933.2629473439993,2544.462495821411,98.13510452179756,85.81927234883076,668.5704753826953,5.505589715654154,1265,-3.0000151672339337,-5.790798537679585
1054,232.74499999999998,9.844242443950115,2541.9684967565768,192.87022813972456,1933.2678403087273,2544.462379378144,98.13505767823297,85.81552999457621,668.4946565645155,5.505827801781005,1265,-3.0000151816166376,-5.790206010177545
1055,232.755,9.844696659490683,2541.9683249771433,192.85928776170786,1933.272733068314,2544.462262933769,98.13501083456401,85.81178849461516,668.4188410543718,5.506065877520742,1265,-3.0000151959991617,-5.789613544092664
1056,232.765,9.845150815591841,2541.9681531916553,192.8483515965392,1933.2776256228078,2544.462146488287,98.13496399079072,85.80804784862728,668.3430288515085,5.506303942875737,1265,-3.0000152103815068,-5.78902113941304
1057,232.77499999999998,9.845604912269254,2541.967981400114,192.83741964228747,1933.2825179722572,2544.462030041697,98.13491714691307,85.80430805629244,668.2672199551704,5.5065419978483625,1265,-3.0000152247636724,-5.788428796126773
1058,232.785,9.846058949538563,2541.967809602527,192.8264918971023,1933.2874101167079,2544.461913594002,98.13487030293108,85.80056911729059,668.1914143646023,5.5067800424409885,1265,-3.0000152391456583,-5.787836514221946
1059,232.795,9.846512927415418,2541.9676377988912,192.81556835886175,1933.2923020562082,2544.4617971451985,98.13482345884475,85.79683103130192,668.1156120790498,5.507018076655983,1265,-3.000015253527466,-5.787244293686665
1060,232.80499999999998,9.846966845915464,2541.9674659892144,192.80464902562062,1933.2971937908067,2544.4616806952886,98.13477661465406,85.79309379800665,668.0398130977582,5.507256100495717,1265,-3.000015267909093,-5.7866521345090245
1061,232.815,9.847420705054336,2541.9672941734966,192.79373389546168,1933.3020853205496,2544.461564244272,98.13472977035906,85.78935741708527,667.9640174199734,5.507494113962555,1265,-3.000015282290541,-5.786060036677124
1062,232.825,9.84787450484767,2541.967122351745,192.78282296643502,1933.3069766454846,2544.4614477921505,98.13468292595971,85.78562188821832,667.8882250449415,5.507732117058866,1265,-3.0000152966718097,-5.7854680001790495
1063,232.83499999999998,9.8483282453111,2541.966950523957,192.77191623652658,1933.3118677656603,2544.461331338922,98.13463608145602,85.78188721108653,667.8124359719089,5.507970109787014,1265,-3.000015311052898,-5.784876025002921
1064,232.84499999999997,9.848781926460251,2541.966778690141,192.76101370387894,1933.3167586811232,2544.4612148845877,98.13458923684806,85.77815338537077,667.7366502001223,5.508208092149366,1265,-3.000015325433807,-5.784284111136813
1065,232.855,9.849235548310746,2541.9666068502956,192.75011536639565,1933.3216493919213,2544.4610984291476,98.13454239213576,85.77442041075209,667.6608677288286,5.508446064148283,1265,-3.0000153398145355,-5.783692258568849
1066,232.86499999999998,9.84968911087821,2541.966435004427,192.73922122228046,1933.3265398981032,2544.4609819726024,98.13449554731913,85.77068828691162,667.5850885572752,5.508684025786132,1265,-3.0000153541950834,-5.783100467287114
1067,232.87499999999997,9.850142614178244,2541.9662631525366,192.7283312694616,1933.3314301997139,2544.460865514952,98.13444870239822,85.76695701353073,667.5093126847095,5.508921977065272,1265,-3.0000153685754514,-5.782508737279717
1068,232.885,9.850596058226468,2541.9660912946288,192.71744550593738,1933.3363202968026,2544.4607490561966,98.13440185737299,85.76322659029084,667.4335401103793,5.509159917988066,1265,-3.000015382955639,-5.781917068534748
1069,232.89499999999998,9.851049443038491,2541.9659194307037,192.7065639300209,1933.3412101894166,2544.4606325963364,98.13435501224347,85.75949701687358,667.3577708335329,5.509397848556874,1265,-3.0000153973356465,-5.781325461040328
1070,232.90499999999997,9.85150276862991,2541.9657475607682,192.69568653940934,1933.3460998776034,2544.460516135371,98.13430816700964,85.75576829296074,667.2820048534184,5.509635768774056,1265,-3.0000154117154736,-5.78073391478455
1071,232.915,9.851956035016318,2541.9655756848224,192.68481333241638,1933.3509893614091,2544.4603996733013,98.13426132167153,85.75204041823417,667.2062421692845,5.50987367864197,1265,-3.0000154260951195,-5.780142429755519
1072,232.92499999999998,9.852409242213323,2541.9654038028707,192.67394430690925,1933.3558786408826,2544.4602832101273,98.13421447622915,85.74831339237598,667.1304827803801,5.510111578162974,1265,-3.000015440474585,-5.779551005941332
1073,232.93499999999997,9.852862390236506,2541.9652319149163,192.663079461048,1933.3607677160705,2544.460166745849,98.13416763068248,85.74458721506831,667.0547266859547,5.510349467339425,1265,-3.000015454853869,-5.778959643330108
1074,232.945,9.853315479101457,2541.965060020962,192.65221879294668,1933.3656565870206,2544.460050280468,98.13412078503153,85.74086188599357,666.9789738852576,5.510587346173679,1265,-3.0000154692329732,-5.77836834190993
1075,232.95499999999998,9.853768508823757,2541.9648881210096,192.64136230046736,1933.37054525378,2544.459933813982,98.1340739392763,85.73713740483423,666.9032243775384,5.510825214668092,1265,-3.0000154836118957,-5.777777101668925
1076,232.96499999999997,9.854221479418984,2541.964716215064,192.6305099818563,1933.3754337163962,2544.459817346393,98.13402709341682,85.73341377127294,666.8274781620476,5.511063072825016,1265,-3.000015497990637,-5.777185922595191
1077,232.975,9.854674390902712,2541.9645443031272,192.6196618350301,1933.3803219749163,2544.459700877701,98.13398024745307,85.72969098499247,666.751735238035,5.511300920646808,1265,-3.000015512369198,-5.77659480467684
1078,232.98499999999999,9.85512724329051,2541.9643723852028,192.60881785821644,1933.3852100293875,2544.459584407906,98.13393340138504,85.7259690456758,666.6759956047516,5.511538758135817,1265,-3.0000155267475765,-5.776003747901969
1079,232.99499999999998,9.855580036597953,2541.9642004612924,192.59797804924358,1933.3900978798583,2544.459467937007,98.13388655521277,85.72224795300598,666.6002592614483,5.511776585294396,1265,-3.0000155411257743,-5.7754127522587
1080,233.005,9.856032770840583,2541.9640285314003,192.5871424063589,1933.3949855263734,2544.459351465006,98.13383970893625,85.71852770666624,666.5245262073762,5.512014402124898,1265,-3.000015555503791,-5.774821817735134
1081,233.015,9.856485446033977,2541.9638565955293,192.57631092749554,1933.3998729689822,2544.459234991902,98.13379286255548,85.71480830633998,666.4487964417866,5.51225220862967,1265,-3.0000155698816253,-5.774230944319378
1082,233.02499999999998,9.85693806219368,2541.963684653683,192.56548361087954,1933.4047602077312,2544.459118517697,98.13374601607046,85.71108975171069,666.3730699639315,5.512490004811061,1265,-3.000015584259278,-5.773640131999548
1083,233.035,9.857390619335245,2541.963512705862,192.55466045440076,1933.4096472426675,2544.4590020423884,98.13369916948122,85.70737204246208,666.2973467730628,5.512727790671422,1265,-3.000015598636749,-5.773049380763753
1084,233.045,9.857843117474218,2541.963340752074,192.5438414561704,1933.414534073839,2544.45888556598,98.13365232278774,85.70365517827794,666.2216268684328,5.512965566213096,1265,-3.0000156130140376,-5.772458690600104
1085,233.05499999999998,9.858295556626137,2541.963168792318,192.53302661429814,1933.419420701292,2544.458769088468,98.13360547599002,85.69993915884223,666.145910249294,5.513203331438433,1265,-3.0000156273911447,-5.771868061496714
1086,233.065,9.858747936806546,2541.9629968265963,192.52221592689614,1933.4243071250742,2544.4586526098547,98.1335586290881,85.69622398383906,666.0701969148996,5.5134410863497765,1265,-3.00001564176807,-5.771277493441697
1087,233.075,9.85920025803097,2541.9628248549147,192.5114093918751,1933.4291933452316,2544.45853613014,98.13351178208195,85.69250965295271,665.9944868645023,5.513678830949472,1265,-3.000015656144813,-5.77068698642316
1088,233.08499999999998,9.859652520314945,2541.9626528772756,192.50060700746437,1933.434079361813,2544.4584196493247,98.1334649349716,85.68879616586753,665.9187800973558,5.513916565239864,1265,-3.0000156705213734,-5.770096540429228
1089,233.09499999999997,9.860104723673997,2541.9624808936815,192.48980877159948,1933.4389651748645,2544.4583031674083,98.13341808775702,85.68508352226812,665.8430766127137,5.514154289223294,1265,-3.0000156848977517,-5.769506155448001
1090,233.105,9.860556868123641,2541.9623089041356,192.4790146824266,1933.4438507844327,2544.4581866843914,98.13337124043824,85.68137172183913,665.7673764098301,5.514392002902104,1265,-3.0000156992739475,-5.768915831467601
1091,233.11499999999998,9.861008953679402,2541.96213690864,192.46822473803238,1933.4487361905658,2544.4580702002727,98.13332439301526,85.67766076426541,665.691679487959,5.514629706278635,1265,-3.0000157136499612,-5.768325568476156
1092,233.12499999999997,9.861460980356796,2541.9619649071988,192.45743893646952,1933.4536213933113,2544.4579537150544,98.13327754548806,85.67395064923197,665.6159858463552,5.514867399355229,1265,-3.0000157280257915,-5.767735366461755
1093,233.135,9.861912948171314,2541.961792899815,192.4466572757567,1933.4585063927132,2544.4578372287365,98.13323069785666,85.67024137642392,665.5402954842734,5.515105082134223,1265,-3.0000157424014393,-5.7671452254125395
1094,233.14499999999998,9.862364857138484,2541.961620886491,192.43587975402215,1933.4633911888222,2544.4577207413176,98.13318385012109,85.6665329455265,665.4646084009687,5.515342754617958,1265,-3.0000157567769046,-5.766555145316625
1095,233.15499999999997,9.862816707273792,2541.9614488672305,192.42510636937075,1933.468275781683,2544.4576042528,98.13313700228134,85.66282535622518,665.3889245956965,5.51558041680877,1265,-3.000015771152187,-5.765965126162112
1096,233.165,9.863268498592744,2541.9612768420357,192.41433711980937,1933.4731601713431,2544.457487763182,98.1330901543374,85.65911860820552,665.3132440677123,5.515818068708994,1265,-3.0000157855272858,-5.765375167937137
1097,233.17499999999998,9.863720231110825,2541.9611048109095,192.40357200351718,1933.4780443578495,2544.457371272465,98.13304330628928,85.6554127011532,665.2375668162723,5.51605571032097,1265,-3.0000157999022017,-5.7647852706298135
1098,233.18499999999997,9.864171904843532,2541.9609327738567,192.39281101846726,1933.4829283412496,2544.4572547806492,98.132996458137,85.6517076347541,665.1618928406325,5.516293341647031,1265,-3.0000158142769346,-5.764195434228253
1099,233.195,9.86462351980635,2541.9607607308776,192.3820541627976,1933.4878121215907,2544.457138287734,98.13294960988054,85.64800340869421,665.0862221400495,5.51653096268951,1265,-3.0000158286514838,-5.7636056587206
1100,233.20499999999998,9.865075076014756,2541.960588681977,192.37130143455653,1933.492695698918,2544.45702179372,98.13290276151992,85.64430002265966,665.0105547137799,5.516768573450741,1265,-3.00001584302585,-5.763015944094944
1101,233.21499999999997,9.865526573484228,2541.9604166271565,192.36055283185334,1933.4975790732788,2544.4569052986067,98.13285591305514,85.64059747633677,664.934890561081,5.517006173933057,1265,-3.000015857400032,-5.762426290339435
1102,233.225,9.865978012230244,2541.9602445664204,192.34980835277378,1933.5024622447215,2544.456788802395,98.13280906448621,85.63689576941195,664.8592296812099,5.517243764138789,1265,-3.000015871774031,-5.761836697442183
1103,233.23499999999999,9.86642939226826,2541.9600724997713,192.33906799534736,1933.5073452132908,2544.4566723050852,98.13276221581312,85.6331949015718,664.7835720734242,5.517481344070269,1265,-3.0000158861478465,-5.761247165391305
1104,233.24499999999998,9.866880713613758,2541.9599004272122,192.32833175779496,1933.5122279790357,2544.4565558066774,98.1327153670359,85.62949487250303,664.7079177369819,5.5177189137298255,1265,-3.0000159005214777,-5.760657694174938
1105,233.255,9.867331976282193,2541.9597283487456,192.31759963803893,1933.5171105420022,2544.4564393071723,98.13266851815452,85.62579568189253,664.6322666711411,5.517956473119786,1265,-3.000015914894925,-5.760068283781206
1106,233.265,9.867783180289013,2541.959556264374,192.3068716342666,1933.5219929022358,2544.456322806568,98.13262166916901,85.62209732942728,664.5566188751602,5.51819402224248,1265,-3.000015929268189,-5.759478934198224
1107,233.27499999999998,9.86823432564968,2541.959384174102,192.29614774450025,1933.5268750597845,2544.456206304868,98.13257482007936,85.61839981479446,664.4809743482979,5.518431561100235,1265,-3.0000159436412677,-5.758889645414126
1108,233.285,9.86868541237964,2541.9592120779325,192.2854279668906,1933.531757014695,2544.45608980207,98.13252797088558,85.61470313768137,664.4053330898132,5.518669089695377,1265,-3.000015958014163,-5.758300417417027
1109,233.295,9.869136440494344,2541.959039975867,192.27471229959013,1933.5366387670144,2544.455973298175,98.13248112158767,85.61100729777544,664.3296950989654,5.518906608030233,1265,-3.0000159723868745,-5.757711250195074
1110,233.30499999999998,9.869587410009226,2541.95886786791,192.26400074049585,1933.5415203167886,2544.4558567931836,98.13243427218565,85.6073122947643,664.2540603750139,5.519144116107124,1265,-3.0000159867594007,-5.757122143736375
1111,233.315,9.870038320939722,2541.958695754063,192.25329328791008,1933.5464016640644,2544.455740287095,98.13238742267951,85.60361812833563,664.1784289172186,5.519381613928376,1265,-3.000016001131743,-5.756533098029067
1112,233.325,9.870489173301275,2541.9585236343296,192.24258993977824,1933.5512828088897,2544.45562377991,98.13234057306927,85.59992479817734,664.1028007248397,5.519619101496311,1265,-3.0000160155039004,-5.755944113061284
1113,233.33499999999998,9.8709399671093,2541.9583515087124,192.2318906942934,1933.5561637513092,2544.4555072716284,98.13229372335492,85.59623230397746,664.0271757971374,5.519856578813252,1265,-3.0000160298758742,-5.755355188821151
1114,233.34499999999997,9.871390702379232,2541.958179377215,192.22119554945982,1933.5610444913711,2544.4553907622508,98.13224687353646,85.59254064542414,663.9515541333724,5.52009404588152,1265,-3.0000160442476624,-5.754766325296797
1115,233.355,9.871841379126485,2541.95800723984,192.21050450349324,1933.5659250291212,2544.4552742517776,98.13220002361392,85.58884982220569,663.8759357328055,5.520331502703435,1265,-3.0000160586192655,-5.754177522476355
1116,233.36499999999998,9.872291997366485,2541.9578350965894,192.1998175543438,1933.5708053646067,2544.4551577402076,98.13215317358724,85.58515983401057,663.8003205946981,5.520568949281316,1265,-3.0000160729906846,-5.753588780347955
1117,233.37499999999997,9.872742557114638,2541.957662947469,192.18913470026328,1933.5756854978742,2544.4550412275435,98.1321063234565,85.58147068052737,663.7247087183115,5.5208063856174805,1265,-3.000016087361918,-5.753000098899733
1118,233.385,9.87319305838635,2541.9574907924793,192.17845593925938,1933.5805654289693,2544.454924713783,98.13205947322167,85.57778236144485,663.6491001029075,5.5210438117142475,1265,-3.000016101732967,-5.752411478119811
1119,233.39499999999998,9.873643501197035,2541.957318631623,192.1677812694797,1933.58544515794,2544.4548081989274,98.13201262288274,85.57409487645187,663.5734947477482,5.521281227573933,1265,-3.00001611610383,-5.751822917996339
1120,233.40499999999997,9.874093885562088,2541.9571464649043,192.1571106889694,1933.590324684832,2544.454691682977,98.13196577243976,85.57040822523747,663.4978926520957,5.521518633198854,1265,-3.000016130474508,-5.751234418517443
1121,233.415,9.874544211496902,2541.956974292327,192.14644419593492,1933.595204009691,2544.454575165932,98.13191892189269,85.5667224074908,663.4222938152127,5.521756028591324,1265,-3.000016144845001,-5.750645979671255
1122,233.42499999999998,9.874994479016879,2541.9568021138907,192.13578178833302,1933.6000831325655,2544.454458647792,98.13187207124156,85.56303742290122,663.346698236362,5.521993413753659,1265,-3.0000161592153085,-5.750057601445907
1123,233.43499999999997,9.875444688137401,2541.956629929602,192.12512346440337,1933.604962053501,2544.4543421285584,98.13182522048636,85.55935327115813,663.2711059148068,5.52223078868817,1265,-3.0000161735854296,-5.749469283829553
1124,233.445,9.875894838873856,2541.9564577394617,192.11446922212775,1933.609840772543,2544.4542256082295,98.13177836962711,85.55566995195119,663.1955168498104,5.522468153397172,1265,-3.000016187955366,-5.748881026810314
1125,233.45499999999998,9.876344931241624,2541.956285543474,192.1038190597749,1933.61471928974,2544.4541090868083,98.1317315186638,85.55198746497008,663.1199310406365,5.522705507882976,1265,-3.0000162023251167,-5.748292830376325
1126,233.46499999999997,9.876794965256083,2541.956113341641,192.09317297534315,1933.6195976051372,2544.4539925642925,98.13168466759643,85.54830580990473,663.044348486549,5.522942852147891,1265,-3.000016216694681,-5.747704694515734
1127,233.475,9.877244940932606,2541.9559411339665,192.08253096695003,1933.624475718781,2544.453876040683,98.13163781642503,85.54462498644516,662.9687691868122,5.523180186194229,1265,-3.0000162310640595,-5.7471166192166825
1128,233.48499999999999,9.877694858286556,2541.9557689204507,192.07189303271187,1933.629353630718,2544.4537595159795,98.13159096514957,85.54094499428153,662.8931931406905,5.523417510024297,1265,-3.0000162454332515,-5.746528604467306
1129,233.49499999999998,9.878144717333303,2541.955596701099,192.06125917085714,1933.6342313409941,2544.4536429901827,98.13154411377008,85.53726583310414,662.8176203474487,5.523654823640405,1265,-3.0000162598022584,-5.745940650255742
1130,233.505,9.878594518088207,2541.955424475914,192.05062937929003,1933.6391088496562,2544.4535264632927,98.13149726228654,85.5335875026035,662.7420508063519,5.523892127044858,1265,-3.0000162741710787,-5.745352756570128
1131,233.515,9.879044260566625,2541.9552522449003,192.04000365624046,1933.6439861567512,2544.453409935312,98.13145041069899,85.52991000247015,662.6664845166653,5.524129420239965,1265,-3.0000162885397126,-5.7447649233986136
1132,233.52499999999998,9.879493944783913,2541.9550800080574,192.02938199984627,1933.648863262325,2544.4532934062368,98.1314035590074,85.52623333239487,662.5909214776544,5.52436670322803,1265,-3.0000163029081603,-5.744177150729331
1133,233.535,9.879943570755417,2541.9549077653896,192.01876440824475,1933.6537401664243,2544.453176876069,98.1313567072118,85.52255749206851,662.5153616885854,5.524603976011359,1265,-3.000016317276421,-5.743589438550436
1134,233.545,9.88039313849648,2541.954735516901,192.0081508794424,1933.658616869094,2544.4530603448097,98.13130985531217,85.51888248118213,662.4398051487242,5.524841238592254,1265,-3.0000163316444963,-5.74300178685006
1135,233.55499999999998,9.880842648022439,2541.9545632625927,191.9975414116201,1933.6634933703808,2544.4529438124578,98.13126300330855,85.51520829942689,662.3642518573372,5.525078490973018,1265,-3.0000163460123837,-5.74241419561636
1136,233.565,9.881292099348643,2541.954391002469,191.98693600289596,1933.668369670333,2544.452827279014,98.13121615120089,85.5115349464941,662.2887018136911,5.525315733155956,1265,-3.000016360380085,-5.741826664837473
1137,233.575,9.881741492490413,2541.9542187365328,191.97633465138517,1933.673245768994,2544.4527107444787,98.13116929898925,85.50786242207518,662.2131550170528,5.525552965143366,1265,-3.0000163747475996,-5.741239194501545
1138,233.58499999999998,9.882190827463086,2541.954046464785,191.9657373552691,1933.6781216664122,2544.4525942088517,98.1311224466736,85.50419072586176,662.1376114666897,5.5257901869375505,1265,-3.000016389114928,-5.740651784596717
1139,233.59499999999997,9.882640104281982,2541.953874187232,191.95514411257932,1933.682997362633,2544.4524776721337,98.13107559425396,85.50051985754558,662.0620711618692,5.5260273985408075,1265,-3.0000164034820678,-5.740064435111145
1140,233.605,9.883089322962423,2541.9537019038744,191.9445549214591,1933.687872857702,2544.452361134325,98.13102874173033,85.4968498168185,661.986534101859,5.526264599955437,1265,-3.0000164178490216,-5.739477146032968
1141,233.61499999999998,9.883538483519724,2541.953529614715,191.9339697801418,1933.6927481516655,2544.452244595425,98.13098188910271,85.49318060337254,661.9110002859272,5.526501791183736,1265,-3.000016432215787,-5.738889917350342
1142,233.62499999999997,9.8839875859692,2541.9533573197573,191.9233886866144,1933.6976232445704,2544.452128055433,98.1309350363711,85.48951221689985,661.835469713342,5.526738972228002,1265,-3.0000164465823667,-5.738302749051415
1143,233.635,9.884436630326165,2541.9531850190033,191.9128116390321,1933.7024981364636,2544.4520115143514,98.13088818353552,85.48584465709276,661.7599423833723,5.526976143090531,1265,-3.0000164609487583,-5.737715641124334
1144,233.64499999999998,9.884885616605917,2541.9530127124576,191.9022386355962,1933.7073728273895,2544.4518949721796,98.13084133059597,85.48217792364369,661.6844182952866,5.527213303773618,1265,-3.000016475314962,-5.737128593557248
1145,233.65499999999997,9.885334544823762,2541.9528404001217,191.89166967432587,1933.7122473173952,2544.4517784289174,98.13079447755244,85.47851201624523,661.6088974483544,5.527450454279559,1265,-3.000016489680979,-5.736541606338311
1146,233.665,9.88578341499499,2541.9526680819986,191.8811047534408,1933.717121606526,2544.4516618845646,98.13074762440495,85.4748469345901,661.5333798418446,5.5276875946106445,1265,-3.000016504046808,-5.735954679455669
1147,233.67499999999998,9.886232227134899,2541.952495758091,191.87054387108796,1933.721995694829,2544.451545339122,98.13070077115349,85.47118267837119,661.4578654750275,5.5279247247691705,1265,-3.000016518412449,-5.735367812897487
1148,233.68499999999997,9.88668098125878,2541.952323428404,191.8599870253238,1933.7268695823495,2544.45142879259,98.13065391779809,85.4675192472815,661.3823543471725,5.528161844757427,1265,-3.0000165327779027,-5.7347810066518985
1149,233.695,9.887129677381914,2541.952151092939,191.84943421435656,1933.7317432691345,2544.4513122449694,98.13060706433872,85.46385664101417,661.3068464575501,5.528398954577704,1265,-3.000016547143168,-5.734194260707076
1150,233.70499999999998,9.887578315519585,2541.951978751698,191.83888543623095,1933.7366167552295,2544.4511956962588,98.1305602107754,85.4601948592625,661.2313418054307,5.528636054232294,1265,-3.000016561508246,-5.733607575051158
1151,233.71499999999997,9.888026895687064,2541.9518064046847,191.8283406891807,1933.7414900406793,2544.45107914646,98.13051335710813,85.45653390171991,661.1558403900851,5.528873143723486,1265,-3.0000165758731354,-5.733020949672309
1152,233.725,9.888475417899635,2541.951634051903,191.81779997128424,1933.7463631255318,2544.450962595572,98.13046650333693,85.45287376807997,661.0803422107845,5.529110223053567,1265,-3.0000165902378364,-5.732434384558685
1153,233.73499999999999,9.88892388217256,2541.951461693354,191.8072632806137,1933.7512360098324,2544.450846043595,98.1304196494618,85.44921445803642,661.0048472667999,5.529347292224825,1265,-3.00001660460235,-5.731847879698438
1154,233.74499999999998,9.889372288521102,2541.9512893290403,191.7967306154683,1933.7561086936264,2544.450729490529,98.13037279548273,85.44555597128308,660.9293555574029,5.5295843512395475,1265,-3.000016618966675,-5.7312614350797295
1155,233.755,9.889820636960524,2541.9511169589673,191.78620197388844,1933.7609811769596,2544.4506129363754,98.13032594139975,85.44189830751397,660.8538670818656,5.529821400100021,1265,-3.000016633330811,-5.730675050690708
1156,233.765,9.890268927506085,2541.950944583136,191.77567735402062,1933.7658534598788,2544.4504963811337,98.13027908721281,85.43824146642322,660.7783818394599,5.5300584388085285,1265,-3.0000166476947587,-5.730088726519545
1157,233.77499999999998,9.890717160173043,2541.9507722015496,191.76515675405366,1933.7707255424307,2544.4503798248043,98.13023223292198,85.43458544770508,660.7028998294583,5.530295467367355,1265,-3.0000166620585187,-5.729502462554388
1158,233.785,9.89116533497664,2541.950599814211,191.75464017200687,1933.775597424659,2544.4502632673866,98.13018537852723,85.43093025105401,660.6274210511334,5.530532485778785,1265,-3.000016676422089,-5.728916258783404
1159,233.795,9.891613451932118,2541.950427421124,191.7441276062507,1933.7804691066103,2544.450146708882,98.13013852402858,85.4272758761645,660.5519455037582,5.5307694940451,1265,-3.0000166907854706,-5.728330115194754
1160,233.80499999999998,9.892061511054733,2541.9502550222896,191.7336190547029,1933.7853405883322,2544.45003014929,98.13009166942601,85.42362232273132,660.4764731866059,5.531006492168582,1265,-3.0000167051486635,-5.7277440317765915
1161,233.815,9.892509512359707,2541.950082617712,191.7231145156276,1933.7902118698687,2544.449913588611,98.13004481471954,85.41996959044927,660.4010040989498,5.5312434801515105,1265,-3.0000167195116676,-5.72715800851709
1162,233.825,9.892957455862279,2541.949910207393,191.71261398712323,1933.7950829512654,2544.4497970268435,98.12999795990918,85.41631767901332,660.3255382400638,5.531480457996167,1265,-3.000016733874482,-5.726572045404408
1163,233.83499999999998,9.893405341577683,2541.949737791337,191.7021174673729,1933.7999538325691,2544.4496804639907,98.12995110499492,85.41266658811858,660.2500756092218,5.531717425704832,1265,-3.0000167482371083,-5.7259861424267
1164,233.84499999999997,9.89385316952114,2541.9495653695453,191.69162495454836,1933.804824513826,2544.4495639000506,98.12990424997679,85.40901631746034,660.1746162056983,5.53195438327978,1265,-3.0000167625995453,-5.725400299572138
1165,233.855,9.894300939707875,2541.9493929420228,191.6811364467083,1933.809694995081,2544.4494473350237,98.12985739485475,85.40536686673397,660.0991600287675,5.5321913307232915,1265,-3.0000167769617927,-5.724814516828879
1166,233.86499999999998,9.894748652153096,2541.9492205087713,191.6706519420458,1933.8145652763794,2544.449330768912,98.12981053962883,85.40171823563502,660.0237070777046,5.532428268037642,1265,-3.0000167913238505,-5.724228794185104
1167,233.87499999999997,9.89519630687203,2541.9490480697928,191.6601714387825,1933.8194353577683,2544.449214201714,98.12976368429906,85.39807042385912,659.9482573517843,5.532665195225107,1265,-3.000016805685719,-5.723643131628962
1168,233.885,9.895643903879881,2541.9488756250907,191.64969493498566,1933.8243052392927,2544.449097633429,98.12971682886538,85.39442343110215,659.8728108502822,5.532902112287962,1265,-3.000016820047398,-5.723057529148632
1169,233.89499999999998,9.89609144319185,2541.948703174669,191.63922242886798,1933.8291749209975,2544.44898106406,98.12966997332786,85.39077725706001,659.797367572474,5.53313901922848,1265,-3.0000168344088873,-5.72247198673227
1170,233.90499999999997,9.89653892482315,2541.948530718529,191.62875391855297,1933.8340444029304,2544.4488644936046,98.12962311768646,85.38713190142883,659.7219275176353,5.533375916048936,1265,-3.000016848770187,-5.72188650436805
1171,233.915,9.896986348788964,2541.9483582566736,191.61828940218925,1933.8389136851351,2544.448747922064,98.12957626194122,85.38348736390482,659.6464906850426,5.533612802751601,1265,-3.000016863131297,-5.721301082044152
1172,233.92499999999998,9.897433715104498,2541.948185789107,191.60782887794392,1933.8437827676585,2544.448631349438,98.12952940609212,85.37984364418436,659.5710570739722,5.533849679338747,1265,-3.0000168774922167,-5.720715719748723
1173,233.93499999999997,9.897881023784933,2541.948013315831,191.5973723439945,1933.8486516505448,2544.4485147757273,98.12948255013916,85.37620074196396,659.4956266837006,5.534086545812643,1265,-3.000016891852947,-5.720130417469946
1174,233.945,9.898328274845463,2541.947840836849,191.58691979855521,1933.8535203338413,2544.4483982009324,98.12943569408236,85.37255865694027,659.4201995135049,5.534323402175562,1265,-3.0000169062134865,-5.7195451751959965
1175,233.95499999999998,9.898775468301269,2541.947668352164,191.57647123957986,1933.8583888175935,2544.448281625053,98.12938883792171,85.36891738881009,659.3447755626626,5.53456024842977,1265,-3.0000169205738363,-5.718959992915039
1176,233.96499999999997,9.899222604167523,2541.947495861777,191.5660266653709,1933.8632571018456,2544.448165048088,98.12934198165722,85.36527693727032,659.2693548304508,5.534797084577535,1265,-3.0000169349339956,-5.718374870615251
1177,233.975,9.899669682459404,2541.947323365693,191.5555860742364,1933.8681251866437,2544.4480484700402,98.1292951252889,85.36163730201805,659.1939373161475,5.535033910621128,1265,-3.0000169492939643,-5.717789808284795
1178,233.98499999999999,9.900116703192083,2541.947150863914,191.54514946414847,1933.8729930720347,2544.4479318909075,98.12924826881677,85.35799848275049,659.1185230190307,5.535270726562813,1265,-3.0000169636537435,-5.71720480591186
1179,233.99499999999998,9.900563666380723,2541.9469783564427,191.53471683317917,1933.8778607580628,2544.447815310691,98.12920141224082,85.35436047916497,659.0431119383787,5.535507532404855,1265,-3.0000169780133312,-5.716619863484605
1180,234.005,9.901010572040484,2541.9468058432835,191.52428817981883,1933.8827282447728,2544.4476987293924,98.12915455556104,85.35072329095897,658.9677040734701,5.53574432814952,1265,-3.0000169923727293,-5.716034980991215
1181,234.015,9.901457420186537,2541.9466333244372,191.51386350191427,1933.8875955322126,2544.4475821470096,98.12910769877743,85.34708691783014,658.8922994235838,5.535981113799072,1265,-3.0000170067319356,-5.715450158419862
1182,234.02499999999998,9.901904210834019,2541.946460799908,191.50344279784733,1933.8924626204255,2544.447465563544,98.12906084189001,85.34345135947619,658.8168979879988,5.536217889355773,1265,-3.0000170210909523,-5.7148653957587285
1183,234.035,9.902350943998089,2541.946288269697,191.49302606568702,1933.8973295094572,2544.4473489789943,98.12901398489878,85.33981661559505,658.7414997659945,5.536454654821885,1265,-3.0000170354497775,-5.714280692995985
1184,234.045,9.902797619693896,2541.946115733809,191.48261330364127,1933.9021961993544,2544.4472323933633,98.12896712780375,85.33618268588475,658.6661047568506,5.536691410199671,1265,-3.0000170498084118,-5.713696050119808
1185,234.05499999999998,9.903244237936581,2541.9459431922446,191.47220450985333,1933.907062690162,2544.4471158066476,98.12892027060491,85.33254957004347,658.590712959847,5.536928155491391,1265,-3.000017064166855,-5.713111467118387
1186,234.065,9.903690798741279,2541.945770645009,191.46179968244763,1933.9119289819243,2544.4469992188506,98.12887341330229,85.32891726776951,658.5153243742637,5.537164890699303,1265,-3.000017078525108,-5.712526943979896
1187,234.075,9.904137302123132,2541.945598092104,191.45139881969212,1933.916795074689,2544.446882629971,98.12882655589587,85.32528577876134,658.4399389993814,5.53740161582567,1265,-3.000017092883169,-5.711942480692514
1188,234.08499999999998,9.904583748097261,2541.9454255335336,191.44100191974675,1933.9216609684988,2544.4467660400105,98.12877969838567,85.32165510271754,658.3645568344807,5.5376383308727455,1265,-3.000017107241039,-5.711358077244408
1189,234.09499999999997,9.9050301366788,2541.945252969298,191.4306089807723,1933.9265266634009,2544.446649448967,98.12873284077168,85.31802523933683,658.2891778788428,5.53787503584279,1265,-3.000017121598717,-5.710773733623781
1190,234.105,9.90547646788287,2541.945080399402,191.4202200008916,1933.9313921594405,2544.4465328568417,98.12868598305391,85.3143961883181,658.2138021317486,5.538111730738058,1265,-3.000017135956204,-5.710189449818815
1191,234.11499999999998,9.905922741724591,2541.9449078238476,191.40983497827796,1933.9362574566626,2544.4464162636355,98.12863912523238,85.31076794936031,658.1384295924798,5.538348415560807,1265,-3.0000171503135,-5.709605225817682
1192,234.12499999999997,9.906368958219074,2541.9447352426396,191.3994539112907,1933.941122555112,2544.4462996693483,98.12859226730708,85.30714052216261,658.0630602603183,5.53858509031329,1265,-3.000017164670604,-5.709021061608567
1193,234.135,9.906815117381438,2541.9445626557786,191.3890767979177,1933.9459874548347,2544.4461830739797,98.12854540927802,85.30351390642431,657.9876941345458,5.538821754997761,1265,-3.0000171790275165,-5.7084369571796545
1194,234.14499999999998,9.907261219226783,2541.9443900632664,191.3787036363813,1933.9508521558762,2544.446066477529,98.1284985511452,85.29988810184481,657.9123312144449,5.539058409616473,1265,-3.000017193384237,-5.707852912519144
1195,234.15499999999997,9.907707263770211,2541.944217465109,191.36833442491124,1933.9557166582806,2544.445949879999,98.12845169290861,85.29626310812365,657.836971499298,5.53929505417168,1265,-3.000017207740766,-5.707268927615194
1196,234.165,9.908153251026832,2541.9440448613072,191.3579691616301,1933.960580962095,2544.445833281388,98.12840483456829,85.29263892496053,657.7616149883881,5.53953168866563,1265,-3.0000172220971026,-5.706685002456018
1197,234.17499999999998,9.908599181011725,2541.9438722518644,191.3476078448003,1933.965445067362,2544.445716681697,98.12835797612418,85.28901555205526,657.6862616809983,5.539768313100576,1265,-3.000017236453248,-5.7061011370297905
1198,234.18499999999997,9.909045053740002,2541.943699636783,191.3372504725101,1933.97030897413,2544.4456000809246,98.12831111757636,85.28539298910785,657.6109115764119,5.540004927478768,1265,-3.0000172508092007,-5.705517331324703
1199,234.195,9.90949086922673,2541.9435270160675,191.32689704300049,1933.9751726824413,2544.4454834790736,98.12826425892479,85.28177123581835,657.5355646739126,5.540241531802454,1265,-3.0000172651649613,-5.704933585328938
1200,234.20499999999998,9.909936627487005,2541.9433543897176,191.31654755446817,1933.9800361923426,2544.4453668761416,98.12821740016949,85.27815029188703,657.4602209727842,5.540478126073882,1265,-3.0000172795205295,-5.704349899030698
1201,234.21499999999997,9.910382328535905,2541.9431817577383,191.30620200500607,1933.9848995038794,2544.4452502721306,98.12817054131045,85.27453015701425,657.384880472311,5.5407147102953,1265,-3.0000172938759055,-5.703766272418159
1202,234.225,9.910827972388507,2541.9430091201325,191.295860392959,1933.9897626170964,2544.445133667041,98.12812368234769,85.27091083090053,657.3095431717774,5.540951284468954,1265,-3.000017308231089,-5.703182705479515
1203,234.23499999999999,9.911273559059877,2541.9428364769014,191.28552271640896,1933.994625532038,2544.44501706087,98.12807682328119,85.26729231324653,657.2342090704682,5.541187848597089,1265,-3.00001732258608,-5.702599198202972
1204,234.24499999999998,9.911719088565082,2541.94266382805,191.27518897355785,1933.9994882487492,2544.444900453622,98.12802996411098,85.26367460375302,657.1588781676681,5.54142440268195,1265,-3.0000173369408785,-5.702015750576702
1205,234.255,9.912164560919196,2541.9424911735787,191.26485916259682,1934.0043507672772,2544.4447838452934,98.12798310483704,85.26005770212092,657.0835504626625,5.541660946725781,1265,-3.000017351295484,-5.701432362588915
1206,234.265,9.912609976137272,2541.942318513492,191.2545332817347,1934.009213087665,2544.444667235886,98.12793624545941,85.2564416080513,657.008225954737,5.541897480730825,1265,-3.0000173656498976,-5.7008490342277955
1207,234.27499999999998,9.913055334234368,2541.9421458477927,191.24421132921796,1934.0140752099585,2544.4445506254015,98.12788938597808,85.25282632124535,656.9329046431772,5.542134004699324,1265,-3.0000173800041177,-5.700265765481538
1208,234.285,9.913500635225537,2541.9419731764824,191.23389330314868,1934.0189371342028,2544.4444340138375,98.12784252639304,85.24921184140442,656.8575865272692,5.54237051863352,1265,-3.000017394358145,-5.699682556338352
1209,234.295,9.913945879125828,2541.9418004995664,191.22357920178604,1934.0237988604429,2544.4443174011967,98.1277956667043,85.24559816822996,656.7822716062992,5.542607022535653,1265,-3.0000174087119795,-5.699099406786413
1210,234.30499999999998,9.914391065950278,2541.9416278170434,191.21326902325842,1934.028660388723,2544.4442007874763,98.12774880691185,85.24198530142358,656.7069598795539,5.542843516407962,1265,-3.000017423065621,-5.698516316813927
1211,234.315,9.914836195713937,2541.9414551289196,191.2029627658465,1934.033521719089,2544.444084172679,98.12770194701572,85.23837324068701,656.6316513463199,5.543080000252688,1265,-3.0000174374190687,-5.697933286409091
1212,234.325,9.915281268431837,2541.9412824351966,191.19266042768317,1934.0383828515858,2544.443967556804,98.12765508701592,85.23476198572216,656.5563460058845,5.543316474072068,1265,-3.0000174517723233,-5.6973503155601115
1213,234.33499999999998,9.915726284119014,2541.941109735878,191.18236200704186,1934.0432437862587,2544.4438509398524,98.12760822691243,85.23115153623101,656.481043857535,5.5435529378683395,1265,-3.000017466125385,-5.696767404255179
1214,234.34499999999997,9.916171242790494,2541.940937030964,191.17206750198503,1934.0481045231513,2544.443734321822,98.12756136670527,85.22754189191575,656.405744900559,5.543789391643738,1265,-3.000017480478254,-5.696184552482491
1215,234.355,9.916616144461294,2541.9407643204613,191.16177691085161,1934.0529650623089,2544.443617702716,98.12751450639443,85.2239330524786,656.3304491342442,5.5440258354005,1265,-3.0000174948309284,-5.695601760230253
1216,234.36499999999998,9.917060989146457,2541.940591604369,191.1514902317596,1934.0578254037785,2544.4435010825314,98.12746764597992,85.22032501762206,656.255156557879,5.5442622691408605,1265,-3.0000175091834094,-5.695019027486673
1217,234.37499999999997,9.917505776860978,2541.9404188826925,191.14120746301177,1934.0626855476019,2544.4433844612718,98.12742078546175,85.21671778704862,656.1798671707515,5.5444986928670525,1265,-3.0000175235356967,-5.694436354239933
1218,234.385,9.917950507619878,2541.940246155434,191.13092860266693,1934.067545493826,2544.443267838936,98.12737392483993,85.21311136046101,656.1045809721508,5.544735106581309,1265,-3.000017537887791,-5.693853740478256
1219,234.39499999999998,9.918395181438168,2541.940073422595,191.12065364906957,1934.072405242495,2544.443151215523,98.12732706411443,85.20950573756207,656.0292979613654,5.544971510285864,1265,-3.0000175522396906,-5.693271186189843
1220,234.40499999999997,9.918839798330856,2541.939900684179,191.1103826004175,1934.0772647936544,2544.443034591033,98.12728020328528,85.20590091805472,655.9540181376848,5.545207903982947,1265,-3.0000175665913966,-5.692688691362892
1221,234.415,9.91928435831294,2541.93972794019,191.1001154548032,1934.0821241473486,2544.4429179654694,98.1272333423525,85.20229690164211,655.8787415003982,5.54544428767479,1265,-3.000017580942908,-5.6921062559856
1222,234.42499999999998,9.919728861399413,2541.9395551906296,191.0898522105076,1934.0869833036222,2544.4428013388288,98.12718648131607,85.19869368802745,655.8034680487955,5.5456806613636225,1265,-3.0000175952942265,-5.69152388004619
1223,234.43499999999997,9.920173307605278,2541.9393824354993,191.07959286574157,1934.0918422625202,2544.4426847111113,98.12713962017601,85.1950912769141,655.7281977821665,5.545917025051673,1265,-3.00001760964535,-5.690941563532867
1224,234.445,9.920617696945518,2541.939209674805,191.06933741866774,1934.0967010240875,2544.4425680823206,98.1270927589323,85.19148966800557,655.6529306998016,5.546153378741169,1265,-3.0000176239962806,-5.690359306433823
1225,234.45499999999998,9.92106202943512,2541.939036908547,191.05908586764463,1934.1015595883682,2544.442451452454,98.12704589758496,85.18788886100552,655.5776668009912,5.5463897224343395,1265,-3.0000176383470154,-5.6897771087372835
1226,234.46499999999997,9.921506305089068,2541.9388641367277,191.04883821068577,1934.1064179554076,2544.4423348215114,98.12699903613402,85.18428885561771,655.5024060850261,5.546626056133411,1265,-3.0000176526975566,-5.6891949704314495
1227,234.475,9.921950523922337,2541.9386913593526,191.0385944461721,1934.1112761252507,2544.442218189495,98.12695217457944,85.18068965154606,655.4271485511974,5.546862379840609,1265,-3.0000176670479033,-5.688612891504521
1228,234.48499999999999,9.922394685949904,2541.9385185764218,191.02835457215753,1934.1161340979418,2544.4421015564044,98.12690531292124,85.17709124849462,655.3518941987963,5.547098693558157,1265,-3.0000176813980555,-5.6880308719447275
1229,234.49499999999998,9.92283879118674,2541.938345787939,191.01811858699935,1934.1209918735258,2544.4419849222386,98.12685845115942,85.17349364616754,655.2766430271145,5.54733499728828,1265,-3.000017695748013,-5.687448911740271
1230,234.505,9.92328283964781,2541.9381729939078,191.0078864888353,1934.1258494520475,2544.4418682869987,98.12681158929402,85.16989684426918,655.2013950354434,5.547571291033201,1265,-3.000017710097776,-5.686867010879359
1231,234.515,9.923726831348073,2541.93800019433,190.9976582759312,1934.130706833551,2544.441751650684,98.126764727325,85.16630084250396,655.1261502230755,5.547807574795142,1265,-3.000017724447344,-5.6862851693502146
1232,234.52499999999998,9.924170766302494,2541.9378273892094,190.9874339465391,1934.1355640180814,2544.441635013298,98.12671786525237,85.16270564057646,655.0509085893029,5.548043848576326,1265,-3.0000177387967173,-5.685703387141034
1233,234.535,9.924614644526022,2541.9376545785462,190.97721349867086,1934.1404210056826,2544.441518374836,98.12667100307615,85.15911123819144,654.9756701334184,5.548280112378974,1265,-3.000017753145895,-5.685121664240055
1234,234.545,9.92505846603361,2541.9374817623443,190.96699693077966,1934.1452777964003,2544.4414017353,98.12662414079634,85.15551763505373,654.9004348547146,5.548516366205304,1265,-3.000017767494879,-5.684540000635478
1235,234.55499999999998,9.92550223084021,2541.937308940609,190.95678424102138,1934.1501343902792,2544.441285094692,98.12657727841294,85.1519248308683,654.8252027524849,5.548752610057536,1265,-3.000017781843667,-5.683958396315512
1236,234.565,9.92594593896076,2541.9371361133403,190.9465754275725,1934.1549907873627,2544.4411684530105,98.12653041592596,85.14833282534029,654.7499738260224,5.54898884393789,1265,-3.00001779619226,-5.683376851268389
1237,234.575,9.926389590410196,2541.9369632805415,190.93637048875843,1934.1598469876958,2544.441051810256,98.12648355333539,85.14474161817496,654.6747480746209,5.549225067848581,1265,-3.000017810540658,-5.682795365482322
1238,234.58499999999998,9.926833185203462,2541.9367904422156,190.92616942264223,1934.164702991324,2544.4409351664285,98.12643669064126,85.14115120907772,654.5995254975743,5.549461281791825,1265,-3.0000178248888605,-5.682213938945523
1239,234.59499999999997,9.927276723355481,2541.936617598366,190.9159722275312,1934.1695587982908,2544.440818521529,98.12638982784355,85.13756159775406,654.5243060941767,5.549697485769841,1265,-3.0000178392368677,-5.681632571646215
1240,234.605,9.927720204881187,2541.9364447489943,190.90577890176468,1934.174414408641,2544.440701875557,98.12634296494225,85.13397278390964,654.4490898637226,5.549933679784843,1265,-3.0000178535846795,-5.681051263572615
1241,234.61499999999998,9.9281636297955,2541.9362718941034,190.89558944338023,1934.1792698224197,2544.4405852285126,98.1262961019374,85.13038476725029,654.3738768055066,5.550169863839044,1265,-3.0000178679322955,-5.680470014712945
1242,234.62499999999997,9.928606998113336,2541.936099033696,190.8854038506462,1934.1841250396694,2544.440468580395,98.126249238829,85.1267975474819,654.2986669188238,5.550406037934659,1265,-3.0000178822797166,-5.679888825055428
1243,234.635,9.929050309849622,2541.935926167777,190.87522212192854,1934.188980060437,2544.4403519312077,98.12620237561704,85.12321112431056,654.2234602029692,5.5506422020739,1265,-3.000017896626941,-5.67930769458828
1244,234.64499999999998,9.929493565019264,2541.9357532963454,190.86504425526928,1934.193834884766,2544.4402352809475,98.12615551230152,85.11962549744244,654.1482566572383,5.550878356258977,1265,-3.00001791097397,-5.678726623299728
1245,234.65499999999997,9.929936763637171,2541.9355804194065,190.8548702490977,1934.1986895127009,2544.440118629616,98.12610864888246,85.11604066658388,654.073056280927,5.551114500492103,1265,-3.0000179253208032,-5.678145611178
1246,234.665,9.93037990571824,2541.9354075369624,190.8447001014735,1934.203543944285,2544.4400019772133,98.12606178535988,85.11245663144136,653.997859073331,5.5513506347754875,1265,-3.000017939667441,-5.677564658211301
1247,234.67499999999998,9.930822991277386,2541.935234649016,190.8345338107376,1934.2083981795652,2544.43988532374,98.12601492173374,85.10887339172146,653.9226650337467,5.551586759111341,1265,-3.000017954013882,-5.676983764387883
1248,234.68499999999997,9.931266020329488,2541.9350617555688,190.82437137505374,1934.2132522185827,2544.439768669194,98.12596805800406,85.10529094713091,653.8474741614707,5.55182287350187,1265,-3.0000179683601274,-5.676402929695962
1249,234.695,9.931708992889448,2541.9348888566246,190.81421279272203,1934.218106061384,2544.4396520135774,98.12592119417087,85.10170929737657,653.7722864557995,5.552058977949284,1265,-3.000017982706176,-5.675822154123756
1250,234.70499999999998,9.932151908972159,2541.934715952186,190.8040580618956,1934.2229597080138,2544.4395353568907,98.12587433023414,85.09812844216545,653.6971019160304,5.552295072455788,1265,-3.000017997052029,-5.675241437659498
1251,234.71499999999997,9.932594768592503,2541.9345430422572,190.79390718094774,1934.2278131585156,2544.439418699135,98.1258274661939,85.09454838120466,653.6219205414606,5.55253115702359,1265,-3.0000180113976858,-5.674660780291408
1252,234.725,9.933037571765354,2541.934370126839,190.78376014797462,1934.2326664129328,2544.439302040308,98.12578060205013,85.09096911420149,653.5467423313873,5.552767231654894,1265,-3.0000180257431457,-5.6740801820077245
1253,234.73499999999999,9.933480318505598,2541.9341972059347,190.77361696130865,1934.237519471311,2544.439185380411,98.12573373780283,85.08739064086329,653.4715672851089,5.553003296351904,1265,-3.0000180400884093,-5.673499642796682
1254,234.74499999999998,9.933923008828103,2541.9340242795474,190.7634776191402,1934.2423723336942,2544.4390687194445,98.12568687345205,85.08381296089765,653.3963954019231,5.553239351116826,1265,-3.0000180544334762,-5.6729191626464965
1255,234.755,9.934365642747744,2541.933851347677,190.75334211970684,1934.2472250001274,2544.438952057407,98.12564000899775,85.08023607401216,653.3212266811281,5.55347539595186,1265,-3.0000180687783473,-5.672338741545413
1256,234.765,9.934808220279379,2541.9336784103307,190.74321046123993,1934.2520774706531,2544.4388353943013,98.12559314443995,85.07665997991468,653.2460611220228,5.55371143085921,1265,-3.0000180831230208,-5.671758379481644
1257,234.77499999999998,9.935250741437876,2541.933505467508,190.73308264207103,1934.2569297453172,2544.4387187301254,98.12554627977866,85.07308467831311,653.1708987239057,5.553947455841077,1265,-3.0000180974674975,-5.671178076443447
1258,234.785,9.93569320623809,2541.9333325192138,190.72295866036174,1934.2617818241624,2544.4386020648813,98.12549941501389,85.06951016891551,653.0957394860761,5.55418347089966,1265,-3.000018111811778,-5.670597832419038
1259,234.795,9.936135614694878,2541.93315956545,190.71283851439495,1934.2666337072349,2544.438485398568,98.12545255014562,85.06593645143008,653.0205834078334,5.55441947603716,1265,-3.0000181261558607,-5.670017647396654
1260,234.80499999999998,9.936577966823087,2541.9329866062176,190.70272220237047,1934.271485394577,2544.438368731186,98.12540568517386,85.06236352556513,652.9454304884771,5.554655471255775,1265,-3.0000181404997472,-5.669437521364535
1261,234.815,9.937020262637565,2541.932813641522,190.69260972261765,1934.276336886234,2544.4382520627355,98.12535882009863,85.05879139102913,652.8702807273071,5.554891456557703,1265,-3.000018154843436,-5.668857454310906
1262,234.825,9.937462502153151,2541.932640671364,190.68250107327427,1934.2811881822495,2544.4381353932163,98.12531195491991,85.05522004753067,652.7951341236234,5.555127431945142,1265,-3.0000181691869274,-5.668277446224018
1263,234.83499999999998,9.937904685384682,2541.9324676957476,190.67239625268857,1934.286039282667,2544.4380187226293,98.12526508963774,85.05164949477847,652.7199906767265,5.555363397420288,1265,-3.000018183530222,-5.667697497092106
1264,234.84499999999997,9.938346812347007,2541.932294714675,190.6622952590887,1934.290890187533,2544.4379020509746,98.1252182242521,85.04807973248138,652.6448503859172,5.555599352985335,1265,-3.0000181978733194,-5.667117606903395
1265,234.855,9.938788883054938,2541.9321217281476,190.65219809065198,1934.2957408968887,2544.4377853782507,98.12517135876297,85.04451076034842,652.5697132504961,5.55583529864248,1265,-3.00001821221622,-5.666537775646141
1266,234.86499999999998,9.939230897523315,2541.93194873617,190.64210474571613,1934.30059141078,2544.4376687044596,98.12512449317042,85.04094257808865,652.4945792697645,5.556071234393915,1265,-3.0000182265589226,-5.665958003308573
1267,234.87499999999997,9.939672855766961,2541.931775738745,190.6320152224736,1934.3054417292515,2544.4375520296026,98.1250776274744,85.03737518541136,652.4194484430236,5.556307160241834,1265,-3.0000182409014275,-5.665378289878925
1268,234.885,9.940114757800686,2541.9316027358736,190.62192951926787,1934.310291852345,2544.437435353677,98.12503076167492,85.03380858202593,652.3443207695755,5.55654307618843,1265,-3.000018255243735,-5.664798635345456
1269,234.89499999999998,9.940556603639314,2541.9314297275587,190.61184763429986,1934.3151417801068,2544.4373186766834,98.124983895772,85.03024276764188,652.2691962487218,5.556778982235893,1265,-3.0000182695858446,-5.664219039696397
1270,234.90499999999997,9.94099839329765,2541.9312567138045,190.6017695657013,1934.3199915125792,2544.437201998624,98.12493702976565,85.02667774196885,652.1940748797647,5.557014878386415,1265,-3.0000182839277567,-5.6636395029199935
1271,234.915,9.941440126790498,2541.931083694613,190.5916953119401,1934.3248410498065,2544.4370853194982,98.12489016365585,85.02311350471662,652.1189566620068,5.557250764642185,1265,-3.0000182982694708,-5.663060025004491
1272,234.92499999999998,9.941881804132684,2541.930910669987,190.58162487121842,1934.3296903918351,2544.4369686393056,98.12484329744262,85.0195500555951,652.0438415947507,5.557486641005392,1265,-3.0000183126109867,-5.66248060593813
1273,234.93499999999997,9.942323425338984,2541.9307376399283,190.5715582417065,1934.3345395387055,2544.436851958046,98.12479643112597,85.01598739431434,651.9687296772993,5.557722507478226,1265,-3.000018326952305,-5.661901245709158
1274,234.945,9.942764990424202,2541.93056460444,190.56149542173046,1934.3393884904633,2544.4367352757204,98.1247495647059,85.0124255205845,651.8936209089558,5.557958364062871,1265,-3.0000183412934254,-5.661321944305822
1275,234.95499999999998,9.94320649940313,2541.9303915635264,190.5514364095141,1934.344237247152,2544.4366185923295,98.12470269818238,85.00886443411589,651.8185152890238,5.558194210761517,1265,-3.0000183556343476,-5.660742701716364
1276,234.96499999999997,9.943647952290563,2541.9302185171873,190.541381203289,1934.3490858088167,2544.436501907872,98.12465583155546,85.00530413461895,651.7434128168069,5.558430047576349,1265,-3.0000183699750718,-5.660163517929043
1277,234.975,9.94408934910128,2541.9300454654262,190.53132980148482,1934.3539341755002,2544.436385222348,98.12460896482513,85.00174462180424,651.6683134916092,5.5586658745095505,1265,-3.0000183843155974,-5.659584392932091
1278,234.98499999999999,9.944530689850067,2541.929872408248,190.52128220219024,1934.3587823472474,2544.436268535759,98.12456209799139,84.99818589538248,651.5932173127349,5.5589016915633085,1265,-3.0000183986559246,-5.659005326713772
1279,234.99499999999998,9.944971974551688,2541.9296993456537,190.51123840375763,1934.3636303241005,2544.436151848106,98.12451523105425,84.99462795506449,651.5181242794882,5.559137498739804,1265,-3.0000184129960528,-5.65842631926232
1280,235.005,9.94541320322093,2541.9295262776454,190.50119840443202,1934.368478106105,2544.436035159387,98.12446836401368,84.99107080056122,651.4430343911744,5.55937329604122,1265,-3.0000184273359833,-5.657847370566006
1281,235.015,9.945854375872555,2541.9293532042284,190.49116220239816,1934.373325693304,2544.435918469604,98.12442149686974,84.98751443158379,651.367947647098,5.559609083469739,1265,-3.0000184416757154,-5.657268480613064
1282,235.02499999999998,9.94629549252133,2541.9291801254008,190.4811297960716,1934.378173085741,2544.435801778754,98.1243746296224,84.98395884784338,651.2928640465645,5.559844861027542,1265,-3.0000184560152485,-5.656689649391763
1283,235.035,9.946736553182019,2541.929007041169,190.47110118364728,1934.3830202834608,2544.435685086841,98.12432776227169,84.9804040490514,651.2177835888795,5.560080628716808,1265,-3.0000184703545827,-5.656110876890341
1284,235.045,9.947177557869376,2541.928833951534,190.46107636337504,1934.3878672865067,2544.435568393863,98.12428089481759,84.9768500349193,651.1427062733485,5.560316386539719,1265,-3.0000184846937183,-5.655532163097057
1285,235.05499999999998,9.947618506598156,2541.9286608565017,190.451055333534,1934.3927140949218,2544.4354516998224,98.12423402726009,84.9732968051587,651.0676320992776,5.560552134498451,1265,-3.000018499032655,-5.6549535080001645
1286,235.065,9.948059399383109,2541.9284877560704,190.44103809239718,1934.3975607087505,2544.4353350047168,98.12418715959922,84.96974435948135,650.9925610659733,5.560787872595183,1265,-3.000018513371393,-5.654374911587925
1287,235.075,9.948500236238987,2541.9283146502444,190.43102463828032,1934.4024071280373,2544.435218308547,98.12414029183499,84.96619269759913,650.9174931727418,5.561023600832093,1265,-3.000018527709932,-5.653796373848589
1288,235.08499999999998,9.948941017180521,2541.9281415390265,190.42101496935697,1934.4072533528245,2544.4351016113133,98.12409342396741,84.96264181922403,650.8424284188902,5.561259319211356,1265,-3.000018542048271,-5.653217894770424
1289,235.09499999999997,9.949381742222462,2541.9279684224193,190.4110090840487,1934.4120993831573,2544.4349849130163,98.12404655599644,84.95909172406822,650.7673668037254,5.5614950277351465,1265,-3.000018556386412,-5.652639474341676
1290,235.105,9.94982241137954,2541.927795300426,190.40100698053362,1934.4169452190783,2544.4348682136565,98.12399968792211,84.95554241184395,650.6923083265546,5.56173072640564,1265,-3.0000185707243534,-5.652061112550604
1291,235.11499999999998,9.950263024666482,2541.927622173048,190.39100865705237,1934.4217908606313,2544.4347515132326,98.12395281974446,84.95199388226364,650.6172529866856,5.561966415225012,1265,-3.0000185850620955,-5.651482809385476
1292,235.12499999999997,9.950703582098017,2541.9274490402886,190.38101411194083,1934.4266363078598,2544.434634811746,98.12390595146341,84.94844613503979,650.5422007834259,5.562202094195433,1265,-3.0000185993996378,-5.650904564834549
1293,235.135,9.951144083688876,2541.927275902152,190.37102334349797,1934.4314815608093,2544.434518109198,98.12385908307904,84.94489916988506,650.4671517160838,5.5624377633190765,1265,-3.000018613736981,-5.650326378886078
1294,235.14499999999998,9.951584529453767,2541.9271027586387,190.36103635000862,1934.4363266195207,2544.4344014055864,98.12381221459131,84.94135298651227,650.3921057839675,5.562673422598114,1265,-3.000018628074125,-5.6497482515283295
1295,235.15499999999997,9.952024919407409,2541.9269296097527,190.35105312963003,1934.4411714840387,2544.4342847009134,98.12376534600027,84.93780758463433,650.3170629863857,5.562909072034715,1265,-3.000018642411069,-5.649170182749571
1296,235.165,9.952465253564515,2541.926756455495,190.34107368079282,1934.4460161544075,2544.4341679951767,98.12371847730587,84.93426296396426,650.242023322647,5.563144711631051,1265,-3.0000186567478133,-5.64859217253807
1297,235.17499999999998,9.952905531939798,2541.9265832958695,190.33109800169265,1934.4508606306704,2544.4340512883787,98.12367160850816,84.93071912421529,650.1669867920607,5.563380341389291,1265,-3.0000186710843586,-5.648014220882076
1298,235.18499999999997,9.953345754547959,2541.9264101308786,190.32112609062744,1934.4557049128716,2544.4339345805183,98.12362473960711,84.9271760651007,650.091953393936,5.563615961311601,1265,-3.000018685420703,-5.647436327769866
1299,235.195,9.953785921403696,2541.926236960526,190.3111579458753,1934.4605490010536,2544.433817871597,98.12357787060276,84.92363378633391,650.0169231275826,5.563851571400151,1265,-3.0000186997568488,-5.646858493189695
1300,235.20499999999998,9.954226032521705,2541.926063784813,190.301193565788,1934.4653928952598,2544.433701161614,98.12353100149508,84.92009228762852,649.9418959923103,5.564087171657106,1265,-3.0000187140927936,-5.646280717129846
1301,235.21499999999997,9.954666087916682,2541.9258906037417,190.2912329485498,1934.4702365955345,2544.4335844505695,98.12348413228408,84.91655156869822,649.8668719874289,5.5643227620846325,1265,-3.0000187284285387,-5.645702999578571
1302,235.225,9.955106087603312,2541.9257174173163,190.2812760925314,1934.4750801019202,2544.4334677384636,98.12343726296977,84.91301162925683,649.7918511122492,5.5645583426848955,1265,-3.000018742764084,-5.645125340524155
1303,235.23499999999999,9.955546031596285,2541.9255442255376,190.2713229959976,1934.4799234144618,2544.4333510252964,98.12339039355219,84.90947246901833,649.7168333660817,5.5647939134600595,1265,-3.000018757099429,-5.644547739954849
1304,235.24499999999998,9.95598591991028,2541.925371028412,190.26137365710866,1934.484766533202,2544.43323431107,98.12334352403127,84.90593408769679,649.641818748237,5.565029474412288,1265,-3.0000187714345734,-5.6439701978589305
1305,235.255,9.956425752559976,2541.9251978259376,190.251428074365,1934.489609458185,2544.4331175957814,98.12329665440707,84.90239648500642,649.5668072580264,5.565265025543743,1265,-3.000018785769518,-5.643392714224684
1306,235.265,9.956865529560046,2541.925024618119,190.2414862459418,1934.4944521894533,2544.4330008794327,98.12324978467957,84.89885966066159,649.4917988947612,5.565500566856588,1265,-3.0000188001042623,-5.642815289040356
1307,235.27499999999998,9.957305250925156,2541.9248514049586,190.23154817014233,1934.4992947270503,2544.4328841620236,98.12320291484879,84.89532361437675,649.416793657753,5.565736098352981,1265,-3.0000188144388056,-5.6422379222942425
1308,235.285,9.957744916669974,2541.924678186461,190.22161384527618,1934.5041370710198,2544.4327674435553,98.1231560449147,84.89178834586652,649.3417915463137,5.565971620035085,1265,-3.0000188287731486,-5.641660613974608
1309,235.295,9.958184526809163,2541.924504962626,190.21168326960907,1934.5089792214048,2544.4326507240276,98.12310917487734,84.88825385484563,649.2667925597555,5.566207131905059,1265,-3.0000188431072914,-5.641083364069721
1310,235.30499999999998,9.958624081357382,2541.9243317334576,190.20175644143987,1934.5138211782494,2544.4325340034393,98.12306230473669,84.88472014102894,649.1917966973905,5.56644263396506,1265,-3.000018857441233,-5.640506172567866
1311,235.315,9.959063580329289,2541.9241584989577,190.19183335908897,1934.5186629415969,2544.432417281791,98.1230154344928,84.88118720413144,649.1168039585316,5.566678126217249,1265,-3.000018871774974,-5.639929039457312
1312,235.325,9.959503023739527,2541.9239852591295,190.18191402086038,1934.52350451149,2544.432300559084,98.12296856414562,84.87765504386824,649.0418143424914,5.56691360866378,1265,-3.000018886108514,-5.639351964726345
1313,235.33499999999998,9.959942411602752,2541.923812013976,190.17199842503004,1934.5283458879728,2544.432183835318,98.12292169369519,84.8741236599546,648.9668278485833,5.567149081306811,1265,-3.0000189004418534,-5.638774948363233
1314,235.34499999999997,9.960381743933599,2541.923638763499,190.1620865698834,1934.533187071088,2544.4320671104924,98.1228748231415,84.87059305210592,648.8918444761206,5.5673845441484975,1265,-3.000018914774992,-5.638197990356257
1315,235.355,9.960821020746714,2541.9234655077007,190.15217845372274,1934.5380280608795,2544.431950384608,98.12282795248454,84.86706322003766,648.8168642244168,5.567619997190994,1265,-3.00001892910793,-5.637621090693701
1316,235.36499999999998,9.961260242056726,2541.923292246585,190.14227407487317,1934.54286885739,2544.4318336576653,98.12278108172436,84.8635341634655,648.741887092786,5.567855440436455,1265,-3.000018943440666,-5.637044249363836
1317,235.37499999999997,9.96169940787827,2541.9231189801544,190.13237343155066,1934.5477094606624,2544.431716929664,98.12273421086091,84.86000588210517,648.666913080542,5.568090873887034,1265,-3.000018957773202,-5.6364674663549525
1318,235.385,9.962138518225975,2541.922945708412,190.12247652223735,1934.5525498707414,2544.4316002006053,98.12268733989421,84.85647837567255,648.5919421869995,5.568326297544881,1265,-3.000018972105536,-5.635890741655329
1319,235.39499999999998,9.962577573114464,2541.922772431357,190.11258334503796,1934.5573900876686,2544.4314834704865,98.12264046882427,84.85295164388371,648.516974411473,5.56856171141215,1265,-3.0000189864376687,-5.635314075253252
1320,235.40499999999997,9.96301657255836,2541.922599148996,190.10269389840394,1934.5622301114893,2544.431366739311,98.1225935976511,84.84942568645477,648.4420097532774,5.568797115490991,1265,-3.0000190007696004,-5.634737467136994
1321,235.415,9.963455516572273,2541.9224258613317,190.09280818052568,1934.5670699422437,2544.431250007079,98.12254672637471,84.84590050310199,648.3670482117278,5.569032509783554,1265,-3.0000190151013304,-5.6341609172948415
1322,235.42499999999998,9.963894405170825,2541.9222525683626,190.08292618976108,1934.5719095799782,2544.431133273788,98.1224998549951,84.84237609354179,648.2920897861396,5.569267894291988,1265,-3.000019029432859,-5.633584425715094
1323,235.43499999999997,9.964333238368619,2541.9220792700944,190.073047924446,1934.5767490247342,2544.431016539439,98.12245298351225,84.8388524574907,648.2171344758285,5.569503269018442,1265,-3.0000190437641856,-5.6330079923860294
1324,235.445,9.96477201618026,2541.92190596653,190.06317338279246,1934.5815882765546,2544.4308998040347,98.12240611192618,84.83532959466538,648.1421822801104,5.569738633965064,1265,-3.000019058095311,-5.632431617295923
1325,235.45499999999998,9.96521073862035,2541.9217326576704,190.05330256327963,1934.586427335483,2544.4307830675716,98.1223592402369,84.83180750478262,648.0672331983013,5.569973989133999,1265,-3.0000190724262352,-5.6318553004330685
1326,235.46499999999997,9.965649405703495,2541.921559343519,190.04343546401924,1934.5912662015637,2544.430666330052,98.12231236844441,84.82828618755934,647.9922872297177,5.570209334527394,1265,-3.0000190867569567,-5.6312790417857705
1327,235.475,9.966088017444275,2541.921386024079,190.03357208347447,1934.596104874838,2544.4305495914764,98.12226549654872,84.82476564271258,647.9173443736762,5.570444670147396,1265,-3.0000191010874775,-5.6307028413422975
1328,235.48499999999999,9.966526573857287,2541.9212126993516,190.02371241985375,1934.60094335535,2544.4304328518433,98.12221862454983,84.82124586995951,647.8424046294937,5.570679995996148,1265,-3.0000191154177953,-5.630126699090951
1329,235.49499999999998,9.966965074957116,2541.9210393693406,190.01385647147293,1934.605781643142,2544.4303161111548,98.12217175244773,84.81772686901742,647.7674679964873,5.570915312075794,1265,-3.000019129747912,-5.629550615020024
1330,235.505,9.967403520758351,2541.920866034049,190.00400423674975,1934.6106197382587,2544.4301993694103,98.12212488024245,84.81420863960373,647.6925344739744,5.571150618388476,1265,-3.000019144077826,-5.628974589117795
1331,235.515,9.967841911275558,2541.920692693478,189.99415571390224,1934.6154576407407,2544.43008262661,98.12207800793398,84.81069118143604,647.6176040612728,5.571385914936338,1265,-3.0000191584075377,-5.628398621372565
1332,235.52499999999998,9.968280246523321,2541.9205193476314,189.98431090127332,1934.620295350633,2544.429965882754,98.12203113552232,84.807174494232,647.5426767577003,5.571621201721519,1265,-3.0000191727370478,-5.6278227117726285
1333,235.535,9.968718526516213,2541.92034599651,189.97446979715906,1934.6251328679787,2544.4298491378418,98.12198426300748,84.80365857770941,647.4677525625749,5.571856478746162,1265,-3.0000191870663557,-5.627246860306278
1334,235.545,9.969156751268788,2541.920172640118,189.96463239986898,1934.6299701928183,2544.429732391874,98.12193739038946,84.80014343158622,647.3928314752151,5.572091746012405,1265,-3.000019201395461,-5.626671066961812
1335,235.55499999999998,9.969594920795629,2541.9199992784584,189.95479870782353,1934.6348073251986,2544.4296156448513,98.12189051766825,84.7966290555805,647.3179134949396,5.572327003522388,1265,-3.000019215724364,-5.626095331727524
1336,235.565,9.970033035111282,2541.9198259115315,189.94496871925736,1934.6396442651596,2544.429498896773,98.12184364484389,84.79311544941042,647.2429986210673,5.572562251278249,1265,-3.000019230053065,-5.625519654591712
1337,235.575,9.970471094230303,2541.919652539342,189.93514243247967,1934.644481012745,2544.4293821476404,98.12179677191637,84.78960261279431,647.1680868529171,5.572797489282126,1265,-3.0000192443815625,-5.624944035542665
1338,235.58499999999998,9.970909098167253,2541.919479161892,189.92531984581404,1934.6493175679982,2544.429265397453,98.12174989888567,84.78609054545062,647.0931781898087,5.5730327175361545,1265,-3.000019258709859,-5.6243684745686995
1339,235.59499999999997,9.971347046936675,2541.9193057791836,189.91550095763623,1934.6541539309626,2544.429148646211,98.12170302575181,84.78257924709791,647.0182726310614,5.5732679360424715,1265,-3.000019273037952,-5.623792971658098
1340,235.605,9.971784940553112,2541.9191323912205,189.905685766152,1934.65899010168,2544.429031893915,98.12165615251482,84.77906871745489,646.9433701759955,5.573503144803212,1265,-3.000019287365842,-5.623217526799168
1341,235.61499999999998,9.972222779031105,2541.918958998003,189.8958742697695,1934.6638260801933,2544.4289151405637,98.12160927917466,84.77555895624037,646.8684708239308,5.5737383438205095,1265,-3.0000193016935297,-5.622642139980223
1342,235.62499999999997,9.972660562385197,2541.9187855995365,189.88606646683868,1934.6686618665465,2544.42879838616,98.12156240573137,84.77204996317332,646.7935745741878,5.573973533096497,1265,-3.000019316021014,-5.622066811189539
1343,235.635,9.973098290629913,2541.918612195822,189.87626235565045,1934.673497460781,2544.4286816307017,98.12151553218493,84.7685417379728,646.7186814260871,5.574208712633309,1265,-3.000019330348296,-5.62149154041543
1344,235.64499999999998,9.973535963779788,2541.918438786863,189.86646193451676,1934.6783328629404,2544.42856487419,98.12146865853536,84.76503428035802,646.6437913789496,5.574443882433077,1265,-3.0000193446753745,-5.620916327646205
1345,235.65499999999997,9.97397358184935,2541.918265372659,189.85666520177432,1934.6831680730681,2544.4284481166237,98.12142178478265,84.76152759004832,646.5689044320965,5.574679042497933,1265,-3.00001935900225,-5.620341172870166
1346,235.665,9.974411144853114,2541.9180919532164,189.8468721557673,1934.6880030912055,2544.4283313580054,98.12137491092683,84.75802166676316,646.4940205848491,5.574914192830005,1265,-3.000019373328923,-5.619766076075617
1347,235.67499999999998,9.974848652805601,2541.917918528537,189.83708279482005,1934.6928379173964,2544.428214598334,98.12132803696788,84.75451651022212,646.419139836529,5.575149333431424,1265,-3.0000193876553922,-5.619191037250857
1348,235.68499999999997,9.97528610572133,2541.9177450986217,189.8272971172557,1934.697672551684,2544.428097837609,98.1212811629058,84.7510121201449,646.3442621864581,5.575384464304319,1265,-3.0000194019816586,-5.618616056384218
1349,235.695,9.975723503614805,2541.917571663475,189.81751512133323,1934.7025069941103,2544.427981075832,98.12123428874061,84.74750849625136,646.2693876339586,5.575619585450818,1265,-3.0000194163077216,-5.618041133463976
1350,235.70499999999998,9.976160846500534,2541.917398223097,189.8077368054974,1934.7073412447178,2544.427864313001,98.12118741447232,84.74400563826143,646.1945161783527,5.57585469687305,1265,-3.0000194306335812,-5.617466268478465
1351,235.71499999999997,9.976598134393026,2541.917224777493,189.7979621680678,1934.7121753035499,2544.4277475491194,98.12114054010091,84.74050354589522,646.1196478189632,5.576089798573138,1265,-3.000019444959237,-5.6168914614159755
1352,235.725,9.977035367306778,2541.917051326664,189.7881912073299,1934.7170091706498,2544.4276307841837,98.12109366562639,84.73700221887295,646.044782555113,5.5763248905532095,1265,-3.00001945928469,-5.616316712264832
1353,235.73499999999999,9.977472545256282,2541.916877870614,189.7784239215657,1934.721842846059,2544.4275140181976,98.12104679104878,84.73350165691495,645.969920386125,5.57655997281539,1265,-3.0000194736099384,-5.615742021013335
1354,235.74499999999998,9.977909668256029,2541.916704409343,189.76866030926985,1934.72667632982,2544.4273972511587,98.12099991636808,84.73000185974169,645.8950613113226,5.576795045361803,1265,-3.000019487934984,-5.615167387649802
1355,235.755,9.978346736320514,2541.916530942856,189.7589003686289,1934.7315096219768,2544.427280483068,98.12095304158429,84.72650282707377,645.8202053300295,5.577030108194573,1265,-3.0000195022598257,-5.614592812162551
1356,235.765,9.978783749464217,2541.916357471154,189.74914409805922,1934.7363427225716,2544.4271637139263,98.12090616669741,84.7230045586319,645.7453524415696,5.577265161315822,1265,-3.0000195165844636,-5.614018294539888
1357,235.77499999999998,9.979220707701613,2541.9161839942412,189.73939149589313,1934.7411756316455,2544.4270469437342,98.12085929170745,84.71950705413693,645.6705026452669,5.577500204727672,1265,-3.0000195309088977,-5.613443834770132
1358,235.785,9.979657611047191,2541.9160105121173,189.7296425604306,1934.7460083492438,2544.426930172489,98.12081241661441,84.71601031330982,645.5956559404457,5.577735238432243,1265,-3.000019545233128,-5.6128694328416
1359,235.795,9.980094459515417,2541.915837024788,189.71989728998784,1934.7508408754074,2544.426813400194,98.12076554141828,84.71251433587169,645.5208123264307,5.577970262431657,1265,-3.0000195595571544,-5.6122950887426075
1360,235.80499999999998,9.98053125312076,2541.915663532254,189.71015568301425,1934.7556732101793,2544.4266966268474,98.1207186661191,84.70901912154372,645.4459718025466,5.578205276728033,1265,-3.0000195738809765,-5.611720802461466
1361,235.815,9.980967991877694,2541.915490034519,189.7004177377708,1934.760505353603,2544.4265798524507,98.12067179071683,84.7055246700473,645.3711343681188,5.5784402813234895,1265,-3.0000195882045952,-5.6111465739865025
1362,235.825,9.981404675800666,2541.9153165315834,189.69068345261064,1934.765337305719,2544.4264630770026,98.12062491521151,84.70203098110387,645.2963000224723,5.578675276220144,1265,-3.000019602528009,-5.61057240330603
1363,235.83499999999998,9.981841304904144,2541.9151430234533,189.6809528259263,1934.7701690665715,2544.4263463005063,98.12057803960312,84.69853805443505,645.2214687649329,5.5789102614201145,1265,-3.000019616851219,-5.609998290408365
1364,235.84499999999997,9.982277879202579,2541.9149695101287,189.6712258560038,1934.7750006362025,2544.426229522959,98.12053116389168,84.69504588976255,645.1466405948262,5.579145236925517,1265,-3.0000196311742244,-5.609424235281839
1365,235.855,9.982714398710424,2541.9147959916118,189.66150254117204,1934.7798320146544,2544.4261127443606,98.1204842880772,84.69155448680822,645.0718155114785,5.579380202738467,1265,-3.000019645497025,-5.608850237914771
1366,235.86499999999998,9.983150863442122,2541.9146224679066,189.6517828798532,1934.7846632019696,2544.425995964714,98.12043741215966,84.68806384529401,644.996993514216,5.579615158861081,1265,-3.000019659819622,-5.608276298295483
1367,235.87499999999997,9.983587273412121,2541.9144489390146,189.64206687030148,1934.7894941981913,2544.425879184016,98.12039053613908,84.68457396494206,644.9221746023653,5.579850105295471,1265,-3.000019674142014,-5.607702416412284
1368,235.885,9.984023628634855,2541.914275404939,189.63235451093956,1934.7943250033607,2544.4257624022694,98.12034366001548,84.68108484547454,644.8473587752533,5.580085042043753,1265,-3.000019688464202,-5.607128592253522
1369,235.89499999999998,9.984459929124764,2541.914101865683,189.62264580006732,1934.7991556175214,2544.425645619475,98.12029678378883,84.67759648661385,644.7725460322068,5.580319969108037,1265,-3.0000197027861852,-5.6065548258075015
1370,235.90499999999997,9.984896174896281,2541.9139283212467,189.61294073608266,1934.8039860407164,2544.42552883563,98.12024990745917,84.67410888808243,644.6977363725535,5.580554886490435,1265,-3.0000197171079637,-5.605981117062573
1371,235.915,9.985332365963826,2541.913754771635,189.60323931735022,1934.8088162729857,2544.425412050736,98.12020303102645,84.6706220496029,644.6229297956207,5.580789794193061,1265,-3.000019731429538,-5.605407466007035
1372,235.92499999999998,9.985768502341832,2541.9135812168506,189.59354154211425,1934.8136463143744,2544.425295264795,98.12015615449073,84.66713597089796,644.5481263007362,5.581024692218022,1265,-3.000019745750907,-5.604833872629236
1373,235.93499999999997,9.986204584044712,2541.9134076568944,189.58384740880828,1934.8184761649227,2544.4251784778044,98.120109277852,84.66365065169046,644.473325887228,5.581259580567428,1265,-3.000019760072071,-5.604260336917489
1374,235.945,9.986640611086893,2541.9132340917686,189.57415691576477,1934.8233058246751,2544.425061689765,98.12006240111023,84.66016609170336,644.3985285544244,5.581494459243389,1265,-3.0000197743930297,-5.603686858860143
1375,235.95499999999998,9.98707658348278,2541.913060521477,189.5644700613774,1934.8281352936729,2544.4249449006766,98.12001552426548,84.65668229065979,644.323734301654,5.581729328248012,1265,-3.0000197887137845,-5.603113438445513
1376,235.96499999999997,9.98751250124678,2541.912886946022,189.55478684398702,1934.8329645719568,2544.424828110542,98.1199686473177,84.65319924828293,644.2489431282456,5.581964187583405,1265,-3.0000198030343337,-5.602540075661931
1377,235.975,9.987948364393308,2541.9127133654065,189.545107261849,1934.837793659572,2544.424711319359,98.11992177026694,84.64971696429615,644.1741550335281,5.582199037251674,1265,-3.0000198173546777,-5.601966770497734
1378,235.98499999999999,9.98838417293676,2541.912539779632,189.5354313134255,1934.84262255656,2544.4245945271277,98.11987489311316,84.64623543842289,644.0993700168308,5.582433877254924,1265,-3.0000198316748166,-5.601393522941258
1379,235.99499999999998,9.988819926891532,2541.912366188702,189.52575899711408,1934.8474512629614,2544.42447773385,98.11982801585641,84.64275467038678,644.0245880774833,5.582668707595261,1265,-3.0000198459947507,-5.600820332980826
1380,236.005,9.989255626272024,2541.9121925926174,189.5160903111927,1934.8522797788205,2544.4243609395235,98.11978113849665,84.63927465991151,643.9498092148152,5.582903528274788,1265,-3.0000198603144788,-5.6002472006047865
1381,236.015,9.989691271092623,2541.9120189913833,189.50642525404498,1934.8571081041787,2544.4242441441515,98.11973426103393,84.63579540672093,643.8750334281567,5.58313833929561,1265,-3.0000198746340017,-5.5996741258014655
1382,236.02499999999998,9.99012686136772,2541.9118453850006,189.4967638239893,1934.861936239079,2544.4241273477323,98.11968738346819,84.632316910539,643.8002607168379,5.5833731406598295,1265,-3.0000198889533194,-5.5991011085592
1383,236.035,9.990562397111686,2541.9116717734714,189.48710601939644,1934.8667641835614,2544.4240105502654,98.11964050579948,84.6288391710898,643.7254910801893,5.583607932369547,1265,-3.0000199032724315,-5.598528148866331
1384,236.045,9.990997878338916,2541.9114981567977,189.47745183874227,1934.8715919376707,2544.4238937517516,98.11959362802781,84.62536218809755,643.6507245175417,5.583842714426863,1265,-3.000019917591338,-5.5979552467112015
1385,236.05499999999998,9.99143330506378,2541.911324534985,189.46780128026595,1934.8764195014483,2544.4237769521924,98.11954675015319,84.62188596128661,643.575961028226,5.58407748683388,1265,-3.0000199319100385,-5.597382402082138
1386,236.065,9.991868677300646,2541.911150908033,189.45815434242493,1934.8812468749359,2544.4236601515863,98.11949987217558,84.61841049038138,643.5012006115734,5.584312249592696,1265,-3.0000199462285346,-5.596809614967498
1387,236.075,9.99230399506389,2541.9109772759457,189.44851102340817,1934.8860740581765,2544.423543349935,98.11945299409504,84.6149357751065,643.4264432669155,5.584547002705411,1265,-3.0000199605468234,-5.596236885355601
1388,236.08499999999998,9.992739258367866,2541.9108036387256,189.43887132179688,1934.8909010512114,2544.4234265472383,98.1194061159115,84.61146181518664,643.3516889935838,5.584781746174121,1265,-3.000019974864908,-5.595664213234805
1389,236.09499999999997,9.993174467226948,2541.9106299963737,189.4292352358512,1934.8957278540836,2544.4233097434944,98.11935923762502,84.60798861034665,643.2769377909104,5.585016480000925,1265,-3.000019989182785,-5.595091598593445
1390,236.105,9.993609621655484,2541.9104563488936,189.41960276393505,1934.9005544668341,2544.4231929387056,98.1193123592356,84.60451616031148,643.2021896582276,5.585251204187919,1265,-3.0000200035004574,-5.594519041419861
1391,236.11499999999998,9.994044721667823,2541.910282696287,189.40997390443013,1934.9053808895055,2544.4230761328704,98.11926548074322,84.60104446480621,643.1274445948675,5.585485918737199,1265,-3.0000200178179237,-5.593946541702418
1392,236.12499999999997,9.99447976727833,2541.9101090385575,189.40034865575538,1934.910207122141,2544.422959325991,98.11921860214791,84.59757352355602,643.0527026001631,5.585720623650859,1265,-3.0000200321351835,-5.59337409942944
1393,236.135,9.994914758501332,2541.9099353757074,189.3907270161939,1934.9150331647807,2544.4228425180663,98.11917172344965,84.59410333628625,642.9779636734471,5.585955318930994,1265,-3.0000200464522377,-5.592801714589276
1394,236.14499999999998,9.99534969535119,2541.90976170774,189.38110898414897,1934.9198590174685,2544.4227257090974,98.11912484464848,84.59063390272235,642.9032278140528,5.586190004579697,1265,-3.000020060769085,-5.592229387170287
1395,236.15499999999997,9.99578457784223,2541.909588034655,189.37149455799045,1934.9246846802453,2544.422608899083,98.11907796574437,84.58716522258987,642.8284950213136,5.586424680599061,1265,-3.0000200750857267,-5.591657117160802
1396,236.165,9.996219405988786,2541.909414356458,189.36188373616108,1934.929510153153,2544.4224920880242,98.11903108673732,84.58369729561451,642.7537652945631,5.586659346991177,1265,-3.000020089402162,-5.591084904549184
1397,236.17499999999998,9.9966541798052,2541.9092406731493,189.35227651700936,1934.934335436235,2544.4223752759212,98.11898420762738,84.5802301215221,642.6790386331352,5.586894003758139,1265,-3.0000201037183913,-5.590512749323775
1398,236.18499999999997,9.997088899305785,2541.9090669847324,189.34267289879057,1934.9391605295314,2544.4222584627746,98.11893732841452,84.57676370003858,642.604315036364,5.5871286509020335,1265,-3.0000201180344135,-5.589940651472938
1399,236.195,9.997523564504876,2541.9088932912096,189.33307288000827,1934.9439854330858,2544.422141648583,98.11889044909874,84.57329803088997,642.529594503584,5.587363288424953,1265,-3.0000201323502296,-5.589368610985008
1400,236.20499999999998,9.997958175416795,2541.9087195925836,189.32347645897167,1934.9488101469406,2544.422024833348,98.11884356968004,84.5698331138025,642.4548770341297,5.587597916328985,1265,-3.000020146665839,-5.588796627848344
1401,236.21499999999997,9.998392732055846,2541.908545888857,189.31388363409783,1934.9536346711357,2544.4219080170697,98.11879669015845,84.56636894850246,642.3801626273361,5.587832534616218,1265,-3.000020160981242,-5.588224702051306
1402,236.225,9.998827234436352,2541.9083721800316,189.30429440374868,1934.9584590057143,2544.4217911997475,98.11874981053396,84.56290553471628,642.3054512825381,5.588067143288739,1265,-3.0000201752964384,-5.587652833582237
1403,236.23499999999999,9.99926168257261,2541.9081984661107,189.29470876634392,1934.9632831507179,2544.421674381382,98.11870293080658,84.55944287217051,642.2307429990713,5.588301742348634,1265,-3.0000201896114285,-5.587081022429498
1404,236.24499999999998,9.99969607647894,2541.908024747095,189.28512672021537,1934.9681071061893,2544.4215575619723,98.1186560509763,84.55598096059184,642.156037776271,5.58853633179799,1265,-3.0000202039262107,-5.586509268581452
1405,236.255,10.000130416169632,2541.90785102299,189.2755482637457,1934.9729308721696,2544.421440741522,98.11860917104312,84.55251979970703,642.0813356134732,5.588770911638893,1265,-3.0000202182407874,-5.5859375720264515
1406,236.265,10.000564701658988,2541.907677293795,189.26597339529707,1934.9777544487004,2544.421323920026,98.11856229100707,84.54905938924303,642.0066365100141,5.589005481873425,1265,-3.000020232555156,-5.585365932752845
1407,236.27499999999998,10.0009989329613,2541.9075035595156,189.25640211339783,1934.9825778358245,2544.42120709749,98.11851541086814,84.54559972892686,641.9319404652298,5.58924004250367,1265,-3.0000202468693185,-5.584794350749002
1408,236.285,10.00143311009086,2541.9073298201524,189.2468344162471,1934.9874010335825,2544.4210902739105,98.11846853062633,84.54214081848572,641.857247478457,5.589474593531713,1265,-3.000020261183274,-5.584222826003272
1409,236.295,10.00186723306195,2541.9071560757075,189.23727030222966,1934.9922240420171,2544.420973449289,98.11842165028165,84.53868265764685,641.7825575490323,5.589709134959633,1265,-3.0000202754970213,-5.583651358504027
1410,236.30499999999998,10.00230130188886,2541.9069823261843,189.2277097699036,1934.9970468611707,2544.4208566236252,98.11837476983409,84.53522524613767,641.7078706762929,5.589943666789513,1265,-3.0000202898105623,-5.5830799482396305
1411,236.315,10.002735316585873,2541.9068085715858,189.21815281751117,1935.0018694910848,2544.4207397969203,98.11832788928369,84.53176858368572,641.6331868595761,5.590178189023433,1265,-3.000020304123896,-5.582508595198421
1412,236.325,10.00316927716725,2541.9066348119127,189.20859944345202,1935.0066919318003,2544.4206229691727,98.1182810086304,84.52831267001866,641.5585060982194,5.590412701663473,1265,-3.0000203184370227,-5.581937299368786
1413,236.33499999999998,10.00360318364727,2541.906461047169,189.19904964622748,1935.0115141833592,2544.420506140384,98.11823412787429,84.52485750486424,641.4838283915605,5.590647204711711,1265,-3.000020332749942,-5.581366060739089
1414,236.34499999999997,10.004037036040206,2541.9062872773566,189.18950342410054,1935.0163362458045,2544.420389310554,98.1181872470153,84.52140308795039,641.4091537389374,5.590881698170227,1265,-3.0000203470626543,-5.580794879297679
1415,236.355,10.004470834360308,2541.9061135024763,189.17996077543575,1935.0211581191759,2544.420272479682,98.11814036605347,84.51794941900509,641.3344821396885,5.591116182041097,1265,-3.0000203613751584,-5.580223755032943
1416,236.36499999999998,10.00490457862185,2541.9059397225355,189.17042169875447,1935.025979803517,2544.42015564777,98.11809348498879,84.51449649775648,641.259813593152,5.591350656326399,1265,-3.0000203756874555,-5.579652687933227
1417,236.37499999999997,10.00533826883909,2541.9057659375308,189.16088619244942,1935.0308012988687,2544.4200388148156,98.11804660382127,84.51104432393285,641.1851480986669,5.591585121028207,1265,-3.0000203899995443,-5.579081677986912
1418,236.385,10.005771905026272,2541.9055921474683,189.15135425479411,1935.0356226052731,2544.4199219808215,98.11799972255093,84.50759289726258,641.1104856555721,5.591819576148598,1265,-3.0000204043114262,-5.5785107251823565
1419,236.39499999999998,10.006205487197645,2541.90541835235,189.14182588426215,1935.040443722771,2544.419805145788,98.11795284117775,84.50414221747415,641.0358262632067,5.5920540216896475,1265,-3.0000204186231003,-5.5779398295079385
1420,236.40499999999997,10.006639015367464,2541.905244552177,189.13230107914967,1935.0452646514052,2544.4196883097125,98.11790595970174,84.5006922842962,640.9611699209102,5.592288457653426,1265,-3.000020432934567,-5.5773689909520385
1421,236.415,10.00707248954996,2541.9050707469523,189.12277983795812,1935.050085391216,2544.419571472597,98.11785907812292,84.49724309745746,640.8865166280222,5.592522884042008,1265,-3.000020447245826,-5.576798209503006
1422,236.42499999999998,10.007505909759379,2541.9048969366795,189.1132621591336,1935.054905942246,2544.419454634442,98.11781219644126,84.49379465668682,640.8118663838828,5.592757300857467,1265,-3.000020461556877,-5.576227485149224
1423,236.43499999999997,10.007939276009958,2541.90472312136,189.10374804091174,1935.0597263045372,2544.4193377952474,98.1177653146568,84.49034696171324,640.737219187832,5.592991708101872,1265,-3.0000204758677196,-5.575656817879064
1424,236.445,10.008372588315922,2541.9045493009958,189.0942374818002,1935.0645464781308,2544.419220955012,98.11771843276952,84.48690001226586,640.6625750392104,5.593226105777296,1265,-3.0000204901783545,-5.5750862076809
1425,236.45499999999998,10.0088058466915,2541.90437547559,189.08473048016396,1935.0693664630676,2544.419104113737,98.11767155077945,84.4834538080739,640.5879339373585,5.593460493885807,1265,-3.000020504488782,-5.574515654543113
1426,236.46499999999997,10.009239051150919,2541.9042016451453,189.075227034429,1935.0741862593911,2544.418987271424,98.11762466868656,84.48000834886672,640.5132958816172,5.593694872429476,1265,-3.0000205187990003,-5.573945158454075
1427,236.475,10.009672201708387,2541.904027809665,189.0657271429531,1935.0790058671398,2544.4188704280714,98.11757778649086,84.47656363437376,640.4386608713277,5.593929241410371,1265,-3.0000205331090117,-5.573374719402152
1428,236.48499999999999,10.010105298378136,2541.9038539691496,189.0562308041422,1935.0838252863582,2544.4187535836804,98.11753090419238,84.47311966432464,640.3640289058312,5.594163600830559,1265,-3.000020547418814,-5.572804337375739
1429,236.49499999999998,10.010538341174371,2541.903680123602,189.0467380164281,1935.0886445170865,2544.418636738249,98.11748402179111,84.46967643844908,640.2893999844695,5.594397950692107,1265,-3.000020561728409,-5.5722340123632055
1430,236.505,10.010971330111301,2541.903506273025,189.03724877819275,1935.0934635593667,2544.4185198917803,98.11743713928706,84.46623395647691,640.2147741065843,5.594632290997081,1265,-3.000020576037795,-5.571663744352936
1431,236.515,10.011404265203137,2541.903332417422,189.02776308792687,1935.0982824132404,2544.418403044273,98.11739025668021,84.46279221813808,640.1401512715178,5.594866621747547,1265,-3.000020590346973,-5.571093533333302
1432,236.52499999999998,10.011837146464066,2541.903158556794,189.0182809438223,1935.1031010787476,2544.418286195727,98.11734337397058,84.45935122316267,640.0655314786121,5.595100942945571,1265,-3.000020604655942,-5.570523379292698
1433,236.535,10.012269973908303,2541.902984691143,189.008802344523,1935.107919555932,2544.418169346142,98.11729649115819,84.45591097128086,639.9909147272101,5.595335254593214,1265,-3.000020618964703,-5.569953282219494
1434,236.545,10.012702747550028,2541.902810820474,188.99932728832283,1935.1127378448332,2544.4180524955204,98.117249608243,84.452471462223,639.9163010166543,5.59556955669254,1265,-3.000020633273255,-5.569383242102083
1435,236.55499999999998,10.013135467403442,2541.9026369447874,188.98985577356987,1935.117555945494,2544.417935643861,98.11720272522507,84.44903269571951,639.8416903462878,5.5958038492456135,1265,-3.0000206475815987,-5.568813258928843
1436,236.565,10.01356813348273,2541.9024630640847,188.980387798815,1935.1223738579554,2544.417818791163,98.11715584210437,84.44559467150094,639.767082715454,5.596038132254494,1265,-3.0000206618897343,-5.568243332688159
1437,236.575,10.014000745802067,2541.902289178371,188.97092336236386,1935.1271915822576,2544.4177019374283,98.1171089588809,84.44215738929799,639.6924781234962,5.596272405721243,1265,-3.0000206761976607,-5.56767346336842
1438,236.58499999999998,10.014433304375638,2541.902115287647,188.96146246265099,1935.1320091184436,2544.417585082656,98.1170620755547,84.43872084884146,639.6178765697583,5.596506669647921,1265,-3.0000206905053783,-5.56710365095801
1439,236.59499999999997,10.014865809217621,2541.901941391917,188.95200509815845,1935.1368264665548,2544.4174682268476,98.11701519212573,84.43528504986224,639.5432780535843,5.596740924036588,1265,-3.0000207048128873,-5.566533895445319
1440,236.605,10.015298260342185,2541.9017674911797,188.942551267153,1935.141643626631,2544.4173513700002,98.11696830859402,84.4318499920914,639.4686825743184,5.596975168889302,1265,-3.000020719120187,-5.565964196818747
1441,236.61499999999998,10.015730657763502,2541.9015935854422,188.93310096814332,1935.1464605987157,2544.4172345121187,98.11692142495956,84.42841567526008,639.3940901313051,5.597209404208121,1265,-3.000020733427278,-5.565394555066659
1442,236.62499999999997,10.01616300149573,2541.9014196747025,188.92365419955945,1935.1512773828483,2544.417117653199,98.11687454122236,84.42498209909958,639.3195007238891,5.597443629995102,1265,-3.00002074773416,-5.564824970177462
1443,236.635,10.016595291553037,2541.901245758966,188.91421095979453,1935.1560939790716,2544.417000793243,98.11682765738243,84.42154926334126,639.2449143514151,5.597677846252302,1265,-3.0000207620408332,-5.5642554421395465
1444,236.64499999999998,10.017027527949578,2541.901071838235,188.90477124722216,1935.1609103874262,2544.416883932252,98.11678077343977,84.41811716771669,639.1703310132286,5.597912052981776,1265,-3.0000207763472977,-5.5636859709412985
1445,236.65499999999997,10.017459710699505,2541.9008979125097,188.8953350602946,1935.1657266079533,2544.4167670702236,98.1167338893944,84.41468581195747,639.0957507086749,5.5981462501855805,1265,-3.0000207906535525,-5.563116556571117
1446,236.665,10.017891839816965,2541.900723981795,188.8859023973854,1935.1705426406932,2544.41665020716,98.11668700524628,84.41125519579536,639.0211734370997,5.598380437865768,1265,-3.000020804959598,-5.562547199017402
1447,236.67499999999998,10.018323915316117,2541.9005500460917,188.8764732570536,1935.17535848569,2544.41653334306,98.11664012099544,84.40782531896227,638.9465991978489,5.598614616024393,1265,-3.0000208192654347,-5.56197789826853
1448,236.68499999999997,10.018755937211086,2541.9003761054028,188.86704763753673,1935.1801741429817,2544.4164164779245,98.11659323664192,84.40439618119018,638.8720279902684,5.598848784663507,1265,-3.000020833571062,-5.561408654312919
1449,236.695,10.019187905516025,2541.9002021597303,188.8576255373423,1935.1849896126123,2544.4162996117534,98.11654635218565,84.4009677822112,638.7974598137048,5.599082943785164,1265,-3.0000208478764803,-5.560839467138949
1450,236.70499999999998,10.019619820245069,2541.9000282090765,188.84820695488472,1935.1898048946218,2544.4161827445473,98.1164994676267,84.39754012175757,638.7228946675046,5.599317093391413,1265,-3.0000208621816884,-5.5602703367350355
1451,236.71499999999997,10.02005168141234,2541.899854253447,188.83879188860692,1935.1946199890508,2544.4160658763076,98.11645258296502,84.39411319956166,638.6483325510147,5.599551233484306,1265,-3.000020876486687,-5.559701263089555
1452,236.725,10.020483489031974,2541.899680292839,188.82938033690226,1935.1994348959417,2544.415949007031,98.11640569820067,84.39068701535592,638.5737734635823,5.599785364065893,1265,-3.0000208907914763,-5.559132246190929
1453,236.73499999999999,10.020915243118093,2541.899506327258,188.8199722982199,1935.2042496153347,2544.41583213672,98.1163588133336,84.38726156887296,638.4992174045544,5.600019485138221,1265,-3.0000209050960556,-5.55856328602755
1454,236.74499999999998,10.02134694368481,2541.899332356706,188.81056777092397,1935.2090641472703,2544.4157152653747,98.11631192836384,84.38383685984552,638.4246643732788,5.60025359670334,1265,-3.0000209194004257,-5.557994382587815
1455,236.755,10.021778590746258,2541.899158381186,188.80116675348881,1935.2138784917922,2544.4155983929963,98.1162650432914,84.38041288800638,638.350114369103,5.600487698763298,1265,-3.0000209337045867,-5.557425535860124
1456,236.765,10.02221018431654,2541.8989844006996,188.79176924433432,1935.2186926489396,2544.415481519583,98.11621815811628,84.37698965308851,638.2755673913754,5.600721791320141,1265,-3.000020948008537,-5.556856745832896
1457,236.77499999999998,10.022641724409768,2541.8988104152477,188.78237524190502,1935.2235066187538,2544.415364645134,98.11617127283849,84.37356715482501,638.201023439444,5.600955874375915,1265,-3.000020962312278,-5.5562880124945275
1458,236.785,10.02307321104005,2541.8986364248362,188.77298474455233,1935.2283204012765,2544.415247769653,98.116124387458,84.37014539294904,638.1264825126574,5.6011899479326654,1265,-3.000020976615809,-5.555719335833414
1459,236.795,10.023504644221482,2541.8984624294644,188.7635977508181,1935.2331339965478,2544.4151308931378,98.11607750197486,84.36672436719391,638.0519446103642,5.601424011992436,1265,-3.0000209909191295,-5.5551507158379785
1460,236.80499999999998,10.023936023968169,2541.898288429137,188.75421425904736,1935.2379474046097,2544.4150140155893,98.11603061638905,84.36330407729307,637.9774097319136,5.601658066557272,1265,-3.0000210052222407,-5.554582152496614
1461,236.815,10.024367350294204,2541.8981144238537,188.74483426768066,1935.2427606255028,2544.4148971370073,98.11598373070056,84.35988452298004,637.9028778766545,5.601892111629216,1265,-3.0000210195251418,-5.554013645797738
1462,236.825,10.024798623213679,2541.8979404136207,188.7354577752042,1935.247573659268,2544.414780257393,98.11593684490943,84.3564657039885,637.8283490439367,5.60212614721031,1265,-3.0000210338278333,-5.553445195729756
1463,236.83499999999998,10.025229842740687,2541.897766398436,188.72608477999938,1935.2523865059482,2544.414663376744,98.11588995901562,84.35304762005224,637.7538232331095,5.602360173302595,1265,-3.0000210481303142,-5.552876802281089
1464,236.84499999999997,10.025661008889296,2541.8975923783055,188.71671528048327,1935.2571991655807,2544.4145464950634,98.11584307301918,84.34963027090514,637.6793004435232,5.602594189908113,1265,-3.0000210624325847,-5.552308465440128
1465,236.855,10.026092121673605,2541.897418353229,188.70734927516907,1935.2620116382095,2544.4144296123495,98.11579618692008,84.34621365628124,637.6047806745275,5.602828197028905,1265,-3.000021076734645,-5.551740185195301
1466,236.86499999999998,10.026523181107684,2541.8972443232115,188.69798676237497,1935.2668239238753,2544.4143127286034,98.11574930071836,84.34279777591468,637.5302639254732,5.603062194667007,1265,-3.0000210910364955,-5.551171961535005
1467,236.87499999999997,10.026954187205604,2541.897070288254,188.68862774062023,1935.271636022618,2544.414195843825,98.11570241441399,84.33938262953968,637.4557501957105,5.603296182824462,1265,-3.000021105338136,-5.550603794447675
1468,236.885,10.027385139981432,2541.8968962483586,188.67927220831245,1935.2764479344783,2544.414078958015,98.11565552800698,84.33596821689068,637.3812394845907,5.603530161503305,1265,-3.000021119639565,-5.55003568392171
1469,236.89499999999998,10.027816039449242,2541.8967222035285,188.6699201639145,1935.2812596594986,2544.413962071173,98.11560864149735,84.33255453770211,637.3067317914645,5.603764130705573,1265,-3.000021133940784,-5.54946762994553
1470,236.90499999999997,10.028246885623096,2541.8965481537643,188.66057160582778,1935.2860711977194,2544.4138451832982,98.11556175488508,84.32914159170863,637.2322271156834,5.603998090433305,1265,-3.000021148241793,-5.548899632507556
1471,236.915,10.028677678517044,2541.8963740990707,188.6512265325248,1935.2908825491807,2544.413728294392,98.11551486817017,84.32572937864494,637.157725456599,5.604232040688535,1265,-3.0000211625425908,-5.548331691596197
1472,236.92499999999998,10.029108418145146,2541.896200039448,188.641884942406,1935.2956937139236,2544.4136114044545,98.11546798135267,84.32231789824591,637.0832268135629,5.6044659814732976,1265,-3.0000211768431777,-5.54776380719988
1473,236.93499999999997,10.029539104521454,2541.896025974901,188.63254683393762,1935.3005046919898,2544.413494513486,98.11542109443255,84.31890715024649,637.0087311859273,5.604699912789626,1265,-3.000021191143554,-5.547195979307028
1474,236.945,10.029969737660018,2541.895851905431,188.62321220552022,1935.30531548342,2544.4133776214867,98.11537420740981,84.31549713438179,636.9342385730445,5.6049338346395565,1265,-3.00002120544372,-5.546628207906043
1475,236.95499999999998,10.030400317574871,2541.895677831039,188.61388105575224,1935.3101260882538,2544.413260728455,98.11532732028448,84.31208785038696,636.8597489742666,5.6051677470251215,1265,-3.000021219743675,-5.546060492985365
1476,236.96499999999997,10.030830844280073,2541.895503751729,188.6045533828216,1935.3149365065344,2544.413143834394,98.11528043305653,84.30867929799739,636.7852623889468,5.605401649948351,1265,-3.0000212340434196,-5.545492834533409
1477,236.975,10.03126131778964,2541.895329667502,188.59522918540688,1935.3197467383002,2544.4130269393013,98.11523354572599,84.30527147694845,636.7107788164379,5.605635543411277,1265,-3.000021248342954,-5.544925232538597
1478,236.98499999999999,10.03169173811762,2541.895155578363,188.58590846184146,1935.324556783593,2544.4129100431787,98.11518665829283,84.30186438697574,636.636298256093,5.60586942741593,1265,-3.000021262642276,-5.544357686989352
1479,236.99499999999998,10.032122105278031,2541.8949814843113,188.57659121056136,1935.3293666424534,2544.412793146026,98.1151397707571,84.2984580278149,636.5618207072656,5.606103301964342,1265,-3.0000212769413874,-5.543790197874107
1480,237.005,10.032552419284915,2541.894807385351,188.56727743000332,1935.3341763149235,2544.412676247843,98.11509288311879,84.29505239920175,636.4873461693095,5.6063371670585385,1265,-3.000021291240288,-5.54322276518128
1481,237.015,10.032982680152278,2541.8946332814835,188.5579671186856,1935.3389858010419,2544.41255934863,98.1150459953779,84.29164750087217,636.4128746415784,5.6065710227005505,1265,-3.000021305538978,-5.542655388899309
1482,237.02499999999998,10.033412887894146,2541.8944591727122,188.54866027500404,1935.3437951008505,2544.412442448387,98.1149991075344,84.28824333256222,636.3384061234264,5.6068048688924055,1265,-3.000021319837456,-5.542088069016608
1483,237.035,10.033843042524534,2541.8942850590392,188.5393568974219,1935.3486042143904,2544.4123255471145,98.11495221958835,84.284839894008,636.263940614208,5.607038705636129,1265,-3.000021334135723,-5.541520805521612
1484,237.045,10.03427314405745,2541.894110940466,188.53005698437093,1935.353413141701,2544.4122086448124,98.11490533153973,84.28143718494582,636.1894781132778,5.607272532933748,1265,-3.000021348433779,-5.540953598402759
1485,237.05499999999998,10.034703192506909,2541.893936816996,188.52076053432404,1935.3582218828249,2544.412091741481,98.11485844338851,84.278035205112,636.1150186199906,5.607506350787287,1265,-3.0000213627316237,-5.540386447648464
1486,237.065,10.035133187886904,2541.893762688632,188.51146754574157,1935.3630304378007,2544.4119748371213,98.11481155513475,84.27463395424307,636.0405621337013,5.607740159198772,1265,-3.0000213770292574,-5.539819353247166
1487,237.075,10.035563130211447,2541.893588555374,188.50217801703369,1935.3678388066703,2544.411857931732,98.11476466677843,84.27123343207563,635.9661086537654,5.607973958170226,1265,-3.0000213913266793,-5.539252315187305
1488,237.08499999999998,10.035993019494528,2541.8934144172276,188.4928919467214,1935.3726469894743,2544.4117410253148,98.11471777831956,84.26783363834643,635.8916581795385,5.608207747703673,1265,-3.0000214056238894,-5.538685333457307
1489,237.09499999999997,10.036422855750141,2541.8932402741925,188.48360933317872,1935.3774549862535,2544.411624117868,98.11467088975813,84.26443457279228,635.8172107103761,5.608441527801135,1265,-3.000021419920888,-5.538118408045611
1490,237.105,10.036852638992276,2541.8930661262725,188.47433017496095,1935.3822627970476,2544.411507209393,98.11462400109417,84.26103623515017,635.7427662456344,5.608675298464634,1265,-3.000021434217676,-5.537551538940643
1491,237.11499999999998,10.037282369234925,2541.8928919734685,188.46505447034764,1935.3870704218987,2544.4113902998897,98.11457711232762,84.25763862515717,635.6683247846695,5.608909059696191,1265,-3.0000214485142513,-5.536984726130854
1492,237.12499999999997,10.037712046492054,2541.8927178157837,188.45578221804848,1935.391877860845,2544.411273389357,98.11453022345856,84.25424174255046,635.593886326838,5.609142811497827,1265,-3.0000214628106154,-5.536417969604678
1493,237.135,10.03814167077766,2541.8925436532218,188.44651341628247,1935.3966851139296,2544.4111564777986,98.11448333448698,84.25084558706737,635.5194508714964,5.6093765538715585,1265,-3.000021477106768,-5.535851269350541
1494,237.14499999999998,10.038571242105709,2541.892369485783,188.43724806366865,1935.401492181192,2544.411039565211,98.11443644541285,84.24745015844532,635.4450184180018,5.609610286819408,1265,-3.0000214914027086,-5.535284625356898
1495,237.15499999999997,10.03900076049018,2541.892195313472,188.4279861585415,1935.4062990626735,2544.410922651597,98.11438955623619,84.24405545642186,635.3705889657112,5.609844010343393,1265,-3.0000215056984376,-5.534718037612173
1496,237.165,10.039430225945026,2541.892021136289,188.4187276994383,1935.4111057584125,2544.4108057369554,98.11434266695701,84.24066148073464,635.2961625139823,5.610077724445528,1265,-3.000021519993955,-5.534151506104826
1497,237.17499999999998,10.039859638484225,2541.8918469542364,188.4094726848615,1935.4159122684514,2544.410688821286,98.11429577757532,84.23726823112146,635.2217390621723,5.610311429127833,1265,-3.0000215342892598,-5.533585030823287
1498,237.18499999999997,10.040288998121735,2541.8916727673172,188.40022111316617,1935.420718592831,2544.4105719045897,98.11424888809111,84.2338757073202,635.1473186096393,5.610545124392322,1265,-3.000021548584353,-5.533018611756005
1499,237.195,10.040718304871508,2541.891498575533,188.39097298285918,1935.4255247315903,2544.4104549868653,98.11420199850437,84.23048390906887,635.0729011557414,5.610778810241011,1265,-3.0000215628792346,-5.532452248891426
1500,237.20499999999998,10.041147558747504,2541.891324378888,188.38172829240727,1935.430330684771,2544.410338068115,98.11415510881515,84.22709283610558,634.9984866998368,5.611012486675915,1265,-3.0000215771739036,-5.531885942217983
1501,237.21499999999997,10.041576759763666,2541.891150177384,188.37248704031805,1935.4351364524125,2544.4102211483387,98.1141082190234,84.22370248816863,634.9240752412842,5.611246153699047,1265,-3.000021591468361,-5.531319691724131
1502,237.225,10.042005907933943,2541.8909759710223,188.36324922497698,1935.4399420345562,2544.4101042275356,98.11406132912917,84.22031286499632,634.8496667794421,5.61147981131242,1265,-3.0000216057626057,-5.530753497398322
1503,237.23499999999999,10.042435003272281,2541.890801759806,188.35401484491217,1935.4447474312424,2544.4099873057066,98.11401443913242,84.21692396632714,634.77526131367,5.611713459518047,1265,-3.000021620056638,-5.530187359228992
1504,237.24499999999998,10.042864045792614,2541.8906275437366,188.34478389852202,1935.4495526425108,2544.409870382851,98.1139675490332,84.2135357918997,634.7008588433267,5.611947098317938,1265,-3.000021634350459,-5.529621277204598
1505,237.255,10.043293035508885,2541.8904533228165,188.33555638428723,1935.4543576684032,2544.409753458969,98.11392065883146,84.21014834145271,634.6264593677718,5.6121807277141045,1265,-3.000021648644067,-5.529055251313592
1506,237.265,10.043721972435018,2541.8902790970496,188.32633230081646,1935.4591625089588,2544.4096365340624,98.11387376852727,84.20676161472495,634.5520628863651,5.612414347708558,1265,-3.0000216629374634,-5.528489281544422
1507,237.27499999999998,10.04415085658494,2541.8901048664366,188.3171116464159,1935.4639671642176,2544.4095196081294,98.11382687812059,84.20337561145541,634.4776693984663,5.612647958303306,1265,-3.000021677230646,-5.527923367885538
1508,237.285,10.044579687972583,2541.8899306309813,188.30789441961403,1935.4687716342216,2544.4094026811717,98.11377998761145,84.19999033138312,634.4032789034359,5.612881559500358,1265,-3.0000216915236173,-5.527357510325398
1509,237.295,10.045008466611863,2541.8897563906844,188.29868061881646,1935.4735759190098,2544.4092857531887,98.11373309699982,84.19660577424727,634.3288914006341,5.613115151301722,1265,-3.0000217058163754,-5.526791708852448
1510,237.30499999999998,10.045437192516697,2541.889582145548,188.28947024260674,1935.478380018623,2544.4091688241797,98.11368620628572,84.19322193978712,634.2545068894216,5.6133487337094055,1265,-3.000021720108921,-5.52622596345515
1511,237.315,10.045865865701,2541.889407895576,188.28026328940246,1935.4831839331014,2544.4090518941457,98.11363931546916,84.18983882774208,634.1801253691591,5.613582306725414,1265,-3.0000217344012547,-5.52566027412196
1512,237.325,10.046294486178681,2541.8892336407707,188.27105975768845,1935.487987662485,2544.408934963088,98.11359242455013,84.18645643785167,634.1057468392079,5.613815870351755,1265,-3.0000217486933756,-5.52509464084133
1513,237.33499999999998,10.046723053963651,2541.889059381134,188.26185964590152,1935.492791206815,2544.408818031006,98.11354553352865,84.18307476985552,634.0313712989292,5.614049424590432,1265,-3.0000217629852837,-5.524529063601722
1514,237.34499999999997,10.047151569069806,2541.8888851166666,188.25266295254906,1935.4975945661301,2544.4087010978983,98.11349864240474,84.17969382349338,633.9569987476847,5.614282969443449,1265,-3.0000217772769786,-5.523963542391587
1515,237.355,10.047580031511055,2541.8887108473737,188.24346967609023,1935.5023977404728,2544.408584163767,98.11345175117836,84.1763135985051,633.882629184836,5.614516504912811,1265,-3.0000217915684617,-5.523398077199392
1516,237.36499999999998,10.048008441301285,2541.888536573255,188.23427981504418,1935.5072007298816,2544.4084672286117,98.11340485984952,84.1729340946307,633.8082626097452,5.61475003100052,1265,-3.0000218058597308,-5.522832668013595
1517,237.37499999999997,10.048436798454391,2541.8883622943144,188.22509336789207,1935.5120035343975,2544.408350292432,98.11335796841827,84.16955531161024,633.7338990217745,5.6149835477085785,1265,-3.0000218201507876,-5.522267314822661
1518,237.385,10.048865102984257,2541.888188010554,188.21591033298574,1935.51680615406,2544.4082333552283,98.11331107688456,84.16617724918393,633.6595384202864,5.615217055038988,1265,-3.0000218344416307,-5.521702017615054
1519,237.39499999999998,10.049293354904776,2541.8880137219767,188.2067307089164,1935.5216085889099,2544.408116417003,98.11326418524841,84.1627999070921,633.5851808046436,5.615450552993749,1265,-3.000021848732262,-5.5211367763792225
1520,237.40499999999997,10.04972155422983,2541.8878394285825,188.1975544941406,1935.5264108389879,2544.407999477752,98.11321729350983,84.15942328507516,633.5108261742091,5.615684041574861,1265,-3.00002186302268,-5.5205715911036535
1521,237.415,10.050149700973288,2541.887665130376,188.18838168715286,1935.5312129043327,2544.4078825374786,98.11317040166885,84.15604738287371,633.4364745283459,5.615917520784325,1265,-3.000021877312885,-5.520006461776801
1522,237.42499999999998,10.050577795149032,2541.8874908273588,188.1792122864734,1935.5360147849863,2544.407765596183,98.11312350972544,84.15267220022841,633.3621258664175,5.616150990624137,1265,-3.0000218916028767,-5.519441388387123
1523,237.43499999999997,10.051005836770926,2541.8873165195328,188.17004629048037,1935.540816480987,2544.407648653863,98.11307661767962,84.14929773688002,633.2877801877875,5.616384451096296,1265,-3.000021905892655,-5.518876370923106
1524,237.445,10.05143382585284,2541.887142206902,188.1608836977172,1935.5456179923756,2544.4075317105217,98.11302972553138,84.14592399256945,633.2134374918198,5.6166179022028,1265,-3.000021920182219,-5.5183114093731955
1525,237.45499999999998,10.051861762408642,2541.886967889466,188.15172450664673,1935.5504193191932,2544.407414766157,98.11298283328071,84.14255096703772,633.1390977778784,5.616851343945644,1265,-3.0000219344715715,-5.517746503725881
1526,237.46499999999997,10.05228964645218,2541.886793567228,188.14256871571035,1935.555220461478,2544.407297820769,98.11293594092764,84.13917866002595,633.0647610453276,5.617084776326824,1265,-3.0000219487607103,-5.517181653969624
1527,237.475,10.052717477997328,2541.886619240192,188.13341632354116,1935.5600214192727,2544.40718087436,98.1128890484722,84.13580707127537,632.9904272935321,5.617318199348337,1265,-3.000021963049635,-5.516616860092901
1528,237.48499999999999,10.053145257057926,2541.8864449083594,188.12426732851725,1935.5648221926149,2544.4070639269294,98.11284215591434,84.13243620052737,632.9160965218565,5.617551613012174,1265,-3.0000219773383465,-5.516052122084175
1529,237.49499999999998,10.053572983647822,2541.88627057173,188.11512172915192,1935.5696227815458,2544.406946978475,98.11279526325409,84.1290660475234,632.8417687296658,5.6177850173203305,1265,-3.0000219916268454,-5.515487439931931
1530,237.505,10.05400065778086,2541.8860962303106,188.10597952389244,1935.5744231861038,2544.4068300290005,98.11274837049145,84.12569661200504,632.7674439163253,5.618018412274799,1265,-3.00002200591513,-5.514922813624633
1531,237.515,10.054428279470896,2541.885921884101,188.09684071125835,1935.5792234063326,2544.4067130785047,98.11270147762642,84.122327893714,632.6931220812003,5.618251797877571,1265,-3.0000220202032013,-5.5143582431507605
1532,237.52499999999998,10.054855848731757,2541.885747533102,188.08770528974446,1935.5840234422692,2544.4065961269857,98.11265458465901,84.1189598923921,632.6188032236568,5.6184851741306385,1265,-3.0000220344910593,-5.513793728498797
1533,237.535,10.055283365577278,2541.8855731773187,188.0785732578444,1935.5888232939542,2544.4064791744468,98.11260769158922,84.11559260778125,632.5444873430603,5.618718541035992,1265,-3.000022048778703,-5.513229269657208
1534,237.545,10.05571083002129,2541.885398816752,188.06944461410077,1935.5936229614276,2544.4063622208855,98.11256079841706,84.1122260396235,632.4701744387772,5.618951898595621,1265,-3.000022063066133,-5.512664866614478
1535,237.55499999999998,10.05613824207763,2541.8852244514046,188.06031935690342,1935.5984224447302,2544.406245266305,98.11251390514254,84.10886018766101,632.3958645101739,5.619185246811515,1265,-3.00002207735335,-5.512100519359086
1536,237.565,10.056565601760106,2541.885050081279,188.05119748473876,1935.6032217439003,2544.4061283107035,98.11246701176563,84.10549505163604,632.3215575566168,5.619418585685663,1265,-3.0000220916403526,-5.511536227879506
1537,237.575,10.056992909082549,2541.8848757063765,188.0420789962429,1935.6080208589792,2544.40601135408,98.11242011828638,84.10213063129098,632.2472535774729,5.619651915220052,1265,-3.0000221059271412,-5.510971992164226
1538,237.58499999999998,10.057420164058781,2541.8847013267005,188.03296388972555,1935.6128197900073,2544.4058943964374,98.11237322470475,84.09876692636834,632.172952572109,5.619885235416669,1265,-3.0000221202137163,-5.51040781220173
1539,237.59499999999997,10.0578473667026,2541.8845269422536,188.02385216380216,1935.6176185370227,2544.405777437775,98.1123263310208,84.09540393661071,632.0986545398927,5.620118546277501,1265,-3.0000221345000773,-5.509843687980489
1540,237.605,10.058274517027828,2541.884352553036,188.01474381695996,1935.6224171000665,2544.4056604780917,98.11227943723446,84.09204166176083,632.0243594801913,5.620351847804534,1265,-3.0000221487862246,-5.509279619488997
1541,237.61499999999998,10.058701615048268,2541.8841781590513,188.0056388476957,1935.6272154791789,2544.4055435173877,98.11223254334578,84.08868010156154,631.9500673923726,5.620585139999751,1265,-3.0000221630721575,-5.508715606715744
1542,237.62499999999997,10.059128660777716,2541.884003760302,187.99653725450835,1935.6320136743982,2544.4054265556647,98.11218564935477,84.08531925575579,631.8757782758046,5.620818422865137,1265,-3.0000221773578764,-5.50815164964921
1543,237.635,10.059555654229985,2541.883829356791,187.98743903580544,1935.6368116857668,2544.405309592923,98.11213875526141,84.08195912408664,631.8014921298553,5.621051696402677,1265,-3.000022191643381,-5.507587748277872
1544,237.64499999999998,10.059982595418854,2541.883654948518,187.9783441902052,1935.6416095133216,2544.4051926291604,98.11209186106574,84.07859970629728,631.7272089538934,5.621284960614353,1265,-3.000022205928672,-5.507023902590234
1545,237.65499999999997,10.060409484358125,2541.8834805354886,187.96925271614344,1935.646407157104,2544.4050756643796,98.11204496676771,84.075241002131,631.6529287472873,5.621518215502146,1265,-3.000022220213748,-5.5064601125747785
1546,237.665,10.06083632106159,2541.8833061177024,187.9601646121311,1935.6512046171547,2544.404958698579,98.11199807236736,84.0718830113312,631.578651509406,5.621751461068039,1265,-3.0000222344986103,-5.5058963782199974
1547,237.67499999999998,10.061263105543022,2541.883131695164,187.95107987673234,1935.6560018935118,2544.4048417317604,98.11195117786468,84.06852573364141,631.5043772396184,5.62198469731401,1265,-3.000022248783259,-5.505332699514371
1548,237.68499999999997,10.061689837816207,2541.8829572678733,187.941998508288,1935.6607989862155,2544.404724763922,98.1119042832597,84.06516916880527,631.4301059372942,5.622217924242043,1265,-3.0000222630676925,-5.50476907644641
1549,237.695,10.062116517894923,2541.8827828358326,187.9329205054947,1935.6655958953058,2544.404607795064,98.1118573885524,84.0618133165665,631.3558376018026,5.622451141854114,1265,-3.000022277351911,-5.504205509004599
1550,237.70499999999998,10.062543145792949,2541.882608399046,187.92384586678804,1935.670392620823,2544.404490825189,98.11181049374278,84.05845817666899,631.2815722325136,5.622684350152202,1265,-3.000022291635916,-5.503641997177427
1551,237.71499999999997,10.062969721524048,2541.882433957516,187.9147745906035,1935.6751891628057,2544.404373854295,98.11176359883088,84.05510374885671,631.207309828797,5.622917549138285,1265,-3.0000223059197064,-5.503078540953393
1552,237.725,10.063396245101991,2541.882259511244,187.90570667551034,1935.679985521295,2544.404256882384,98.11171670381664,84.05175003287373,631.1330503900232,5.62315073881434,1265,-3.0000223202032825,-5.502515140320992
1553,237.73499999999999,10.063822716540539,2541.88208506023,187.89664212003132,1935.6847816963295,2544.404139909453,98.11166980870011,84.04839702846425,631.0587939155625,5.623383919182346,1265,-3.0000223344866432,-5.501951795268728
1554,237.74499999999998,10.064249135853451,2541.8819106044807,187.88758092264706,1935.6895776879487,2544.4040229355064,98.1116229134813,84.04504473537258,630.9845404047859,5.623617090244275,1265,-3.00002234876979,-5.5013885057850835
1555,237.755,10.06467550305449,2541.881736143995,187.8785230818575,1935.6943734961937,2544.403905960541,98.11157601816018,84.04169315334318,630.910289857064,5.623850252002103,1265,-3.0000223630527216,-5.500825271858572
1556,237.765,10.065101818157402,2541.8815616787774,187.86946859615293,1935.6991691211033,2544.4037889845595,98.1115291227368,84.03834228212054,630.8360422717678,5.624083404457804,1265,-3.000022377335439,-5.500262093477689
1557,237.77499999999998,10.065528081175936,2541.881387208827,187.8604174641374,1935.7039645627167,2544.4036720075587,98.11148222721111,84.03499212144932,630.7617976482691,5.624316547613353,1265,-3.000022391617941,-5.499698970630938
1558,237.785,10.065954292123838,2541.88121273415,187.8513696841889,1935.7087598210735,2544.4035550295425,98.11143533158315,84.03164267107431,630.6875559859392,5.624549681470721,1265,-3.000022405900229,-5.499135903306808
1559,237.795,10.066380451014853,2541.881038254746,187.84232525488778,1935.7135548962142,2544.4034380505086,98.1113884358529,84.02829393074035,630.61331728415,5.624782806031881,1265,-3.0000224201823014,-5.49857289149382
1560,237.80499999999998,10.06680655786272,2541.880863770617,187.8332841747761,1935.718349788178,2544.4033210704574,98.1113415400204,84.02494590019245,630.5390815422735,5.625015921298806,1265,-3.0000224344641593,-5.498009935180463
1561,237.815,10.06723261268117,2541.8806892817684,187.8242464423434,1935.7231444970048,2544.403204089391,98.11129464408562,84.0215985791757,630.4648487596821,5.625249027273463,1265,-3.0000224487458023,-5.497447034355247
1562,237.825,10.067658615483937,2541.8805147881976,187.81521205604454,1935.7279390227343,2544.4030871073064,98.1112477480486,84.01825196743533,630.3906189357481,5.625482123957825,1265,-3.0000224630272303,-5.4968841890066855
1563,237.83499999999998,10.068084566284746,2541.8803402899116,187.806181014477,1935.732733365405,2544.4029701242066,98.11120085190929,84.01490606471667,630.3163920698441,5.62571521135386,1265,-3.0000224773084434,-5.496321399123275
1564,237.84499999999997,10.068510465097322,2541.8801657869094,187.79715331612664,1935.7375275250572,2544.4028531400895,98.11115395566772,84.01156087076512,630.2421681613434,5.625948289463538,1265,-3.0000224915894407,-5.495758664693524
1565,237.855,10.06893631193539,2541.879991279195,187.78812895953732,1935.7423215017309,2544.402736154958,98.11110705932391,84.00821638532626,630.167947209619,5.626181358288824,1265,-3.0000225058702235,-5.495195985705956
1566,237.86499999999998,10.069362106812658,2541.87981676677,187.7791079431819,1935.747115295464,2544.4026191688095,98.11106016287785,84.00487260814576,630.0937292140442,5.626414417831688,1265,-3.0000225201507917,-5.494633362149063
1567,237.87499999999997,10.069787849742855,2541.8796422496366,187.7700902655582,1935.751908906299,2544.402502181646,98.11101326632954,84.00152953896935,630.0195141739927,5.626647468094094,1265,-3.000022534431144,-5.494070794011367
1568,237.885,10.070213540739672,2541.879467727798,187.7610759252725,1935.7567023342715,2544.4023851934676,98.11096636967899,83.99818717754296,629.9453020888383,5.626880509078012,1265,-3.0000225487112813,-5.493508281281375
1569,237.89499999999998,10.070639179816828,2541.879293201255,187.75206492078007,1935.7614955794238,2544.4022682042732,98.11091947292621,83.99484552361255,629.871092957955,5.627113540785401,1265,-3.0000225629912034,-5.492945823947597
1570,237.90499999999997,10.071064766988025,2541.8791186700105,187.74305725059136,1935.7662886417947,2544.4021512140635,98.11087257607119,83.99150457692427,629.7968867807174,5.62734656321823,1265,-3.0000225772709097,-5.492383421998549
1571,237.915,10.071490302266959,2541.878944134067,187.73405291325605,1935.7710815214236,2544.4020342228387,98.11082567911393,83.98816433722433,629.7226835564998,5.627579576378461,1265,-3.000022591550401,-5.491821075422751
1572,237.92499999999998,10.071915785667326,2541.878769593426,187.725051907322,1935.7758742183494,2544.4019172305993,98.11077878205448,83.98482480425905,629.6484832846768,5.627812580268057,1265,-3.0000226058296775,-5.491258784208711
1573,237.93499999999997,10.07234121720282,2541.87859504809,187.71605423127735,1935.7806667326126,2544.4018002373455,98.11073188489277,83.98148597777488,629.5742859646236,5.628045574888981,1265,-3.000022620108738,-5.490696548344953
1574,237.945,10.072766596887126,2541.8784204980616,187.70705988360794,1935.7854590642514,2544.4016832430766,98.11068498762886,83.9781478575184,629.5000915957154,5.628278560243193,1265,-3.000022634387583,-5.490134367819993
1575,237.95499999999998,10.073191924733935,2541.878245943343,187.69806886288333,1935.790251213306,2544.4015662477937,98.11063809026274,83.97481044323624,629.4259001773273,5.628511536332655,1265,-3.0000226486662123,-5.489572242622355
1576,237.96499999999997,10.073617200756928,2541.878071383936,187.68908116764388,1935.7950431798156,2544.401449251497,98.11059119279439,83.97147373467519,629.3517117088353,5.628744503159327,1265,-3.0000226629446267,-5.489010172740552
1577,237.975,10.074042424969782,2541.877896819844,187.680096796412,1935.7998349638203,2544.4013322541855,98.11054429522385,83.96813773158216,629.2775261896151,5.628977460725167,1265,-3.0000226772228245,-5.488448158163097
1578,237.98499999999999,10.074467597386167,2541.8777222510676,187.6711157476988,1935.8046265653577,2544.401215255861,98.1104973975511,83.96480243370415,629.2033436190426,5.629210409032136,1265,-3.0000226915008072,-5.487886198878524
1579,237.99499999999998,10.074892718019761,2541.8775476776095,187.66213802000058,1935.8094179844686,2544.4010982565223,98.11045049977616,83.96146784078827,629.1291639964944,5.629443348082191,1265,-3.000022705778574,-5.487324294875355
1580,238.005,10.075317786884227,2541.8773730994712,187.65316361186197,1935.8142092211922,2544.400981256169,98.11040360189904,83.95813395258175,629.054987321347,5.629676277877288,1265,-3.0000227200561254,-5.486762446142123
1581,238.015,10.075742803993233,2541.877198516658,187.64419252191502,1935.8190002755673,2544.4008642548038,98.11035670391973,83.95480076883192,628.9808135929769,5.6299091984193845,1265,-3.0000227343334607,-5.486200652667324
1582,238.02499999999998,10.076167769360428,2541.8770239291694,187.63522474857712,1935.823791147632,2544.4007472524254,98.11030980583823,83.95146828928623,628.9066428107614,5.630142109710437,1265,-3.00002274861058,-5.485638914439514
1583,238.035,10.076592682999486,2541.8768493370085,187.62626029036286,1935.8285818374288,2544.4006302490334,98.11026290765453,83.94813651369223,628.8324749740775,5.630375011752402,1265,-3.000022762887484,-5.485077231447199
1584,238.045,10.077017544924049,2541.8766747401755,187.61729914578967,1935.833372344994,2544.4005132446277,98.11021600936867,83.9448054417976,628.7583100823026,5.63060790454723,1265,-3.0000227771641717,-5.4845156036789255
1585,238.05499999999998,10.077442355147774,2541.876500138676,187.60834131359525,1935.8381626703685,2544.4003962392103,98.1101691109806,83.94147507335013,628.6841481348146,5.6308407880968785,1265,-3.0000227914406437,-5.483954031123204
1586,238.065,10.077867113684306,2541.8763255325102,187.59938679202014,1935.8429528135919,2544.4002792327806,98.11012221249038,83.93814540809772,628.6099891309912,5.631073662403298,1265,-3.0000228057168994,-5.48339251376858
1587,238.075,10.078291820547278,2541.8761509216815,187.5904355798459,1935.8477427747016,2544.400162225338,98.11007531389798,83.93481644578833,628.5358330702103,5.6313065274684435,1265,-3.000022819992939,-5.482831051603579
1588,238.08499999999998,10.078716475750342,2541.8759763061908,187.58148767546933,1935.852532553738,2544.400045216884,98.11002841520344,83.93148818617013,628.4616799518506,5.631539383294264,1265,-3.0000228342687625,-5.482269644616733
1589,238.09499999999997,10.079141079307124,2541.8758016860406,187.57254307745643,1935.857322150739,2544.399928207417,98.10998151640673,83.92816062899131,628.3875297752903,5.631772229882713,1265,-3.0000228485443703,-5.481708292796569
1590,238.105,10.079565631231263,2541.875627061234,187.5636017843959,1935.862111565746,2544.399811196938,98.10993461750786,83.92483377400022,628.3133825399084,5.632005067235738,1265,-3.000022862819761,-5.481146996131624
1591,238.11499999999998,10.07999013153639,2541.875452431773,187.55466379472477,1935.8669007987976,2544.3996941854484,98.10988771850685,83.9215076209453,628.2392382450838,5.632237895355291,1265,-3.0000228770949366,-5.4805857546104395
1592,238.12499999999997,10.08041458023612,2541.8752777976583,187.5457291070218,1935.8716898499313,2544.3995771729465,98.1098408194037,83.91818216957512,628.1650968901957,5.63247071424332,1265,-3.000022891369895,-5.480024568221554
1593,238.135,10.080838977344083,2541.875103158893,187.53679771983207,1935.8764787191878,2544.3994601594327,98.10979392019841,83.91485741963831,628.0909584746236,5.632703523901774,1265,-3.000022905644638,-5.479463436953489
1594,238.14499999999998,10.081263322873898,2541.874928515481,187.5278696317314,1935.8812674066062,2544.3993431449085,98.10974702089096,83.91153337088369,628.016822997747,5.632936324332599,1265,-3.000022919919164,-5.478902360794793
1595,238.15499999999997,10.08168761683917,2541.8747538674224,187.51894484119202,1935.8860559122245,2544.3992261293733,98.10970012148138,83.90821002306014,627.9426904589459,5.633169115537743,1265,-3.0000229341934737,-5.478341339734006
1596,238.165,10.082111859253523,2541.8745792147197,187.51002334684947,1935.890844236083,2544.3991091128264,98.10965322196967,83.90488737591664,627.8685608576003,5.633401897519151,1265,-3.0000229484675676,-5.4777803737596695
1597,238.17499999999998,10.082536050130557,2541.874404557376,187.50110514714245,1935.8956323782204,2544.398992095269,98.10960632235582,83.90156542920234,627.7944341930906,5.633634670278769,1265,-3.0000229627414443,-5.4772194628603135
1598,238.18499999999997,10.082960189483874,2541.8742298953925,187.49219024068927,1935.900420338675,2544.398875076701,98.10955942263983,83.8982441826664,627.7203104647974,5.633867433818543,1265,-3.000022977015105,-5.47665860702449
1599,238.195,10.083384277327081,2541.8740552287727,187.48327862598376,1935.905208117487,2544.3987580571234,98.10951252282176,83.89492363605821,627.6461896721014,5.6341001881404145,1265,-3.000022991288549,-5.47609780624074
1600,238.20499999999998,10.083808313673769,2541.873880557517,187.47437030161643,1935.9099957146948,2544.3986410365346,98.10946562290155,83.89160378912716,627.5720718143835,5.634332933246329,1265,-3.000023005561777,-5.4755370604976115
1601,238.21499999999997,10.084232298537534,2541.8737058816287,187.4654652660708,1935.914783130337,2544.398524014936,98.10941872287925,83.88828464162285,627.4979568910251,5.634565669138227,1265,-3.0000230198347873,-5.4749763697836435
1602,238.225,10.084656231931973,2541.8735312011104,187.4565635179478,1935.9195703644546,2544.398406992327,98.10937182275482,83.88496619329489,627.4238449014073,5.634798395818052,1265,-3.0000230341075813,-5.474415734087389
1603,238.23499999999999,10.085080113870662,2541.873356515963,187.44766505572218,1935.9243574170844,2544.3982899687085,98.10932492252827,83.88164844389307,627.3497358449121,5.635031113287746,1265,-3.0000230483801587,-5.473855153397384
1604,238.24499999999998,10.085503944367185,2541.8731818261895,187.43876987806524,1935.9291442882654,2544.3981729440807,98.10927802219965,83.87833139316729,627.2756297209211,5.635263821549247,1265,-3.000023062652519,-5.47329462770219
1605,238.255,10.085927723435136,2541.873007131793,187.4298779833732,1935.9339309780396,2544.398055918443,98.10923112176891,83.87501504086751,627.2015265288167,5.635496520604498,1265,-3.000023076924663,-5.472734156990347
1606,238.265,10.086351451088074,2541.872832432775,187.4209893703475,1935.9387174864426,2544.397938891797,98.10918422123609,83.87169938674384,627.1274262679809,5.635729210455436,1265,-3.0000230911965904,-5.472173741250407
1607,238.27499999999998,10.086775127339575,2541.872657729136,187.41210403752262,1935.943503813514,2544.3978218641405,98.10913732060118,83.8683844305465,627.0533289377966,5.6359618911039995,1265,-3.0000231054683004,-5.471613380470931
1608,238.285,10.087198752203212,2541.8724830208803,187.40322198324284,1935.9482899592936,2544.3977048354755,98.10909041986419,83.86507017202581,626.979234537646,5.636194562552126,1265,-3.0000231197397946,-5.471053074640458
1609,238.295,10.087622325692548,2541.872308308009,187.39434320630406,1935.95307592382,2544.3975878058013,98.10904351902511,83.86175661093218,626.9051430669126,5.636427224801754,1265,-3.0000231340110703,-5.470492823747543
1610,238.30499999999998,10.088045847821144,2541.872133590525,187.3854677051457,1935.9578617071315,2544.39747077512,98.10899661808395,83.85844374701615,626.8310545249794,5.636659877854819,1265,-3.00002314828213,-5.469932627780752
1611,238.315,10.088469318602563,2541.87195886843,187.376595478321,1935.9626473092676,2544.397353743428,98.10894971704072,83.85513158002838,626.7569689112297,5.636892521713256,1265,-3.0000231625529725,-5.4693724867286315
1612,238.325,10.088892738050362,2541.871784141727,187.3677265243659,1935.9674327302682,2544.3972367107294,98.10890281589542,83.85182010971964,626.6828862250474,5.6371251563790015,1265,-3.0000231768235976,-5.468812400579731
1613,238.33499999999998,10.089316106178083,2541.8716094104166,187.3588608419334,1935.972217970171,2544.3971196770212,98.10885591464806,83.84850933584076,626.6088064658161,5.637357781853988,1265,-3.0000231910940065,-5.468252369322631
1614,238.34499999999997,10.089739422999282,2541.871434674503,187.34999842950467,1935.9770030290144,2544.3970026423062,98.10880901329864,83.84519925814276,626.53472963292,5.637590398140151,1265,-3.000023205364197,-5.467692392945858
1615,238.355,10.090162688527494,2541.8712599339856,187.34113928561527,1935.9817879068373,2544.396885606582,98.10876211184716,83.84188987637668,626.4606557257434,5.637823005239423,1265,-3.0000232196341714,-5.467132471438006
1616,238.36499999999998,10.090585902776272,2541.871085188869,187.3322834089022,1935.9865726036796,2544.3967685698512,98.10871521029362,83.83858119029374,626.3865847436709,5.638055603153735,1265,-3.0000232339039283,-5.466572604787615
1617,238.375,10.091009065759147,2541.870910439156,187.32343079780193,1935.9913571195796,2544.396651532113,98.10866830863803,83.83527319964524,626.3125166860871,5.63828819188502,1265,-3.0000232481734677,-5.46601279298324
1618,238.385,10.091432177489654,2541.870735684846,187.31458145102474,1935.9961414545762,2544.3965344933667,98.10862140688037,83.8319659041826,626.238451552377,5.638520771435208,1265,-3.0000232624427903,-5.465453036013464
1619,238.39499999999998,10.091855237981322,2541.8705609259428,187.30573536700012,1936.0009256087071,2544.3964174536136,98.10857450502071,83.82865930365732,626.1643893419258,5.638753341806229,1265,-3.0000232767118953,-5.464893333866843
1620,238.40499999999997,10.092278247247677,2541.8703861624485,187.2968925443524,1936.0057095820123,2544.396300412853,98.10852760305899,83.82535339782105,626.0903300541189,5.638985903000013,1265,-3.0000232909807827,-5.46433368653193
1621,238.415,10.092701205302253,2541.8702113943655,187.28805298164977,1936.010493374531,2544.396183371086,98.10848070099524,83.82204818642552,626.0162736883419,5.639218455018489,1265,-3.0000233052494534,-5.463774093997308
1622,238.42499999999998,10.093124112158554,2541.870036621695,187.2792166773626,1936.0152769863003,2544.396066328312,98.10843379882944,83.81874366922257,625.9422202439806,5.639450997863584,1265,-3.000023319517906,-5.4632145562515335
1623,238.43499999999997,10.093546967830113,2541.8698618444405,187.27038363015686,1936.0200604173608,2544.3959492845324,98.10838689656163,83.81543984596416,625.8681697204212,5.6396835315372265,1265,-3.0000233337861415,-5.462655073283171
1624,238.445,10.093969772330428,2541.8696870626018,187.26155383859754,1936.0248436677487,2544.3958322397443,98.10833999419177,83.81213671640238,625.7941221170498,5.639916056041343,1265,-3.0000233480541594,-5.462095645080801
1625,238.45499999999998,10.094392525673019,2541.869512276185,187.25272730115512,1936.0296267375054,2544.3957151939526,98.10829309171991,83.80883428028939,625.7200774332531,5.640148571377858,1265,-3.0000233623219597,-5.461536271632985
1626,238.46499999999997,10.094815227871385,2541.869337485189,187.24390401648705,1936.0344096266674,2544.395598147153,98.10824618914603,83.80553253737746,625.6460356684177,5.640381077548699,1265,-3.0000233765895423,-5.4609769529283
1627,238.475,10.095237878939036,2541.869162689617,187.23508398308905,1936.0391923352754,2544.395481099348,98.10819928647014,83.802231487419,625.5719968219305,5.64061357455579,1265,-3.0000233908569074,-5.460417688955312
1628,238.48499999999999,10.095660478889464,2541.868987889472,187.22626719959123,1936.0439748633657,2544.3953640505383,98.10815238369224,83.79893113016648,625.4979608931787,5.640846062401054,1265,-3.000023405124055,-5.459858479702596
1629,238.49499999999998,10.09608302773617,2541.868813084754,187.21745366451972,1936.0487572109798,2544.395247000722,98.10810548081234,83.79563146537255,625.4239278815497,5.641078541086415,1265,-3.0000234193909847,-5.459299325158723
1630,238.505,10.096505525492642,2541.8686382754663,187.20864337646336,1936.0535393781538,2544.395129949899,98.10805857783043,83.7923324927899,625.349897786431,5.641311010613795,1265,-3.000023433657697,-5.45874022531228
1631,238.515,10.096927972172374,2541.868463461612,187.19983633393218,1936.0583213649277,2544.3950128980723,98.10801167474654,83.78903421217136,625.2758706072104,5.641543470985117,1265,-3.000023447924191,-5.458181180151821
1632,238.52499999999998,10.097350367788843,2541.868288643192,187.19103253559678,1936.0631031713388,2544.39489584524,98.10796477156063,83.78573662326986,625.2018463432762,5.641775922202301,1265,-3.0000234621904673,-5.457622189665951
1633,238.535,10.097772712355539,2541.8681138202082,187.18223197992032,1936.0678847974273,2544.3947787914026,98.10791786827276,83.78243972583846,625.1278249940164,5.6420083642672685,1265,-3.0000234764565255,-5.457063253843227
1634,238.545,10.098195005885938,2541.867938992666,187.17343466555022,1936.0726662432314,2544.394661736562,98.10787096488289,83.77914351963028,625.0538065588194,5.642240797181938,1265,-3.000023490722366,-5.456504372672232
1635,238.55499999999998,10.098617248393507,2541.8677641605623,187.16464059104732,1936.077447508788,2544.3945446807147,98.10782406139106,83.77584800439861,624.9797910370739,5.642473220948231,1265,-3.000023504987989,-5.455945546141548
1636,238.565,10.099039439891728,2541.8675893239038,187.15584975496463,1936.082228594138,2544.3944276238644,98.10777715779722,83.7725531798968,624.9057784281691,5.642705635568063,1265,-3.0000235192533937,-5.455386774239763
1637,238.575,10.099461580394058,2541.867414482689,187.1470621558628,1936.087009499318,2544.394310566008,98.10773025410141,83.76925904587833,624.831768731494,5.6429380410433545,1265,-3.0000235335185805,-5.454828056955453
1638,238.58499999999998,10.099883669913979,2541.867239636922,187.13827779234006,1936.0917902243689,2544.394193507148,98.10768335030366,83.76596560209676,624.7577619464378,5.643170437376021,1265,-3.0000235477835493,-5.454269394277203
1639,238.59499999999997,10.100305708464933,2541.867064786605,187.12949666295887,1936.0965707693267,2544.3940764472836,98.10763644640392,83.7626728483058,624.68375807239,5.643402824567979,1265,-3.0000235620483,-5.453710786193597
1640,238.605,10.100727696060387,2541.8668899317413,187.1207187663585,1936.101351134231,2544.3939593864175,98.10758954240221,83.75938078425925,624.6097571087406,5.643635202621145,1265,-3.0000235763128327,-5.4531522326932125
1641,238.61499999999998,10.10114963271379,2541.8667150723313,187.11194410099486,1936.1061313191199,2544.3938423245463,98.10754263829855,83.75608940971101,624.5357590548795,5.643867571537434,1265,-3.0000235905771473,-5.4525937337646475
1642,238.625,10.101571518438597,2541.8665402083766,187.10317266550786,1936.110911324032,2544.393725261671,98.10749573409294,83.7527987244151,624.4617639101969,5.644099931318759,1265,-3.0000236048412434,-5.45203528939649
1643,238.635,10.101993353248252,2541.8663653398803,187.09440445849066,1936.1156911490066,2544.3936081977927,98.10744882978538,83.7495087281256,624.3877716740832,5.644332281967035,1265,-3.0000236191051215,-5.451476899577321
1644,238.64499999999998,10.1024151371562,2541.8661904668447,187.08563947853577,1936.1204707940808,2544.3934911329115,98.10740192537587,83.7462194205968,624.3137823459291,5.6445646234841735,1265,-3.000023633368781,-5.450918564295729
1645,238.65499999999997,10.102836870175887,2541.8660155892726,187.07687772416665,1936.1252502592947,2544.3933740670273,98.10735502086442,83.742930801583,624.2397959251253,5.644796955872089,1265,-3.000023647632223,-5.450360283540315
1646,238.665,10.103258552320735,2541.865840707165,187.06811919394292,1936.130029544685,2544.3932570001407,98.10730811625102,83.73964287083865,624.1658124110633,5.645029279132692,1265,-3.000023661895446,-5.449802057299653
1647,238.67499999999998,10.103680183604185,2541.8656658205223,187.05936388651875,1936.13480865029,2544.3931399322496,98.1072612115357,83.73635562811829,624.0918318031339,5.645261593267893,1265,-3.000023676158451,-5.449243885562366
1648,238.68499999999997,10.104101764039669,2541.8654909293514,187.0506118004235,1936.1395875761496,2544.393022863358,98.10721430671845,83.7330690731766,624.017854100729,5.645493898279604,1265,-3.000023690421237,-5.448685768317009
1649,238.695,10.104523293640609,2541.86531603365,187.04186293430632,1936.1443663223006,2544.392905793462,98.10716740179927,83.7297832057683,623.94387930324,5.645726194169732,1265,-3.0000237046838056,-5.448127705552207
1650,238.70499999999998,10.104944772420435,2541.865141133423,187.03311728668572,1936.149144888783,2544.392788722566,98.10712049677815,83.72649802564833,623.8699074100592,5.6459584809401875,1265,-3.000023718946155,-5.44756969725654
1651,238.71499999999997,10.10536620039256,2541.8649662286703,187.02437485618694,1936.1539232756347,2544.392671650666,98.10707359165512,83.72321353257162,623.7959384205785,5.646190758592878,1265,-3.000023733208286,-5.447011743418612
1652,238.725,10.105787577570391,2541.864791319396,187.0156356413527,1936.158701482892,2544.3925545777647,98.10702668643017,83.71992972629327,623.7219723341905,5.646423027129712,1265,-3.0000237474701983,-5.446453844027025
1653,238.73499999999999,10.10620890396736,2541.864616405601,187.00689964085348,1936.163479510596,2544.3924375038614,98.1069797811033,83.71664660656847,623.6480091502875,5.646655286552596,1265,-3.000023761731893,-5.445895999070368
1654,238.74499999999998,10.10663017959686,2541.8644414872883,186.99816685310347,1936.1682573587834,2544.3923204289576,98.10693287567454,83.71336417315254,623.5740488682627,5.646887536863435,1265,-3.000023775993368,-5.445338208537243
1655,238.755,10.107051404472303,2541.8642665644597,186.98943727686958,1936.1730350274931,2544.3922033530516,98.10688597014386,83.71008242580086,623.5000914875088,5.647119778064137,1265,-3.0000237902546245,-5.444780472416252
1656,238.765,10.10747257860709,2541.8640916371164,186.98071091064736,1936.177812516763,2544.3920862761443,98.10683906451129,83.70680136426897,623.4261370074192,5.647352010156604,1265,-3.000023804515662,-5.444222790696002
1657,238.77499999999998,10.107893702014621,2541.8639167052615,186.97198775303383,1936.182589826632,2544.3919691982355,98.10679215877684,83.70352098831246,623.3521854273873,5.647584233142743,1265,-3.000023818776481,-5.443665163365097
1658,238.785,10.108314774708289,2541.8637417688974,186.96326780259335,1936.1873669571373,2544.3918521193264,98.10674525294047,83.70024129768709,623.2782367468069,5.6478164470244545,1265,-3.000023833037082,-5.4431075904121275
1659,238.795,10.108735796701483,2541.863566828026,186.95455105805357,1936.1921439083178,2544.3917350394163,98.10669834700224,83.69696229214865,623.2042909650717,5.648048651803643,1265,-3.0000238472974634,-5.442550071825716
1660,238.80499999999998,10.109156768007596,2541.863391882647,186.94583751783597,1936.1969206802116,2544.391617958504,98.1066514409621,83.69368397145315,623.130348081576,5.64828084748221,1265,-3.0000238615576267,-5.441992607594461
1661,238.815,10.109577688640009,2541.8632169327666,186.9371271806258,1936.201697272857,2544.3915008765935,98.10660453482008,83.69040633535658,623.056408095714,5.648513034062058,1265,-3.0000238758175706,-5.441435197706964
1662,238.825,10.109998558612102,2541.863041978385,186.92842004495364,1936.2064736862917,2544.391383793681,98.10655762857617,83.68712938361514,622.9824710068804,5.648745211545087,1265,-3.000023890077296,-5.440877842151843
1663,238.83499999999998,10.110419377937257,2541.8628670195035,186.91971610947266,1936.2112499205546,2544.3912667097698,98.10651072223041,83.68385311598504,622.9085368144698,5.648977379933196,1265,-3.0000239043368024,-5.440320540917698
1664,238.84499999999997,10.110840146628846,2541.862692056126,186.9110153727939,1936.216025975683,2544.3911496248575,98.10646381578275,83.68057753222269,622.8346055178773,5.649209539228287,1265,-3.00002391859609,-5.4397632939931535
1665,238.855,10.111260864700245,2541.862517088253,186.90231783342776,1936.220801851717,2544.3910325389456,98.10641690923325,83.67730263208453,622.7606771164981,5.649441689432256,1265,-3.000023932855158,-5.439206101366813
1666,238.86499999999998,10.111681532164813,2541.862342115886,186.8936234899774,1936.2255775486922,2544.3909154520325,98.10637000258185,83.67402841532714,622.6867516097275,5.649673830547002,1265,-3.0000239471140073,-5.438648963027283
1667,238.875,10.112102149035922,2541.862167139031,186.88493234109268,1936.230353066648,2544.390798364123,98.10632309582863,83.67075488170724,622.6128289969611,5.649905962574422,1265,-3.000023961372637,-5.438091878963178
1668,238.885,10.112522715326925,2541.861992157686,186.87624438533877,1936.2351284056224,2544.390681275212,98.10627618897352,83.66748203098162,622.5389092775948,5.6501380855164145,1265,-3.0000239756310485,-5.43753484916312
1669,238.89499999999998,10.11294323105118,2541.8618171718545,186.86755962138906,1936.239903565653,2544.390564185302,98.1062292820166,83.66420986290714,622.4649924510247,5.6503701993748745,1265,-3.000023989889241,-5.436977873615726
1670,238.90499999999997,10.113363696222043,2541.8616421815386,186.85887804767435,1936.2446785467787,2544.390447094393,98.10618237495783,83.66093837724084,622.391078516647,5.650602304151697,1265,-3.000024004147213,-5.436420952309618
1671,238.915,10.11378411085287,2541.8614671867413,186.85019966295712,1936.249453349038,2544.3903300024854,98.1061354677972,83.65766757373981,622.3171674738583,5.650834399848776,1265,-3.0000240184049667,-5.435864085233392
1672,238.92499999999998,10.114204474956999,2541.861292187462,186.84152446578742,1936.2542279724673,2544.390212909578,98.10608856053474,83.65439745216129,622.2432593220552,5.651066486468007,1265,-3.0000240326625014,-5.435307272375693
1673,238.93499999999997,10.114624788547768,2541.861117183707,186.832852454769,1936.2590024171047,2544.3900958156737,98.10604165317044,83.65112801226259,622.1693540606345,5.651298564011283,1265,-3.0000240469198167,-5.434750513725117
1674,238.945,10.115045051638539,2541.8609421754736,186.82418362842816,1936.263776682991,2544.3899787207692,98.10599474570428,83.64785925380114,622.0954516889935,5.651530632480495,1265,-3.0000240611769122,-5.434193809270306
1675,238.95499999999998,10.115465264242621,2541.8607671627688,186.81551798543782,1936.2685507701603,2544.3898616248675,98.10594783813632,83.64459117653446,622.0215522065297,5.651762691877536,1265,-3.0000240754337892,-5.433637158999868
1676,238.96499999999997,10.115885426373367,2541.8605921455905,186.806855524414,1936.2733246786538,2544.3897445279667,98.10590093046653,83.6413237802202,621.9476556126402,5.651994742204299,1265,-3.000024089690446,-5.433080562902426
1677,238.975,10.116305538044097,2541.8604171239435,186.79819624390305,1936.278098408507,2544.3896274300696,98.10585402269491,83.63805706461612,621.8737619067232,5.652226783462672,1265,-3.0000241039468842,-5.432524020966613
1678,238.98499999999999,10.116725599268138,2541.860242097829,186.78954014257263,1936.2828719597596,2544.3895103311734,98.10580711482149,83.63479102948006,621.7998710881765,5.652458815654547,1265,-3.000024118203102,-5.43196753318105
1679,238.99499999999998,10.117145610058818,2541.860067067248,186.78088721898834,1936.2876453324493,2544.389393231279,98.10576020684624,83.63152567456996,621.7259831563981,5.652690838781813,1265,-3.0000241324591017,-5.431411099534368
1680,239.005,10.117565570429452,2541.8598920322047,186.77223747176717,1936.292418526614,2544.3892761303887,98.10571329876919,83.6282609996439,621.6520981107868,5.652922852846356,1265,-3.0000241467148805,-5.430854720015187
1681,239.015,10.117985480393354,2541.8597169927007,186.7635908995297,1936.2971915422909,2544.3891590285007,98.10566639059034,83.62499700446006,621.5782159507411,5.653154857850066,1265,-3.0000241609704403,-5.4302983946121355
1682,239.02499999999998,10.11840533996384,2541.859541948736,186.7549475007972,1936.3019643795183,2544.3890419256145,98.10561948230969,83.6217336887767,621.5043366756598,5.6533868537948315,1265,-3.0000241752257804,-5.429742123313851
1683,239.035,10.118825149154219,2541.8593669003144,186.7463072742796,1936.3067370383349,2544.3889248217315,98.10557257392723,83.61847105235218,621.4304602849419,5.653618840682537,1265,-3.0000241894809014,-5.429185906108962
1684,239.045,10.119244907977793,2541.859191847439,186.73767021858282,1936.3115095187777,2544.3888077168526,98.105525665443,83.61520909494502,621.3565867779866,5.653850818515069,1265,-3.0000242037358023,-5.428629742986091
1685,239.05499999999998,10.119664616447865,2541.85901679011,186.72903633228046,1936.3162818208841,2544.3886906109765,98.10547875685694,83.61194781631379,621.2827161541937,5.654082787294314,1265,-3.000024217990484,-5.428073633933879
1686,239.065,10.120084274577733,2541.858841728329,186.72040561395616,1936.321053944693,2544.3885735041026,98.1054318481691,83.60868721621718,621.2088484129627,5.6543147470221555,1265,-3.0000242322449457,-5.4275175789409555
1687,239.075,10.1205038823807,2541.858666662101,186.71177806225722,1936.3258258902426,2544.388456396234,98.1053849393795,83.60542729441399,621.1349835536935,5.654546697700477,1265,-3.000024246499188,-5.4269615779959635
1688,239.08499999999998,10.120923439870046,2541.8584915914253,186.7031536757896,1936.3305976575691,2544.3883392873686,98.10533803048813,83.60216805066314,621.0611215757862,5.654778639331162,1265,-3.00002426075321,-5.4264056310875315
1689,239.09499999999997,10.121342947059068,2541.8583165163054,186.6945324532207,1936.3353692467117,2544.3882221775066,98.10529112149496,83.59890948472362,620.9872624786411,5.655010571916094,1265,-3.0000242750070125,-5.425849738204302
1690,239.105,10.12176240396104,2541.858141436743,186.68591439302898,1936.3401406577066,2544.3881050666496,98.10524421240002,83.59565159635457,620.9134062616589,5.655242495457153,1265,-3.0000242892605953,-5.425293899334899
1691,239.11499999999998,10.122181810589257,2541.8579663527407,186.67729949397616,1936.3449118905944,2544.3879879547962,98.10519730320333,83.59239438531519,620.8395529242403,5.655474409956222,1265,-3.000024303513958,-5.424738114467983
1692,239.125,10.122601166956992,2541.857791264298,186.6686877545543,1936.349682945411,2544.3878708419466,98.10515039390486,83.58913785136481,620.7657024657861,5.6557063154151805,1265,-3.0000243177671013,-5.4241823835921785
1693,239.135,10.123020473077514,2541.8576161714213,186.6600791734299,1936.3544538221931,2544.3877537281032,98.10510348450462,83.58588199426285,620.6918548856979,5.655938211835909,1265,-3.0000243320200237,-5.4236267066961314
1694,239.14499999999998,10.123439728964103,2541.85744107411,186.6514737492172,1936.3592245209807,2544.387636613264,98.10505657500265,83.58262681376884,620.6180101833768,5.656170099220287,1265,-3.000024346272727,-5.423071083768478
1695,239.15499999999997,10.123858934630022,2541.8572659723663,186.64287148057272,1936.3639950418105,2544.3875194974294,98.10500966539891,83.57937230964245,620.5441683582244,5.656401977570192,1265,-3.00002436052521,-5.422515514797878
1696,239.165,10.12427809008854,2541.8570908661914,186.63427236607802,1936.368765384721,2544.3874023805984,98.10496275569344,83.57611848164339,620.4703294096427,5.656633846887503,1265,-3.0000243747774733,-5.421959999772968
1697,239.17499999999998,10.124697195352907,2541.85691575559,186.62567640433616,1936.3735355497479,2544.387285262774,98.10491584588621,83.57286532953154,620.3964933370336,5.656865707174095,1265,-3.0000243890295164,-5.4214045386823795
1698,239.18499999999997,10.125116250436388,2541.8567406405614,186.61708359401118,1936.3783055369308,2544.387168143955,98.10486893597725,83.56961285306681,620.3226601397994,5.657097558431848,1265,-3.0000244032813392,-5.420849131514774
1699,239.195,10.125535255352245,2541.8565655211114,186.6084939337197,1936.383075346308,2544.3870510241427,98.10482202596656,83.5663610520093,620.2488298173425,5.657329400662635,1265,-3.000024417532943,-5.420293778258795
1700,239.20499999999998,10.12595421011371,2541.856390397236,186.5999074219612,1936.3878449779143,2544.3869339033326,98.10477511585411,83.56310992611914,620.1750023690656,5.657561233868333,1265,-3.0000244317843254,-5.419738478903099
1701,239.21499999999997,10.126373114734047,2541.8562152689437,186.5913240575036,1936.3926144317898,2544.3868167815317,98.10472820563996,83.55985947515659,620.1011777943717,5.657793058050816,1265,-3.0000244460354883,-5.419183233436327
1702,239.225,10.126791969226497,2541.8560401362333,186.58274383892763,1936.3973837079723,2544.386699658736,98.10468129532406,83.55660969888206,620.0273560926638,5.658024873211958,1265,-3.0000244602864305,-5.418628041847123
1703,239.23499999999999,10.12721077360429,2541.855864999106,186.57416676487952,1936.402152806497,2544.386582534945,98.10463438490645,83.55336059705598,619.9535372633453,5.658256679353633,1265,-3.000024474537153,-5.418072904124154
1704,239.24499999999998,10.127629527880675,2541.855689857566,186.5655928339244,1936.4069217274043,2544.386465410161,98.10458747438709,83.55011216943898,619.8797213058197,5.658488476477712,1265,-3.0000244887876546,-5.417517820256069
1705,239.255,10.128048232068872,2541.8555147116144,186.557022044623,1936.4116904707291,2544.3863482843835,98.10454056376604,83.54686441579167,619.8059082194907,5.658720264586067,1265,-3.000024503037936,-5.416962790231517
1706,239.265,10.128466886182128,2541.855339561253,186.5484543958252,1936.4164590365117,2544.386231157612,98.10449365304326,83.54361733587488,619.7320980037621,5.65895204368057,1265,-3.000024517287998,-5.416407814039161
1707,239.27499999999998,10.128885490233667,2541.855164406484,186.53988988594006,1936.4212274247889,2544.3861140298472,98.10444674221881,83.54037092944952,619.6582906580383,5.659183813763091,1265,-3.0000245315378384,-5.415852891667644
1708,239.285,10.129304044236696,2541.8549892473097,186.53132851366544,1936.4259956355963,2544.38599690109,98.10439983129264,83.53712519627655,619.5844861817235,5.659415574835501,1265,-3.00002454578746,-5.41529802310564
1709,239.295,10.129722548204454,2541.8548140837324,186.52277027767914,1936.4307636689741,2544.385879771339,98.10435292026477,83.53388013611708,619.5106845742224,5.659647326899668,1265,-3.00002456003686,-5.414743208341797
1710,239.30499999999998,10.130141002150147,2541.854638915756,186.51421517655368,1936.4355315249586,2544.3857626405975,98.10430600913521,83.53063574873231,619.4368858349399,5.659879069957461,1265,-3.00002457428604,-5.414188447364765
1711,239.315,10.130559406086991,2541.8544637433765,186.5056632088927,1936.4402992035873,2544.3856455088603,98.10425909790395,83.52739203388354,619.3630899632808,5.660110804010749,1265,-3.000024588534999,-5.413633740163232
1712,239.325,10.130977760028196,2541.854288566603,186.49711437347597,1936.4450667048977,2544.3855283761327,98.10421218657102,83.52414899133218,619.2892969586503,5.660342529061397,1265,-3.0000246027837383,-5.413079086725836
1713,239.33499999999998,10.131396063986967,2541.854113385433,186.48856866869934,1936.4498340289274,2544.385411242412,98.1041652751364,83.52090662083978,619.2155068204539,5.660574245111274,1265,-3.000024617032257,-5.412524487041245
1714,239.34499999999997,10.13181431797651,2541.853938199869,186.48002609340568,1936.454601175714,2544.3852941076984,98.10411836360007,83.5176649221679,619.1417195480974,5.660805952162244,1265,-3.0000246312805547,-5.411969941098132
1715,239.355,10.132232522010026,2541.8537630099154,186.47148664607204,1936.4593681452957,2544.3851769719936,98.10407145196208,83.5144238950783,619.0679351409864,5.661037650216173,1265,-3.0000246455286317,-5.411415448885147
1716,239.36499999999998,10.132650676100704,2541.853587815572,186.4629503253561,1936.4641349377082,2544.3850598352965,98.10402454022244,83.51118353933278,618.9941535985271,5.661269339274926,1265,-3.0000246597764884,-5.410861010390967
1717,239.375,10.133068780261738,2541.8534126168443,186.4544171300124,1936.4689015529898,2544.3849426976103,98.10397762838112,83.50794385469328,618.9203749201257,5.661501019340366,1265,-3.0000246740241243,-5.410306625604255
1718,239.385,10.133486834506323,2541.853237413729,186.4458870586287,1936.4736679911784,2544.384825558929,98.10393071643811,83.50470484092182,618.8465991051888,5.6617326904143574,1265,-3.00002468827154,-5.409752294513682
1719,239.39499999999998,10.133904838847645,2541.853062206232,186.43736010969866,1936.4784342523114,2544.384708419258,98.10388380439346,83.50146649778057,618.772826153123,5.661964352498762,1265,-3.000024702518735,-5.409198017107908
1720,239.40499999999997,10.134322793298878,2541.852886994353,186.4288362820189,1936.4832003364252,2544.3845912785946,98.10383689224714,83.49822882503172,618.6990560633352,5.662196005595442,1265,-3.0000247167657084,-5.408643793375625
1721,239.415,10.13474069787321,2541.852711778097,186.4203155741553,1936.487966243558,2544.3844741369417,98.10378997999916,83.49499182243763,618.6252888352326,5.66242764970626,1265,-3.0000247310124615,-5.408089623305476
1722,239.42499999999998,10.135158552583816,2541.8525365574633,186.4117979847681,1936.4927319737474,2544.384356994297,98.10374306764955,83.49175548976073,618.5515244682224,5.662659284833073,1265,-3.0000247452589943,-5.407535506886149
1723,239.43499999999997,10.135576357443869,2541.8523613324546,186.403283512439,1936.4974975270306,2544.3842398506613,98.10369615519828,83.4885198267636,618.4777629617121,5.662890910977745,1265,-3.000024759505306,-5.406981444106314
1724,239.445,10.135994112466529,2541.852186103074,186.39477215591003,1936.5022629034445,2544.384122706035,98.10364924264539,83.48528483320887,618.4040043151097,5.663122528142133,1265,-3.0000247737513965,-5.4064274349546535
1725,239.45499999999998,10.136411817664973,2541.8520108693233,186.38626391377005,1936.5070281030273,2544.3840055604196,98.10360232999084,83.48205050885929,618.3302485278227,5.663354136328096,1265,-3.000024787997267,-5.405873479419829
1726,239.46499999999997,10.136829473052353,2541.851835631203,186.37775878458933,1936.5117931258148,2544.3838884138127,98.10355541723467,83.47881685347772,618.2564955992598,5.663585735537493,1265,-3.0000248022429155,-5.405319577490523
1727,239.475,10.137247078641838,2541.8516603887165,186.36925676709,1936.5165579718462,2544.3837712662157,98.10350850437686,83.47558386682714,618.1827455288291,5.66381732577218,1265,-3.0000248164883434,-5.404765729155419
1728,239.48499999999999,10.137664634446574,2541.8514851418645,186.36075785994552,1936.521322641157,2544.3836541176283,98.10346159141741,83.47235154867057,618.1089983159391,5.664048907034014,1265,-3.000024830733551,-5.404211934403197
1729,239.49499999999998,10.138082140479723,2541.8513098906515,186.35226206166513,1936.526087133786,2544.3835369680514,98.10341467835634,83.4691198987712,618.0352539599986,5.6642804793248525,1265,-3.000024844978537,-5.403658193222525
1730,239.505,10.138499596754423,2541.851134635077,186.3437693710386,1936.530851449769,2544.383419817485,98.10336776519367,83.4658889168923,617.9615124604169,5.664512042646549,1265,-3.0000248592233016,-5.403104505602094
1731,239.515,10.138917003283828,2541.8509593751437,186.33527978658654,1936.5356155891445,2544.383302665928,98.10332085192937,83.46265860279723,617.8877738166029,5.664743597000959,1265,-3.000024873467846,-5.4025508715305826
1732,239.52499999999998,10.139334360081078,2541.850784110855,186.3267933070247,1936.54037955195,2544.383185513383,98.10327393856343,83.45942895624945,617.8140380279663,5.664975142389937,1265,-3.0000248877121685,-5.401997290996677
1733,239.535,10.139751667159306,2541.8506088422114,186.31830993098603,1936.5451433382214,2544.3830683598485,98.10322702509592,83.45619997701257,617.7403050939164,5.665206678815336,1265,-3.00002490195627,-5.401443763989052
1734,239.545,10.14016892453165,2541.850433569216,186.3098296570546,1936.5499069479963,2544.382951205325,98.10318011152678,83.45297166485025,617.6665750138633,5.665438206279007,1265,-3.000024916200151,-5.400890290496404
1735,239.55499999999998,10.140586132211252,2541.850258291869,186.3013524840398,1936.5546703813136,2544.382834049811,98.10313319785607,83.44974401952626,617.5928477872169,5.665669724782805,1265,-3.000024930443811,-5.400336870507413
1736,239.565,10.141003290211223,2541.850083010175,186.29287841041779,1936.5594336382076,2544.3827168933103,98.10308628408376,83.44651704080452,617.5191234133875,5.6659012343285795,1265,-3.0000249446872487,-5.399783504010771
1737,239.575,10.1414203985447,2541.8499077241336,186.2844074348924,1936.564196718718,2544.38259973582,98.10303937020983,83.44329072844896,617.4454018917855,5.666132734918183,1265,-3.000024958930466,-5.3992301909951665
1738,239.58499999999998,10.1418374572248,2541.849732433748,186.2759395561228,1936.56895962288,2544.382482577341,98.10299245623433,83.44006508222368,617.3716832218219,5.666364226553465,1265,-3.000024973173463,-5.398676931449286
1739,239.59499999999997,10.142254466264644,2541.8495571390204,186.2674747727712,1936.5737223507324,2544.3823654178736,98.10294554215723,83.43684010189291,617.297967402907,5.666595709236273,1265,-3.0000249874162375,-5.398123725361815
1740,239.605,10.142671425677346,2541.849381839953,186.2590130834419,1936.5784849023116,2544.3822482574187,98.10289862797855,83.4336157872209,617.2242544344525,5.666827182968458,1265,-3.000025001658791,-5.397570572721456
1741,239.61499999999998,10.143088335476012,2541.849206536547,186.25055448687283,1936.583247277654,2544.3821310959756,98.1028517136983,83.43039213797206,617.1505443158693,5.667058647751867,1265,-3.000025015901123,-5.3970174735168985
1742,239.625,10.143505195673761,2541.849031228804,186.2420989815607,1936.5880094767983,2544.3820139335444,98.10280479931647,83.4271691539109,617.076837046569,5.667290103588349,1265,-3.0000250301432336,-5.396464427736834
1743,239.635,10.143922006283686,2541.8488559167267,186.2336465663479,1936.59277149978,2544.381896770126,98.10275788483307,83.42394683480198,617.0031326259635,5.667521550479749,1265,-3.000025044385123,-5.395911435369967
1744,239.64499999999998,10.144338767318905,2541.8486806003184,186.22519723975321,1936.5975333466383,2544.3817796057197,98.10271097024811,83.42072518041003,616.9294310534646,5.667752988427914,1265,-3.000025058626791,-5.395358496404975
1745,239.65499999999997,10.144755478792499,2541.848505279579,186.21675100041244,1936.602295017408,2544.3816624403257,98.10266405556159,83.41750419049986,616.8557323284842,5.66798441743469,1265,-3.000025072868237,-5.39480561083057
1746,239.665,10.145172140717564,2541.8483299545123,186.20830784709557,1936.6070565121267,2544.381545273946,98.10261714077349,83.41428386483634,616.7820364504349,5.66821583750192,1265,-3.0000250871094623,-5.3942527786354475
1747,239.67499999999998,10.145588753107202,2541.848154625118,186.1998677783833,1936.6118178308327,2544.381428106577,98.10257022588385,83.4110642031845,616.7083434187294,5.668447248631452,1265,-3.0000251013504657,-5.393699999808308
1748,239.68499999999997,10.146005315974497,2541.8479792914013,186.19143079292954,1936.6165789735621,2544.381310938223,98.10252331089264,83.40784520530944,616.6346532327801,5.668678650825125,1265,-3.000025115591248,-5.39314727433785
1749,239.695,10.146421829332525,2541.847803953361,186.1829968894127,1936.6213399403514,2544.3811937688815,98.1024763957999,83.40462687097637,616.5609658920002,5.668910044084785,1265,-3.0000251298318084,-5.3925946022127755
1750,239.70499999999998,10.14683829319438,2541.847628611,186.1745660665499,1936.626100731239,2544.381076598552,98.10242948060561,83.4014091999506,616.4872813958028,5.669141428412273,1265,-3.000025144072148,-5.392041983421785
1751,239.71499999999997,10.147254707573135,2541.8474532643218,186.1661383228056,1936.6308613462616,2544.380959427239,98.10238256530978,83.39819219199758,616.4135997436014,5.669372803809432,1265,-3.0000251583122655,-5.391489417953586
1752,239.725,10.147671072481856,2541.8472779133276,186.15771365703793,1936.6356217854548,2544.3808422549378,98.10233564991243,83.39497584688274,616.3399209348094,5.669604170278102,1265,-3.0000251725521614,-5.390936905796887
1753,239.73499999999999,10.148087387933629,2541.847102558019,186.1492920678492,1936.640382048857,2544.380725081651,98.10228873441353,83.39176016437177,616.2662449688405,5.669835527820124,1265,-3.0000251867918353,-5.3903844469403825
1754,239.74499999999998,10.14850365394151,2541.846927198397,186.14087355383353,1936.6451421365043,2544.380607907378,98.1022418188131,83.38854514423036,616.1925718451091,5.670066876437335,1265,-3.000025201031288,-5.3898320413727925
1755,239.755,10.148919870518569,2541.8467518344664,186.13245811375393,1936.6499020484341,2544.3804907321196,98.10219490311114,83.38533078622433,616.1189015630291,5.670298216131577,1265,-3.0000252152705182,-5.389279689082818
1756,239.765,10.149336037677863,2541.8465764662265,186.12404574613933,1936.654661784683,2544.3803735558745,98.10214798730766,83.38211709011959,616.045234122015,5.670529546904688,1265,-3.0000252295095278,-5.388727390059165
1757,239.77499999999998,10.14975215543245,2541.8464010936796,186.115636449777,1936.6594213452881,2544.380256378644,98.10210107140264,83.37890405568217,615.9715695214815,5.670760868758505,1265,-3.0000252437483153,-5.388175144290565
1758,239.785,10.150168223795394,2541.8462257168308,186.1072302233033,1936.6641807302867,2544.3801392004293,98.10205415539612,83.3756916826782,615.8979077608433,5.6709921816948645,1265,-3.0000252579868816,-5.3876229517656915
1759,239.795,10.150584242779734,2541.846050335677,186.09882706533438,1936.6689399397155,2544.380022021228,98.1020072392881,83.37247997087388,615.8242488395155,5.671223485715603,1265,-3.000025272225225,-5.387070812473292
1760,239.80499999999998,10.151000212398518,2541.8458749502247,186.0904269745447,1936.67369897361,2544.3799048410424,98.10196032307856,83.36926892003557,615.7505927569133,5.671454780822558,1265,-3.0000252864633468,-5.386518726402061
1761,239.815,10.1514161326648,2541.845699560473,186.08202994957105,1936.6784578320094,2544.379787659871,98.10191340676752,83.36605852992965,615.6769395124522,5.671686067017564,1265,-3.000025300701247,-5.385966693540722
1762,239.825,10.151832003591618,2541.8455241664255,186.07363598923658,1936.6832165149501,2544.379670477716,98.10186649035498,83.36284880032268,615.603289105548,5.671917344302454,1265,-3.0000253149389255,-5.385414713877991
1763,239.83499999999998,10.152247825192003,2541.845348768084,186.06524509199693,1936.6879750224675,2544.379553294576,98.10181957384094,83.3596397309813,615.5296415356163,5.672148612679064,1265,-3.000025329176382,-5.384862787402573
1764,239.84499999999997,10.152663597478986,2541.8451733654506,186.0568572567111,1936.6927333545984,2544.379436110452,98.10177265722542,83.35643132167219,615.4559968020733,5.672379872149224,1265,-3.0000253434136166,-5.384310914103205
1765,239.855,10.153079320465615,2541.844997958525,186.04847248186272,1936.697491511382,2544.3793189253424,98.10172574050841,83.35322357216224,615.3823549043354,5.672611122714771,1265,-3.000025357650629,-5.3837590939685995
1766,239.86499999999998,10.153494994164896,2541.844822547311,186.04009076620855,1936.702249492852,2544.379201739249,98.10167882368992,83.35001648221831,615.308715841819,5.672842364377533,1265,-3.00002537188742,-5.383207326987474
1767,239.875,10.153910618589874,2541.844647131813,186.0317121084747,1936.7070072990477,2544.3790845521726,98.10163190676994,83.34681005160748,615.2350796139406,5.673073597139343,1265,-3.0000253861239887,-5.382655613148546
1768,239.885,10.154326193753558,2541.844471712027,186.02333650727718,1936.7117649300048,2544.37896736411,98.10158498974849,83.34360428009687,615.1614462201172,5.673304821002031,1265,-3.000025400360335,-5.38210395244054
1769,239.89499999999998,10.154741719668966,2541.8442962879612,186.0149639611673,1936.7165223857598,2544.3788501750664,98.10153807262556,83.34039916745371,615.0878156597662,5.673536035967427,1265,-3.0000254145964593,-5.381552344852183
1770,239.90499999999997,10.155157196349114,2541.8441208596146,186.00659446901759,1936.7212796663505,2544.3787329850375,98.10149115540116,83.33719471344534,615.0141879323045,5.67376724203736,1265,-3.0000254288323616,-5.381000790372205
1771,239.915,10.155572623807009,2541.8439454269887,185.99822802941566,1936.726036771812,2544.378615794026,98.1014442380753,83.33399091783919,614.9405630371497,5.673998439213659,1265,-3.000025443068042,-5.380449288989318
1772,239.92499999999998,10.155988002055665,2541.8437699900865,185.98986464099474,1936.7307937021826,2544.378498602031,98.10139732064798,83.33078778040279,614.8669409737197,5.674229627498153,1265,-3.000025457303501,-5.3798978406922595
1773,239.93499999999997,10.156403331108079,2541.84359454891,185.98150430253213,1936.7355504574978,2544.3783814090534,98.10135040311918,83.32758530090376,614.7933217414324,5.674460806892668,1265,-3.0000254715387364,-5.37934644546975
1774,239.945,10.156818610977256,2541.843419103461,185.9731470126055,1936.740307037795,2544.3782642150927,98.10130348548894,83.32438347910987,614.7197053397057,5.674691977399031,1265,-3.000025485773751,-5.378795103310526
1775,239.95499999999998,10.157233841676195,2541.8432436537414,185.96479276990726,1936.7450634431113,2544.3781470201493,98.10125656775725,83.32118231478891,614.6460917679582,5.67492313901907,1265,-3.000025500008543,-5.378243814203311
1776,239.96499999999997,10.157649023217887,2541.843068199753,185.95644157310412,1936.749819673483,2544.378029824223,98.10120964992409,83.31798180770886,614.5724810256083,5.675154291754607,1265,-3.0000255142431125,-5.377692578136843
1777,239.975,10.158064155615323,2541.842892741497,185.94809342093723,1936.754575728946,2544.3779126273143,98.10116273198952,83.31478195763772,614.4988731120749,5.6753854356074696,1265,-3.00002552847746,-5.377141395099857
1778,239.98499999999999,10.158479238881494,2541.842717278977,185.9397483119894,1936.759331609538,2544.377795429423,98.10111581395348,83.31158276434365,614.4252680267767,5.675616570579479,1265,-3.000025542711585,-5.376590265081072
1779,239.99499999999998,10.158894273029373,2541.8425418121947,185.93140624501683,1936.7640873152943,2544.37767823055,98.10106889581604,83.30838422759487,614.351665769133,5.675847696672462,1265,-3.000025556945488,-5.376039188069236
1780,240.005,10.159309258071952,2541.8423663411504,185.9230672186699,1936.7688428462527,2544.3775610306943,98.10102197757715,83.30518634715973,614.2780663385631,5.67607881388824,1265,-3.0000255711791683,-5.375488164053085
1781,240.015,10.159724194022205,2541.8421908658484,185.9147312316167,1936.77359820245,2544.377443829857,98.10097505923683,83.30198912280666,614.2044697344868,5.676309922228635,1265,-3.0000255854126268,-5.374937193021344
1782,240.02499999999998,10.160139080893103,2541.8420153862885,185.90639828259026,1936.7783533839217,2544.377326628038,98.10092814079509,83.29879255430419,614.1308759563236,5.676541021695467,1265,-3.0000255996458627,-5.374386274962759
1783,240.035,10.160553918697621,2541.8418399024736,185.89806837013944,1936.783108390705,2544.3772094252377,98.10088122225191,83.29559664142096,614.0572850034936,5.676772112290561,1265,-3.000025613878876,-5.373835409866073
1784,240.045,10.160968707448724,2541.8416644144063,185.88974149307683,1936.787863222837,2544.3770922214558,98.10083430360733,83.2924013839257,613.983696875417,5.677003194015733,1265,-3.0000256281116666,-5.373284597720023
1785,240.05499999999998,10.161383447159375,2541.8414889220876,185.88141765004565,1936.792617880353,2544.3769750166925,98.10078738486133,83.28920678158724,613.910111571514,5.677234266872805,1265,-3.0000256423442355,-5.372733838513344
1786,240.065,10.161798137842537,2541.8413134255197,185.87309683966265,1936.7973723632904,2544.376857810948,98.10074046601392,83.28601283417454,613.8365290912055,5.677465330863596,1265,-3.000025656576582,-5.372183132234788
1787,240.075,10.162212779511167,2541.841137924705,185.86477906073804,1936.8021266716855,2544.376740604223,98.10069354706509,83.28281954145659,613.7629494339121,5.677696385989923,1265,-3.0000256708087054,-5.3716324788730905
1788,240.08499999999998,10.162627372178221,2541.8409624196456,185.8564643118772,1936.8068808055752,2544.376623396517,98.10064662801487,83.27962690320258,613.6893725990548,5.677927432253606,1265,-3.000025685040607,-5.371081878416998
1789,240.09499999999997,10.163041915856645,2541.8407869103426,185.84815259179868,1936.8116347649961,2544.3765061878307,98.10059970886326,83.27643491918172,613.6157985860549,5.678158469656459,1265,-3.0000256992722854,-5.3705313308552585
1790,240.105,10.16345641055939,2541.8406113967976,185.83984389911933,1936.8163885499837,2544.376388978163,98.10055278961023,83.27324358916333,613.5422273943336,5.678389498200301,1265,-3.000025713503742,-5.369980836176618
1791,240.11499999999998,10.163870856299392,2541.840435879014,185.83153823258837,1936.8211421605745,2544.376271767516,98.10050587025583,83.27005291291685,613.4686590233127,5.678620517886946,1265,-3.0000257277349753,-5.369430394369822
1792,240.125,10.1642852530896,2541.8402603569934,185.82323559086817,1936.8258955968056,2544.3761545558887,98.10045895080003,83.26686289021183,613.3950934724141,5.678851528718211,1265,-3.0000257419659864,-5.368880005423625
1793,240.135,10.164699600942953,2541.840084830737,185.81493597263156,1936.8306488587143,2544.376037343281,98.10041203124284,83.26367352081786,613.3215307410596,5.679082530695909,1265,-3.0000257561967745,-5.368329669326775
1794,240.14499999999998,10.165113899872381,2541.8399093002467,185.80663937658588,1936.8354019463357,2544.3759201296934,98.10036511158428,83.26048480450471,613.2479708286716,5.679313523821855,1265,-3.000025770427341,-5.367779386068021
1795,240.15499999999997,10.165528149890811,2541.839733765525,185.7983458014594,1936.8401548597058,2544.375802915126,98.10031819182436,83.2572967410422,613.1744137346724,5.67954450809786,1265,-3.000025784657684,-5.367229155636116
1796,240.165,10.165942351011179,2541.839558226573,185.7900552458528,1936.8449075988626,2544.3756856995783,98.10027127196305,83.25410933020025,613.1008594584847,5.679775483525739,1265,-3.0000257988878043,-5.366678978019816
1797,240.17499999999998,10.166356503246405,2541.8393826833944,185.7817677085755,1936.849660163842,2544.375568483052,98.10022435200037,83.2509225717489,613.0273079995313,5.680006450107303,1265,-3.000025813117702,-5.366128853207874
1798,240.18499999999997,10.166770606609404,2541.8392071359885,185.77348318819722,1936.8544125546791,2544.3754512655455,98.1001774319363,83.24773646545829,612.9537593572353,5.6802374078443645,1265,-3.0000258273473768,-5.365578781189047
1799,240.195,10.167184661113101,2541.83903158436,185.76520168350598,1936.8591647714122,2544.3753340470607,98.10013051177089,83.2445510110986,612.8802135310199,5.680468356738731,1265,-3.0000258415768295,-5.365028761952093
1800,240.20499999999998,10.167598666770411,2541.8388560285107,185.75692319304807,1936.8639168140764,2544.375216827598,98.10008359150413,83.2413662084402,612.8066705203084,5.680699296792215,1265,-3.0000258558060593,-5.3644787954857565
1801,240.21499999999997,10.168012623594242,2541.8386804684396,185.74864771572825,1936.8686686827086,2544.3750996071544,98.10003667113601,83.23818205725348,612.7331303245248,5.680930228006626,1265,-3.000025870035066,-5.363928881778815
1802,240.225,10.168426531597499,2541.8385049041517,185.74037525006995,1936.8734203773447,2544.3749823857333,98.09998975066655,83.23499855730901,612.6595929430927,5.6811611503837725,1265,-3.0000258842638496,-5.363379020820023
1803,240.23499999999999,10.168840390793083,2541.838329335647,185.73210579484217,1936.8781718980208,2544.374865163333,98.09994283009573,83.23181570837737,612.5860583754361,5.681392063925462,1265,-3.000025898492411,-5.3628292125981405
1804,240.24499999999998,10.169254201193903,2541.838153762929,185.72383934875256,1936.8829232447738,2544.3747479399553,98.09989590942358,83.2286335102293,612.5125266209793,5.681622968633502,1265,-3.000025912720749,-5.362279457101924
1805,240.255,10.16966796281286,2541.837978185997,185.71557591043552,1936.8876744176407,2544.374630715598,98.0998489886501,83.22545196263563,612.4389976791471,5.6818538645097005,1265,-3.0000259269488647,-5.361729754320139
1806,240.265,10.17008167566284,2541.8378026048554,185.7073154786405,1936.892425416657,2544.3745134902633,98.09980206777526,83.22227106536725,612.3654715493636,5.682084751555863,1265,-3.0000259411767574,-5.361180104241568
1807,240.27499999999998,10.170495339756728,2541.8376270195063,185.69905805201216,1936.8971762418576,2544.37439626395,98.09975514679908,83.21909081819521,612.2919482310541,5.682315629773794,1265,-3.000025955404427,-5.36063050685495
1808,240.285,10.170908955107425,2541.8374514299503,185.6908036292581,1936.9019268932811,2544.37427903666,98.09970822572159,83.2159112208906,612.2184277236435,5.6825464991653005,1265,-3.000025969631873,-5.360080962149071
1809,240.295,10.171322521727811,2541.8372758361907,185.6825522091217,1936.9066773709628,2544.3741618083927,98.09966130454276,83.21273227322465,612.1449100265571,5.682777359732185,1265,-3.000025983859097,-5.359531470112681
1810,240.30499999999998,10.171736039630764,2541.837100238227,185.67430379028636,1936.9114276749383,2544.374044579147,98.09961438326262,83.20955397496866,612.0713951392203,5.683008211476253,1265,-3.0000259980860977,-5.358982030734568
1811,240.315,10.172149508829161,2541.8369246360626,185.66605837147148,1936.9161778052444,2544.373927348923,98.09956746188116,83.20637632589404,611.9978830610588,5.683239054399305,1265,-3.0000260123128757,-5.3584326440035035
1812,240.325,10.172562929335882,2541.836749029701,185.6578159513147,1936.9209277619177,2544.3738101177237,98.09952054039837,83.20319932577232,611.9243737914986,5.683469888503145,1265,-3.0000260265394303,-5.357883309908241
1813,240.33499999999998,10.172976301163793,2541.8365734191416,185.6495765286052,1936.9256775449937,2544.373692885546,98.0994736188143,83.2000229743751,611.8508673299657,5.683700713789575,1265,-3.000026040765762,-5.357334028437558
1814,240.34499999999997,10.173389624325765,2541.836397804387,185.64134010195178,1936.9304271545093,2544.3735756523924,98.09942669712892,83.19684727147408,611.7773636758864,5.683931530260396,1265,-3.0000260549918703,-5.356784799580238
1815,240.355,10.173802898834653,2541.8362221854404,185.63310667008344,1936.9351765904987,2544.373458418262,98.09937977534221,83.19367221684107,611.7038628286871,5.6841623379174075,1265,-3.0000260692177565,-5.356235623325047
1816,240.36499999999998,10.174216124703335,2541.8360465623023,185.62487623172717,1936.9399258530011,2544.3733411831545,98.09933285345423,83.19049781024795,611.6303647877944,5.684393136762411,1265,-3.000026083443419,-5.355686499660761
1817,240.375,10.17462930194466,2541.8358709349745,185.61664878556445,1936.944674942051,2544.373223947071,98.09928593146495,83.18732405146675,611.5568695526355,5.684623926797204,1265,-3.000026097668858,-5.355137428576168
1818,240.385,10.175042430571477,2541.83569530346,185.6084243303497,1936.949423857684,2544.3731067100107,98.09923900937437,83.18415094026955,611.4833771226373,5.684854708023585,1265,-3.0000261118940736,-5.354588410060035
1819,240.39499999999998,10.175455510596649,2541.8355196677594,185.60020286471118,1936.9541725999377,2544.3729894719736,98.0991920871825,83.18097847642858,611.409887497227,5.685085480443354,1265,-3.000026126119067,-5.354039444101142
1820,240.40499999999997,10.175868542033012,2541.835344027876,185.59198438747728,1936.9589211688465,2544.372872232962,98.09914516488935,83.17780665971607,611.3364006758324,5.685316244058307,1265,-3.000026140343836,-5.353490530688266
1821,240.415,10.176281524893419,2541.8351683838114,185.58376889716357,1936.9636695644476,2544.372754992974,98.09909824249492,83.17463548990449,611.2629166578809,5.685546998870241,1265,-3.000026154568383,-5.352941669810193
1822,240.42499999999998,10.17669445919071,2541.8349927355675,185.5755563926387,1936.9684177867775,2544.3726377520106,98.0990513199992,83.17146496676627,611.1894354428005,5.6857777448809514,1265,-3.0000261687927066,-5.352392861455713
1823,240.43499999999997,10.177107344937722,2541.834817083145,185.56734687253706,1936.9731658358714,2544.372520510071,98.09900439740224,83.16829509007404,611.1159570300192,5.686008482092235,1265,-3.0000261830168067,-5.351844105613598
1824,240.445,10.177520182147287,2541.8346414265466,185.5591403356265,1936.9779137117653,2544.372403267156,98.09895747470398,83.16512585960047,611.0424814189655,5.686239210505885,1265,-3.0000261972406834,-5.351295402272637
1825,240.45499999999998,10.177932970832234,2541.834465765775,185.5509367805483,1936.982661414495,2544.372286023267,98.09891055190447,83.16195727511833,610.9690086090677,5.686469930123696,1265,-3.0000262114643372,-5.350746751421619
1826,240.46499999999997,10.178345711005404,2541.834290100831,185.54273620606548,1936.9874089440978,2544.3721687784014,98.09886362900369,83.1587893364005,610.8955385997546,5.686700640947462,1265,-3.0000262256877677,-5.350198153049334
1827,240.475,10.17875840267961,2541.8341144317174,185.53453861079933,1936.9921563006085,2544.3720515325617,98.09881670600166,83.15562204321999,610.8220713904551,5.686931342978976,1265,-3.0000262399109747,-5.349649607144553
1828,240.48499999999999,10.179171045867681,2541.8339387584356,185.52634399361756,1936.996903484064,2544.371934285748,98.09876978289837,83.15245539534986,610.7486069805983,5.68716203622003,1265,-3.000026254133959,-5.349101113696077
1829,240.49499999999998,10.17958364058243,2541.833763080988,185.51815235309869,1937.0016504944995,2544.371817037959,98.09872285969384,83.14928939256329,610.6751453696135,5.687392720672416,1265,-3.0000262683567187,-5.3485526726926995
1830,240.505,10.179996186836677,2541.833587399374,185.5099636879746,1937.006397331952,2544.3716997891947,98.09867593638805,83.14612403463353,610.6016865569302,5.687623396337925,1265,-3.0000262825792556,-5.3480042841232125
1831,240.515,10.180408684643226,2541.8334117135996,185.501777997052,1937.0111439964558,2544.371582539457,98.09862901298102,83.14295932133398,610.528230541978,5.687854063218346,1265,-3.0000262968015687,-5.347455947976398
1832,240.52499999999998,10.180821134014888,2541.833236023663,185.4935952788971,1937.0158904880477,2544.3714652887443,98.09858208947274,83.13979525243808,610.454777324187,5.68808472131547,1265,-3.0000263110236594,-5.346907664241064
1833,240.535,10.181233534964473,2541.8330603295685,185.4854155323195,1937.0206368067643,2544.3713480370575,98.09853516586323,83.1366318277194,610.3813269029871,5.688315370631087,1265,-3.0000263252455253,-5.34635943290599
1834,240.545,10.181645887504786,2541.832884631317,185.4772387560722,1937.0253829526418,2544.3712307843975,98.09848824215248,83.1334690469516,610.3078792778088,5.688546011166984,1265,-3.0000263394671687,-5.345811253959985
1835,240.55499999999998,10.182058191648611,2541.8327089289114,185.46906494874528,1937.030128925714,2544.3711135307635,98.09844131834052,83.13030690990847,610.2344344480824,5.6887766429249496,1265,-3.0000263536885883,-5.345263127391843
1836,240.565,10.182470447408758,2541.832533222352,185.46089410922534,1937.034874726019,2544.3709962761563,98.09839439442733,83.12714541636382,610.1609924132388,5.689007265906771,1265,-3.000026367909785,-5.344715053190358
1837,240.575,10.182882654798012,2541.8323575116424,185.45272623604131,1937.0396203535918,2544.370879020576,98.09834747041292,83.12398456609162,610.0875531727088,5.689237880114234,1265,-3.0000263821307573,-5.344167031344329
1838,240.58499999999998,10.183294813829155,2541.8321817967835,185.4445613280718,1937.044365808467,2544.370761764022,98.09830054629728,83.12082435886593,610.0141167259236,5.689468485549126,1265,-3.0000263963515073,-5.343619061842565
1839,240.59499999999997,10.183706924514992,2541.832006077777,185.43639938389904,1937.0491110906835,2544.370644506495,98.09825362208042,83.11766479446088,609.9406830723143,5.689699082213231,1265,-3.0000264105720325,-5.343071144673848
1840,240.605,10.18411898686829,2541.8318303546243,185.42824040238312,1937.053856200275,2544.3705272479942,98.09820669776236,83.11450587265072,609.8672522113127,5.6899296701083335,1265,-3.0000264247923343,-5.3425232798270095
1841,240.61499999999998,10.184531000901828,2541.8316546273277,185.4200843821207,1937.0586011372773,2544.370409988521,98.09815977334311,83.1113475932098,609.7938241423501,5.690160249236219,1265,-3.000026439012413,-5.341975467290835
1842,240.625,10.184942966628382,2541.83147889589,185.41193132187033,1937.0633459017263,2544.370292728075,98.09811284882264,83.10818995591254,609.7203988648589,5.69039081959867,1265,-3.000026453232268,-5.34142770705414
1843,240.635,10.18535488406073,2541.8313031603134,185.4037812204095,1937.0680904936585,2544.370175466657,98.09806592420098,83.10503296053349,609.6469763782708,5.69062138119747,1265,-3.000026467451899,-5.340879999105713
1844,240.64499999999998,10.18576675321164,2541.831127420599,185.3956340764082,1937.0728349131098,2544.370058204267,98.09801899947811,83.10187660684727,609.5735566820183,5.690851934034401,1265,-3.0000264816713065,-5.340332343434373
1845,240.65499999999997,10.186178574093873,2541.8309516767463,185.38748988859507,1937.0775791601152,2544.369940940903,98.09797207465407,83.0987208946286,609.5001397755337,5.691082478111245,1265,-3.0000264958904905,-5.339784740028941
1846,240.665,10.186590346720198,2541.830775928761,185.3793486557248,1937.082323234711,2544.3698236765676,98.09792514972881,83.09556582365232,609.42672565825,5.691313013429782,1265,-3.0000265101094508,-5.3392371888782035
1847,240.67499999999998,10.18700207110337,2541.830600176644,185.3712103764704,1937.0870671369328,2544.3697064112616,98.0978782247024,83.09241139369334,609.3533143295999,5.691543539991793,1265,-3.0000265243281876,-5.338689689970977
1848,240.68499999999997,10.187413747256143,2541.8304244203964,185.36307504953055,1937.0918108668159,2544.369589144983,98.09783129957478,83.0892576045267,609.2799057890167,5.691774057799058,1265,-3.0000265385467,-5.338142243296083
1849,240.695,10.187825375191274,2541.8302486600187,185.35494267374585,1937.096554424397,2544.3694718777315,98.097784374346,83.08610445592745,609.2065000359335,5.692004566853354,1265,-3.0000265527649894,-5.337594848842329
1850,240.70499999999998,10.188236954921516,2541.8300728955146,185.34681324778532,1937.101297809712,2544.369354609509,98.09773744901604,83.08295194767088,609.1330970697837,5.692235067156464,1265,-3.000026566983055,-5.337047506598533
1851,240.71499999999997,10.188648486459606,2541.8298971268873,185.33868677033425,1937.1060410227954,2544.3692373403164,98.09769052358492,83.07980007953225,609.0596968900013,5.692465558710161,1265,-3.000026581200896,-5.336500216553498
1852,240.725,10.189059969818286,2541.8297213541364,185.33056324015098,1937.1107840636828,2544.369120070152,98.09764359805261,83.07664885128698,608.9862994960199,5.692696041516225,1265,-3.0000265954185137,-5.335952978696054
1853,240.73499999999999,10.189471405010304,2541.8295455772645,185.32244265603512,1937.1155269324108,2544.3690027990165,98.09759667241916,83.07349826271054,608.9129048872738,5.692926515576432,1265,-3.0000266096359076,-5.3354057930150125
1854,240.74499999999998,10.189882792048394,2541.8293697962727,185.31432501655917,1937.120269629015,2544.36888552691,98.09754974668454,83.07034831357858,608.8395130631973,5.6931569808925575,1265,-3.0000266238530777,-5.334858659499197
1855,240.755,10.190294130945286,2541.829194011164,185.3062103206138,1937.125012153531,2544.368768253832,98.09750282084877,83.06719900366673,608.7661240232247,5.693387437466377,1265,-3.000026638070024,-5.334311578137417
1856,240.765,10.190705421713712,2541.8290182219416,185.29809856681226,1937.129754505994,2544.368650979786,98.09745589491186,83.06405033275082,608.692737766791,5.693617885299666,1265,-3.0000266522867465,-5.333764548918497
1857,240.77499999999998,10.1911166643664,2541.828842428604,185.28998975398534,1937.1344966864401,2544.3685337047673,98.0974089688738,83.06090230060671,608.6193542933308,5.693848324394198,1265,-3.0000266665032447,-5.333217571831265
1858,240.785,10.191527858916071,2541.8286666311537,185.2818838807208,1937.139238694905,2544.368416428778,98.09736204273459,83.0577549070104,608.5459736022793,5.694078754751747,1265,-3.00002668071952,-5.332670646864542
1859,240.795,10.191939005375444,2541.828490829594,185.2737809458878,1937.1439805314235,2544.368299151819,98.09731511649423,83.05460815173794,608.4725956930718,5.694309176374084,1265,-3.000026694935571,-5.332123774007158
1860,240.80499999999998,10.19235010375724,2541.828315023928,185.26568094823926,1937.1487221960322,2544.368181873891,98.09726819015273,83.05146203456552,608.3992205651438,5.694539589262983,1265,-3.000026709151398,-5.33157695324792
1861,240.815,10.192761154074171,2541.828139214153,185.25758388634836,1937.1534636887664,2544.3680645949908,98.09722126371011,83.04831655526941,608.3258482179308,5.694769993420216,1265,-3.0000267233670006,-5.331030184575683
1862,240.825,10.193172156338944,2541.827963400276,185.2494897590955,1937.1582050096613,2544.367947315123,98.09717433716636,83.04517171362595,608.2524786508689,5.6950003888475536,1265,-3.00002673758238,-5.330483467979241
1863,240.83499999999998,10.193583110564273,2541.827787582296,185.2413985651173,1937.1629461587531,2544.3678300342845,98.0971274105215,83.04202750941162,608.179111863394,5.695230775546765,1265,-3.0000267517975345,-5.329936803447441
1864,240.84499999999997,10.193994016762849,2541.8276117602145,185.23331030326992,1937.1676871360764,2544.3677127524766,98.09708048377549,83.03888394240298,608.1057478549425,5.695461153519621,1265,-3.000026766012466,-5.3293901909691215
1865,240.855,10.194404874947383,2541.8274359340353,185.22522497209712,1937.1724279416676,2544.3675954697,98.09703355692837,83.03574101237668,608.0323866249508,5.69569152276789,1265,-3.0000267802271727,-5.3288436305331
1866,240.86499999999998,10.194815685130566,2541.8272601037597,185.21714257057153,1937.1771685755612,2544.367478185954,98.09698662998014,83.03259871910942,607.9590281728557,5.695921883293342,1265,-3.000026794441656,-5.328297122128213
1867,240.875,10.195226447325107,2541.8270842693883,185.2090630972832,1937.1819090377949,2544.3673609012394,98.0969397029308,83.02945706237809,607.8856724980939,5.696152235097744,1265,-3.000026808655915,-5.3277506657432845
1868,240.885,10.195637161543678,2541.826908430924,185.20098655096592,1937.1866493284017,2544.3672436155557,98.09689277578035,83.02631604195962,607.8123196001026,5.696382578182862,1265,-3.00002682286995,-5.327204261367169
1869,240.89499999999998,10.19604782779897,2541.8267325883685,185.19291293042087,1937.191389447418,2544.367126328903,98.09684584852879,83.02317565763103,607.7389694783188,5.6966129125504645,1265,-3.0000268370837615,-5.326657908988688
1870,240.90499999999997,10.196458446103678,2541.8265567417234,185.1848422343659,1937.19612939488,2544.367009041282,98.09679892117613,83.02003590916947,607.6656221321804,5.696843238202317,1265,-3.0000268512973483,-5.326111608596679
1871,240.915,10.196869016470474,2541.8263808909915,185.17677446151058,1937.2008691708222,2544.3668917526934,98.09675199372236,83.01689679635213,607.5922775611247,5.697073555140185,1265,-3.000026865510711,-5.32556536017999
1872,240.92499999999998,10.197279538912037,2541.8262050361723,185.1687096106727,1937.2056087752806,2544.3667744631352,98.09670506616752,83.01375831895635,607.5189357645896,5.697303863365833,1265,-3.00002687972385,-5.325019163727449
1873,240.93499999999997,10.197690013441044,2541.8260291772704,185.16064768052408,1937.2103482082907,2544.3666571726094,98.0966581385116,83.01062047675954,607.4455967420133,5.697534162881024,1265,-3.0000268939367642,-5.324473019227904
1874,240.945,10.198100440070162,2541.8258533142857,185.15258866975626,1937.2150874698873,2544.366539881116,98.09661121075457,83.00748326953922,607.372260492834,5.697764453687525,1265,-3.0000269081494544,-5.323926926670191
1875,240.95499999999998,10.19851081881206,2541.8256774472216,185.14453257722118,1937.2198265601057,2544.3664225886546,98.09656428289645,83.00434669707295,607.2989270164901,5.6979947357870975,1265,-3.000026922361921,-5.323380886043147
1876,240.96499999999997,10.198921149679407,2541.8255015760783,185.13647940168954,1937.2245654789824,2544.3663052952256,98.09651735493726,83.00121075913849,607.2255963124203,5.698225009181502,1265,-3.000026936574163,-5.32283489733563
1877,240.975,10.199331432684861,2541.825325700859,185.12842914175422,1937.229304226552,2544.366188000829,98.09647042687702,82.9980754555136,607.1522683800632,5.698455273872501,1265,-3.000026950786181,-5.322288960536472
1878,240.98499999999999,10.19974166784108,2541.8251498215654,185.120381796335,1937.2340428028497,2544.3660707054655,98.09642349871568,82.99494078597615,607.0789432188582,5.698685529861857,1265,-3.0000269649979745,-5.321743075634529
1879,240.99499999999998,10.200151855160726,2541.8249739381986,185.1123373639857,1937.2387812079123,2544.365953409134,98.09637657045329,82.99180675030419,607.0056208282442,5.6989157771513295,1265,-3.0000269792095446,-5.32119724261864
1880,241.005,10.200561994656441,2541.8247980507604,185.1042958436598,1937.2435194417737,2544.3658361118355,98.09632964208984,82.98867334827573,606.9323012076608,5.699146015742678,1265,-3.0000269934208896,-5.320651461477658
1881,241.015,10.20097208634087,2541.8246221592544,185.0962572339397,1937.2482575044683,2544.3657188135717,98.09628271362533,82.98554057966899,606.8589843565477,5.699376245637663,1265,-3.000027007632011,-5.3201057322004335
1882,241.02499999999998,10.201382130226676,2541.8244462636794,185.088221533645,1937.2529953960343,2544.3656015143392,98.09623578505976,82.9824084442622,606.7856702743444,5.699606466838041,1265,-3.0000270218429077,-5.319560054775818
1883,241.035,10.201792126326488,2541.8242703640394,185.08018874149764,1937.257733116505,2544.3654842141405,98.09618885639313,82.97927694183377,606.7123589604913,5.699836679345572,1265,-3.0000270360535803,-5.31901442919265
1884,241.045,10.202202074652947,2541.8240944603353,185.07215885625874,1937.2624706659162,2544.365366912976,98.09614192762545,82.97614607216212,606.6390504144284,5.7000668831620125,1265,-3.000027050264028,-5.318468855439804
1885,241.05499999999998,10.202611975218684,2541.8239185525704,185.0641318766789,1937.267208044302,2544.3652496108443,98.09609499875674,82.97301583502582,606.5657446355962,5.700297078289119,1265,-3.0000270644742515,-5.317923333506116
1886,241.065,10.203021828036343,2541.8237426407445,185.05610780152696,1937.2719452517001,2544.3651323077465,98.09604806978697,82.9698862302035,606.4924416234352,5.700527264728648,1265,-3.000027078684251,-5.317377863380447
1887,241.075,10.203431633118544,2541.8235667248605,185.04808662953826,1937.276682288144,2544.3650150036824,98.09600114071615,82.96675725747394,606.4191413773863,5.700757442482356,1265,-3.0000270928940265,-5.31683244505166
1888,241.08499999999998,10.203841390477912,2541.8233908049215,185.0400683594722,1937.281419153669,2544.364897698654,98.09595421154432,82.96362891661595,606.3458438968903,5.700987611551996,1265,-3.0000271071035773,-5.316287078508594
1889,241.09499999999997,10.204251100127077,2541.8232148809257,185.03205299008343,1937.2861558483116,2544.364780392658,98.09590728227147,82.96050120740846,606.2725491813886,5.701217771939325,1265,-3.0000271213129035,-5.315741763740133
1890,241.105,10.204660762078651,2541.8230389528794,185.02404052009484,1937.2908923721054,2544.364663085698,98.09586035289757,82.95737412963051,606.1992572303226,5.701447923646094,1265,-3.0000271355220054,-5.3151965007351185
1891,241.11499999999998,10.205070376345258,2541.8228630207805,185.01603094826802,1937.2956287250872,2544.364545777771,98.09581342342267,82.95424768306121,606.1259680431338,5.701678066674058,1265,-3.0000271497308835,-5.314651289482419
1892,241.125,10.205479942939505,2541.8226870846333,185.0080242733115,1937.3003649072912,2544.3644284688794,98.09576649384672,82.95112186747977,606.0526816192639,5.701908201024968,1265,-3.0000271639395364,-5.314106129970887
1893,241.135,10.205889461874,2541.8225111444385,185.0000204941363,1937.3051009187523,2544.3643111590222,98.0957195641698,82.9479966826655,605.9793979581551,5.702138326700577,1265,-3.000027178147965,-5.313561022189404
1894,241.14499999999998,10.206298933161353,2541.8223352001987,184.99201960937265,1937.3098367595062,2544.3641938482006,98.09567263439183,82.94487212839782,605.9061170592494,5.702368443702637,1265,-3.00002719235617,-5.313015966126809
1895,241.15499999999997,10.206708356814168,2541.8221592519158,184.98402161777156,1937.3145724295885,2544.364076536414,98.09562570451284,82.94174820445622,605.832838921989,5.702598552032897,1265,-3.0000272065641496,-5.3124709617719965
1896,241.165,10.207117732845045,2541.82198329959,184.9760265181547,1937.3193079290336,2544.3639592236623,98.09557877453288,82.93862491062026,605.7595635458168,5.702828651693107,1265,-3.0000272207719054,-5.3119260091138045
1897,241.17499999999998,10.207527061266576,2541.8218073432245,184.96803430923933,1937.3240432578764,2544.363841909946,98.0955318444519,82.93550224666967,605.6862909301753,5.703058742685017,1265,-3.0000272349794366,-5.311381108141123
1898,241.18499999999997,10.207936342091363,2541.821631382822,184.9600449898069,1937.3287784161537,2544.363724595267,98.09548491426992,82.93238021238422,605.6130210745076,5.703288825010376,1265,-3.0000272491867426,-5.310836258842807
1899,241.195,10.208345575331988,2541.821455418382,184.95205855852842,1937.3335134038987,2544.3636072796216,98.09543798398693,82.92925880754376,605.5397539782568,5.703518898670931,1265,-3.000027263393825,-5.310291461207738
1900,241.20499999999998,10.20875476100104,2541.821279449908,184.944075014312,1937.338248221147,2544.3634899630133,98.09539105360297,82.92613803192828,605.4664896408663,5.703748963668432,1265,-3.0000272776006827,-5.30974671522477
1901,241.21499999999997,10.20916389911111,2541.8211034774004,184.93609435582425,1937.3429828679343,2544.3633726454404,98.09534412311802,82.92301788531782,605.3932280617794,5.703979020004624,1265,-3.0000272918073154,-5.309202020882795
1902,241.225,10.20957298967477,2541.820927500862,184.92811658181859,1937.3477173442957,2544.3632553269035,98.09529719253209,82.91989836749255,605.3199692404401,5.704209067681254,1265,-3.000027306013724,-5.308657378170675
1903,241.23499999999999,10.2099820327046,2541.8207515202953,184.9201416911348,1937.3524516502655,2544.363138007403,98.09525026184518,82.91677947823271,605.2467131762921,5.704439106700068,1265,-3.000027320219907,-5.308112787077293
1904,241.24499999999998,10.210391028213175,2541.8205755357017,184.91216968241324,1937.357185785879,2544.3630206869393,98.0952033310573,82.91366121731868,605.1734598687798,5.70466913706281,1265,-3.0000273344258663,-5.307568247591507
1905,241.255,10.210799976213067,2541.8203995470817,184.90420055452995,1937.3619197511716,2544.362903365512,98.09515640016845,82.91054358453083,605.1002093173472,5.7048991587712266,1265,-3.000027348631601,-5.3070237597022185
1906,241.265,10.211208876716844,2541.8202235544386,184.89623430617135,1937.3666535461782,2544.362786043122,98.09510946917862,82.90742657964972,605.0269615214388,5.70512917182706,1265,-3.0000273628371117,-5.3064793233982845
1907,241.27499999999998,10.21161772973707,2541.820047557774,184.8882709361152,1937.3713871709335,2544.3626687197684,98.09506253808782,82.904310202456,604.9537164804996,5.7053591762320535,1265,-3.0000273770423975,-5.305934938668596
1908,241.285,10.212026535286308,2541.819871557089,184.88031044322213,1937.3761206254737,2544.3625513954516,98.09501560689607,82.90119445273035,604.8804741939742,5.705589171987951,1265,-3.000027391247458,-5.305390605502027
1909,241.295,10.212435293377109,2541.819695552386,184.87235282612824,1937.3808539098318,2544.362434070173,98.09496867560334,82.89807933025361,604.8072346613079,5.705819159096494,1265,-3.000027405452294,-5.304846323887465
1910,241.30499999999998,10.212844004022033,2541.8195195436656,184.86439808362564,1937.3855870240438,2544.362316743931,98.09492174420967,82.89496483480666,604.7339978819458,5.7060491375594244,1265,-3.0000274196569063,-5.304302093813797
1911,241.315,10.21325266723363,2541.8193435309304,184.85644621454384,1937.390319968145,2544.362199416726,98.09487481271505,82.8918509661705,604.6607638553336,5.706279107378482,1265,-3.0000274338612933,-5.303757915269889
1912,241.325,10.213661283024459,2541.8191675141848,184.84849721756,1937.3950527421705,2544.3620820885603,98.09482788111947,82.88873772412623,604.5875325809167,5.706509068555408,1265,-3.0000274480654556,-5.303213788244641
1913,241.33499999999998,10.214069851407046,2541.818991493426,184.84055109151234,1937.3997853461535,2544.3619647594314,98.09478094942297,82.88562510845503,604.5143040581412,5.706739021091941,1265,-3.0000274622693928,-5.302669712726934
1914,241.34499999999997,10.214478372393952,2541.8188154686577,184.83260783520032,1937.4045177801315,2544.3618474293394,98.09473401762551,82.88251311893819,604.4410782864529,5.706968964989821,1265,-3.0000274764731056,-5.302125688705658
1915,241.355,10.214886845997704,2541.818639439882,184.82466744732935,1937.409250044138,2544.361730098286,98.09468708572713,82.87940175535705,604.3678552652982,5.707198900250787,1265,-3.000027490676594,-5.301581716169704
1916,241.36499999999998,10.215295272230836,2541.8184634071013,184.8167299266758,1937.4139821382064,2544.361612766271,98.09464015372782,82.8762910174931,604.2946349941236,5.707428826876575,1265,-3.0000275048798573,-5.301037795107962
1917,241.375,10.215703651105892,2541.8182873703167,184.80879527198556,1937.418714062375,2544.3614954332943,98.09459322162756,82.8731809051279,604.2214174723756,5.707658744868924,1265,-3.000027519082896,-5.300493925509303
1918,241.385,10.216111982635393,2541.8181113295304,184.80086348211879,1937.4234458166761,2544.3613780993564,98.0945462894264,82.87007141804305,604.1482026995012,5.707888654229571,1265,-3.00002753328571,-5.299950107362646
1919,241.39499999999998,10.216520266831871,2541.8179352847424,184.79293455575637,1937.428177401146,2544.361260764456,98.09449935712429,82.86696255602037,604.0749906749472,5.708118554960249,1265,-3.0000275474882994,-5.299406340656873
1920,241.40499999999997,10.216928503707845,2541.817759235956,184.78500849166466,1937.432908815819,2544.361143428595,98.0944524247213,82.86385431884165,604.001781398161,5.708348447062697,1265,-3.000027561690664,-5.29886262538087
1921,241.415,10.217336693275824,2541.8175831831745,184.77708528871668,1937.4376400607287,2544.361026091773,98.09440549221735,82.8607467062888,603.9285748685899,5.708578330538648,1265,-3.0000275758928034,-5.298318961523547
1922,241.42499999999998,10.217744835548348,2541.8174071263975,184.76916494566325,1937.4423711359127,2544.3609087539908,98.0943585596125,82.85763971814389,603.8553710856816,5.708808205389836,1265,-3.0000275900947186,-5.297775349073792
1923,241.43499999999997,10.218152930537913,2541.8172310656264,184.76124746115647,1937.4471020414037,2544.3607914152467,98.09431162690676,82.854533354189,603.7821700488837,5.7090380716179965,1265,-3.0000276042964087,-5.297231788020508
1924,241.445,10.218560978257026,2541.817055000864,184.75333283409972,1937.451832777236,2544.3606740755417,98.0942646941001,82.85142761420634,603.7089717576443,5.70926792922486,1265,-3.0000276184978745,-5.296688278352584
1925,241.45499999999998,10.218968978718209,2541.816878932113,184.7454210632216,1937.4565633434463,2544.360556734877,98.09421776119255,82.84832249797823,603.6357762114118,5.709497778212159,1265,-3.000027632699115,-5.296144820058937
1926,241.46499999999997,10.219376931933954,2541.816702859374,184.73751214730476,1937.4612937400684,2544.360439393252,98.0941708281841,82.84521800528704,603.5625834096342,5.709727618581628,1265,-3.0000276469001306,-5.295601413128443
1927,241.475,10.219784837916768,2541.8165267826475,184.72960608513878,1937.4660239671373,2544.3603220506657,98.09412389507477,82.84211413591527,603.4893933517603,5.709957450334995,1265,-3.000027661100921,-5.295058057550034
1928,241.48499999999999,10.220192696679144,2541.816350701939,184.7217028755177,1937.4707540246877,2544.3602047071213,98.09407696186454,82.83901088964548,603.4162060372387,5.710187273473993,1265,-3.0000276753014874,-5.294514753312591
1929,241.49499999999998,10.220600508233577,2541.8161746172464,184.71380251707708,1937.4754839127538,2544.3600873626146,98.09403002855343,82.83590826626036,603.3430214655185,5.710417088000351,1265,-3.0000276895018283,-5.293971500405032
1930,241.505,10.221008272592561,2541.8159985285733,184.70590500883213,1937.4802136313715,2544.35997001715,98.09398309514144,82.83280626554264,603.2698396360488,5.710646893915797,1265,-3.0000277037019445,-5.2934282988162575
1931,241.515,10.221415989768582,2541.815822435922,184.69801034936913,1937.4849431805746,2544.359852670725,98.09393616162856,82.82970488727523,603.1966605482788,5.7108766912220625,1265,-3.0000277179018355,-5.292885148535163
1932,241.52499999999998,10.221823659774124,2541.815646339293,184.69011853754836,1937.4896725603985,2544.3597353233404,98.09388922801482,82.82660413124103,603.1234842016582,5.711106479920874,1265,-3.000027732101502,-5.292342049550678
1933,241.535,10.22223128262167,2541.8154702386896,184.68222957210716,1937.4944017708776,2544.3596179749975,98.09384229430019,82.82350399722309,603.0503105956366,5.711336260013958,1265,-3.0000277463009435,-5.2917990018516985
1934,241.545,10.222638858323695,2541.815294134112,184.6743434519377,1937.4991308120461,2544.359500625694,98.09379536048469,82.82040448500454,602.977139729664,5.711566031503044,1265,-3.0000277605001604,-5.291256005427137
1935,241.55499999999998,10.223046386892667,2541.8151180255622,184.66646017571554,1937.5038596839381,2544.3593832754323,98.09374842656834,82.81730559436862,602.9039716031905,5.711795794389857,1265,-3.0000277746991517,-5.290713060265912
1936,241.565,10.223453868341071,2541.8149419130427,184.6585797422333,1937.50858838659,2544.3592659242117,98.0937014925511,82.81420732509864,602.8308062156664,5.712025548676124,1265,-3.0000277888979183,-5.290170166356927
1937,241.575,10.223861302681376,2541.8147657965546,184.6507021503167,1937.5133169200365,2544.3591485720317,98.09365455843303,82.81110967697799,602.7576435665419,5.712255294363568,1265,-3.00002780309646,-5.289627323689099
1938,241.58499999999998,10.224268689926037,2541.8145896761007,184.64282739868094,1937.5180452843103,2544.3590312188935,98.0936076242141,82.8080126497902,602.6844836552681,5.712485031453914,1265,-3.000027817294777,-5.289084532251346
1939,241.59499999999997,10.224676030087517,2541.814413551681,184.63495548622862,1937.5227734794469,2544.3589138647962,98.09356068989433,82.80491624331884,602.6113264812956,5.712714759948888,1265,-3.000027831492869,-5.288541792032589
1940,241.605,10.225083323178284,2541.8142374232993,184.62708641163604,1937.5275015054817,2544.3587965097418,98.09351375547371,82.8018204573476,602.5381720440755,5.7129444798502105,1265,-3.000027845690736,-5.28799910302173
1941,241.61499999999998,10.225490569210791,2541.8140612909565,184.61922017371037,1937.5322293624492,2544.358679153728,98.09346682095223,82.79872529166026,602.4650203430592,5.713174191159607,1265,-3.0000278598883776,-5.287456465207697
1942,241.625,10.225897768197482,2541.8138851546537,184.61135677128678,1937.5369570503826,2544.3585617967574,98.09341988632994,82.79563074604069,602.391871377698,5.713403893878797,1265,-3.0000278740857946,-5.286913878579415
1943,241.635,10.226304920150824,2541.8137090143937,184.60349620306616,1937.541684569319,2544.3584444388284,98.0933729516068,82.79253682027284,602.3187251474435,5.713633588009504,1265,-3.000027888282986,-5.286371343125792
1944,241.64499999999998,10.22671202508324,2541.8135328701765,184.59563846795737,1937.5464119192895,2544.3583270799404,98.09332601678281,82.78944351414077,602.2455816517476,5.713863273553448,1265,-3.0000279024799528,-5.285828858835771
1945,241.65499999999997,10.22711908300719,2541.8133567220066,184.5877835645895,1937.5511391003315,2544.3582097200965,98.09327908185801,82.78635082742863,602.1724408900623,5.7140929505123506,1265,-3.0000279166766948,-5.285286425698253
1946,241.665,10.227526093935104,2541.8131805698836,184.57993149194846,1937.5558661124778,2544.3580923592945,98.09323214683239,82.78325875992063,602.0993028618398,5.7143226188879295,1265,-3.0000279308732116,-5.284744043702167
1947,241.67499999999998,10.227933057879431,2541.81300441381,184.57208224863675,1937.5605929557642,2544.3579749975347,98.09318521170596,82.78016731140113,602.0261675665324,5.714552278681905,1265,-3.0000279450695033,-5.284201712836443
1948,241.68499999999997,10.228339974852595,2541.8128282537878,184.56423583362835,1937.565319630225,2544.3578576348186,98.0931382764787,82.77707648165452,601.953035003593,5.714781929895997,1265,-3.0000279592655703,-5.2836594330900155
1949,241.695,10.228746844867032,2541.8126520898186,184.55639224552874,1937.570046135895,2544.3577402711453,98.09309134115061,82.77398627046534,601.879905172474,5.715011572531921,1265,-3.0000279734614117,-5.283117204451805
1950,241.70499999999998,10.229153667935156,2541.8124759219036,184.54855148321687,1937.5747724728062,2544.3576229065147,98.09304440572174,82.77089667761815,601.8067780726285,5.715241206591395,1265,-3.000027987657028,-5.282575026910738
1951,241.71499999999997,10.229560444069412,2541.812299750046,184.54071354550382,1937.579498640997,2544.357505540928,98.09299747019203,82.76780770289767,601.7336537035098,5.715470832076138,1265,-3.0000280018524195,-5.282032900455737
1952,241.725,10.229967173282203,2541.8121235742447,184.5328784311595,1937.5842246404982,2544.3573881743832,98.09295053456154,82.7647193460887,601.660532064571,5.715700448987863,1265,-3.0000280160475854,-5.281490825075757
1953,241.73499999999999,10.230373855585958,2541.8119473945044,184.52504613898088,1937.588950471347,2544.357270806883,98.09290359883025,82.76163160697608,601.587413155266,5.715930057328287,1265,-3.000028030242526,-5.2809488007597105
1954,241.74499999999998,10.230780490993082,2541.811771210825,184.5172166677937,1937.593676133576,2544.3571534384264,98.09285666299814,82.7585444853448,601.5142969750481,5.716159657099125,1265,-3.0000280444372422,-5.280406827496538
1955,241.755,10.231187079515998,2541.81159502321,184.5093900163018,1937.5984016272216,2544.3570360690137,98.09280972706527,82.75545798097993,601.4411835233715,5.71638924830209,1265,-3.0000280586317336,-5.27986490527518
1956,241.765,10.2315936211671,2541.8114188316586,184.50156618335635,1937.6031269523157,2544.3569186986438,98.0927627910316,82.75237209366658,601.3680727996903,5.716618830938899,1265,-3.0000280728259994,-5.279323034084568
1957,241.77499999999998,10.232000115958805,2541.8112426361754,184.49374516778994,1937.6078521088948,2544.3568013273193,98.09271585489716,82.74928682319002,601.2949648034586,5.716848405011262,1265,-3.0000280870200404,-5.27878121391363
1958,241.785,10.232406563903504,2541.8110664367605,184.48592696837747,1937.612577096992,2544.3566839550394,98.09266891866194,82.74620216933556,601.221859534131,5.717077970520894,1265,-3.000028101213856,-5.278239444751316
1959,241.795,10.232812965013608,2541.810890233415,184.4781115839085,1937.6173019166424,2544.356566581803,98.09262198232594,82.74311813188866,601.1487569911624,5.717307527469504,1265,-3.0000281154074457,-5.277697726586568
1960,241.80499999999998,10.233219319301508,2541.8107140261436,184.4702990131053,1937.622026567881,2544.3564492076116,98.09257504588916,82.7400347106348,601.0756571740073,5.717537075858806,1265,-3.0000281296008113,-5.277156059408313
1961,241.815,10.233625626779592,2541.8105378149444,184.46248925486472,1937.6267510507407,2544.356331832464,98.0925281093516,82.7369519053596,601.002560082121,5.717766615690509,1265,-3.0000281437939513,-5.27661444320551
1962,241.825,10.234031887460253,2541.810361599822,184.45468230804244,1937.6314753652564,2544.3562144563625,98.09248117271328,82.73386971584875,600.9294657149588,5.717996146966326,1265,-3.0000281579868666,-5.276072877967084
1963,241.83499999999998,10.234438101355874,2541.8101853807757,184.4468781712263,1937.6361995114628,2544.356097079305,98.0924342359742,82.73078814188806,600.856374071976,5.718225669687963,1265,-3.000028172179556,-5.275531363681996
1964,241.84499999999997,10.234844268478842,2541.810009157809,184.43907684341949,1937.6409234893943,2544.3559797012936,98.09238729913434,82.72770718326336,600.7832851526282,5.718455183857132,1265,-3.00002818637202,-5.274989900339184
1965,241.855,10.235250388841534,2541.8098329309223,184.43127832337592,1937.6456472990844,2544.3558623223257,98.09234036219375,82.72462683976066,600.7101989563713,5.7186846894755385,1265,-3.0000282005642593,-5.274448487927594
1966,241.86499999999998,10.23565646245632,2541.8096567001194,184.4234826098149,1937.6503709405672,2544.3557449424047,98.0922934251524,82.721547111166,600.6371154826612,5.718914186544893,1265,-3.000028214756273,-5.273907126436165
1967,241.875,10.236062489335591,2541.809480465401,184.41568970158576,1937.6550944138792,2544.3556275615297,98.09224648801029,82.71846799726553,600.5640347309543,5.719143675066903,1265,-3.000028228948062,-5.273365815853868
1968,241.885,10.236468469491697,2541.809304226767,184.40789959754665,1937.6598177190515,2544.3555101796983,98.09219955076746,82.7153894978455,600.4909567007069,5.719373155043272,1265,-3.0000282431396257,-5.27282455616964
1969,241.89499999999998,10.236874402937024,2541.8091279842224,184.40011229644293,1937.6645408561214,2544.355392796915,98.09215261342385,82.71231161269225,600.4178813913754,5.719602626475708,1265,-3.000028257330964,-5.272283347372429
1970,241.90499999999997,10.23728028968392,2541.8089517377666,184.3923277970442,1937.669263825121,2544.3552754131765,98.09210567597954,82.70923434159218,600.3448088024168,5.719832089365917,1265,-3.000028271522077,-5.271742189451194
1971,241.915,10.237686129744754,2541.808775487401,184.3845460982427,1937.6739866260862,2544.355158028484,98.09205873843447,82.70615768433181,600.2717389332879,5.720061543715603,1265,-3.0000282857129648,-5.271201082394892
1972,241.92499999999998,10.238091923131881,2541.808599233129,184.37676719879286,1937.6787092590494,2544.3550406428376,98.09201180078867,82.70308164069775,600.198671783446,5.72029098952647,1265,-3.000028299903627,-5.2706600261924645
1973,241.93499999999997,10.238497669857654,2541.8084229749516,184.3689910975673,1937.6834317240462,2544.354923256238,98.09196486304215,82.70000621047669,600.1256073523483,5.720520426800221,1265,-3.000028314094065,-5.270119020832879
1974,241.945,10.238903369934425,2541.8082467128697,184.3612177932624,1937.6881540211095,2544.3548058686843,98.0919179251949,82.6969313934554,600.0525456394523,5.720749855538561,1265,-3.000028328284277,-5.26957806630509
1975,241.95499999999998,10.239309023374549,2541.8080704468875,184.35344728469568,1937.6928761502757,2544.3546884801785,98.09187098724693,82.69385718942075,599.9794866442159,5.7209792757431925,1265,-3.0000283424742635,-5.269037162598055
1976,241.96499999999997,10.239714630190361,2541.8078941770045,184.34567957078855,1937.6975981115766,2544.3545710907188,98.09182404919825,82.69078359815974,599.9064303660967,5.721208687415816,1265,-3.000028356664025,-5.268496309700736
1977,241.975,10.240120190394206,2541.8077179032225,184.33791465022887,1937.7023199050473,2544.354453700306,98.09177711104886,82.68771061945941,599.833376804553,5.721438090558133,1265,-3.0000283708535616,-5.267955507602085
1978,241.98499999999999,10.240525703998426,2541.8075416255447,184.33015252194429,1937.7070415307228,2544.35433630894,98.09173017279875,82.68463825310688,599.7603259590429,5.721667485171844,1265,-3.000028385042872,-5.267414756291078
1979,241.99499999999998,10.240931171015353,2541.807365343972,184.3223931845915,1937.7117629886359,2544.354218916623,98.09168323444794,82.68156649888941,599.6872778290251,5.72189687125865,1265,-3.000028399231957,-5.26687405575666
1980,242.005,10.241336591457321,2541.8071890585056,184.31463663717423,1937.716484278822,2544.3541015233523,98.09163629599642,82.67849535659431,599.6142324139581,5.722126248820251,1265,-3.000028413420818,-5.266333405987813
1981,242.015,10.241741965336661,2541.8070127691476,184.30688287832945,1937.7212054013146,2544.353984129129,98.09158935744422,82.675424826009,599.5411897133007,5.722355617858344,1265,-3.0000284276094527,-5.265792806973493
1982,242.02499999999998,10.242147292665695,2541.8068364758997,184.29913190696163,1937.7259263561473,2544.353866733953,98.0915424187913,82.67235490692099,599.468149726512,5.722584978374629,1265,-3.0000284417978627,-5.26525225870267
1983,242.035,10.24255257345675,2541.8066601787623,184.29138372180606,1937.730647143355,2544.3537493378244,98.09149548003772,82.66928559911787,599.3951124530513,5.722814330370803,1265,-3.000028455986046,-5.264711761164315
1984,242.045,10.242957807722139,2541.806483877742,184.2836383217665,1937.735367762971,2544.353631940746,98.09144854118342,82.66621690238732,599.3220778923778,5.723043673848563,1265,-3.000028470174005,-5.264171314347387
1985,242.05499999999998,10.243362995474191,2541.8063075728332,184.27589570560738,1937.740088215031,2544.3535145427136,98.09140160222847,82.66314881651714,599.2490460439512,5.723273008809605,1265,-3.000028484361739,-5.263630918240862
1986,242.065,10.2437681367252,2541.8061312640434,184.26815587217087,1937.7448084995663,2544.35339714373,98.09135466317282,82.66008134129515,599.1760169072313,5.723502335255628,1265,-3.000028498549247,-5.263090572833717
1987,242.075,10.244173231487498,2541.805954951372,184.26041882027823,1937.7495286166136,2544.353279743795,98.09130772401649,82.65701447650933,599.102990481678,5.723731653188324,1265,-3.00002851273653,-5.2625502781149125
1988,242.08499999999998,10.244578279773373,2541.8057786348195,184.2526845486366,1937.754248566205,2544.353162342908,98.09126078475948,82.65394822194773,599.0299667667515,5.723960962609389,1265,-3.000028526923588,-5.26201003407343
1989,242.09499999999997,10.244983281595145,2541.8056023143904,184.24495305623407,1937.7589683483764,2544.35304494107,98.09121384540181,82.65088257739846,598.9569457619123,5.7241902635205175,1265,-3.0000285411104195,-5.261469840698244
1990,242.105,10.245388236965109,2541.8054259900855,184.23722434179734,1937.7636879631602,2544.3529275382807,98.09116690594347,82.64781754264976,598.8839274666205,5.724419555923403,1265,-3.0000285552970265,-5.260929697978325
1991,242.11499999999998,10.24579314589556,2541.8052496619066,184.22949840404414,1937.7684074105912,2544.3528101345414,98.09111996638445,82.64475311748994,598.8109118803372,5.7246488398197375,1265,-3.000028569483408,-5.2603896059026525
1992,242.125,10.246198008398794,2541.8050733298533,184.2217752419834,1937.7731266907033,2544.3526927298503,98.0910730267248,82.6416893017074,598.7378990025231,5.724878115211214,1265,-3.0000285836695637,-5.259849564460217
1993,242.135,10.24660282448711,2541.8048969939305,184.2140548542853,1937.7778458035316,2544.3525753242084,98.09102608696449,82.63862609509064,598.6648888326395,5.725107382099526,1265,-3.0000285978554944,-5.259309573639978
1994,242.14499999999998,10.247007594172779,2541.804720654137,184.20633723992503,1937.7825647491068,2544.3524579176155,98.09097914710351,82.63556349742824,598.5918813701475,5.725336640486364,1265,-3.0000286120412,-5.25876963343093
1995,242.15499999999997,10.247412317468108,2541.804544310475,184.19862239756353,1937.7872835274666,2544.352340510072,98.0909322071419,82.63250150850885,598.5188766145085,5.725565890373417,1265,-3.0000286262266798,-5.25822974382205
1996,242.165,10.24781699438536,2541.80436796295,184.19091032607352,1937.7920021386428,2544.3522231015795,98.09088526707963,82.62944012812126,598.4458745651843,5.725795131762377,1265,-3.000028640411934,-5.257689904802319
1997,242.17499999999998,10.248221624936821,2541.8041916115585,184.18320102428842,1937.796720582669,2544.3521056921354,98.09083832691672,82.62637935605429,598.3728752216367,5.726024364654933,1265,-3.000028654596963,-5.2571501163607355
1998,242.18499999999997,10.248626209134772,2541.8040152563053,184.1754944910772,1937.8014388595807,2544.351988281742,98.0907913866532,82.62331919209691,598.2998785833277,5.726253589052773,1265,-3.0000286687817668,-5.256610378486265
1999,242.195,10.249030746991476,2541.8038388971922,184.16779072511463,1937.8061569694105,2544.3518708703996,98.09074444628901,82.62025963603813,598.2268846497195,5.726482804957586,1265,-3.0000286829663447,-5.2560706911678965
2000,242.20499999999998,10.249435238519213,2541.803662534218,184.160089725413,1937.8108749121936,2544.3517534581056,98.09069750582421,82.61720068766704,598.1538934202745,5.72671201237106,1265,-3.0000286971506975,-5.255531054394639
2001,242.21499999999997,10.24983968373024,2541.8034861673864,184.15239149071036,1937.8155926879622,2544.3516360448625,98.09065056525878,82.6141423467729,598.0809048944553,5.726941211294882,1265,-3.0000287113348247,-5.254991468155464
2002,242.225,10.250244082636831,2541.803309796699,184.1446960197665,1937.8203102967523,2544.351518630669,98.09060362459273,82.61108461314497,598.0079190717247,5.727170401730739,1265,-3.000028725518727,-5.254451932439363
2003,242.23499999999999,10.250648435251238,2541.8031334221587,184.13700331147,1937.8250277385962,2544.3514012155283,98.09055668382605,82.60802748657262,597.9349359515456,5.727399583680316,1265,-3.000028739702403,-5.253912447235326
2004,242.24499999999998,10.251052741585717,2541.8029570437648,184.1293133646486,1937.8297450135276,2544.3512837994363,98.09050974295876,82.60497096684537,597.8619555333813,5.7276287571452995,1265,-3.000028753885854,-5.253373012532354
2005,242.255,10.251457001652529,2541.8027806615214,184.12162617811308,1937.834462121581,2544.3511663823965,98.09046280199085,82.60191505375275,597.7889778166949,5.727857922127374,1265,-3.0000287680690794,-5.252833628319431
2006,242.265,10.251861215463919,2541.8026042754286,184.11394175072917,1937.8391790627904,2544.3510489644077,98.09041586092235,82.5988597470844,597.71600280095,5.7280870786282225,1265,-3.000028782252079,-5.252294294585555
2007,242.27499999999998,10.252265383032134,2541.8024278854873,184.10626008133272,1937.843895837189,2544.350931545469,98.09036891975322,82.59580504663009,597.6430304856104,5.72831622664953,1265,-3.000028796434854,-5.251755011319734
2008,242.285,10.252669504369418,2541.802251491702,184.09858116860454,1937.8486124448102,2544.3508141255834,98.09032197848349,82.59275095217964,597.57006087014,5.7285453661929795,1265,-3.000028810617403,-5.251215778510944
2009,242.295,10.253073579488023,2541.8020750940723,184.09090501155683,1937.8533288856893,2544.3506967047483,98.09027503711316,82.58969746352294,597.4970939540026,5.728774497260254,1265,-3.0000288247997267,-5.250676596148196
2010,242.30499999999998,10.25347760840018,2541.8018986926004,184.0832316089222,1937.8580451598596,2544.350579282965,98.09022809564225,82.58664458045001,597.4241297366627,5.729003619853034,1265,-3.0000288389818244,-5.250137464220483
2011,242.315,10.253881591118125,2541.8017222872872,184.0755609595137,1937.8627612673545,2544.350461860233,98.09018115407075,82.58359230275099,597.3511682175847,5.729232733973002,1265,-3.000028853163697,-5.249598382716824
2012,242.325,10.254285527654082,2541.8015458781365,184.06789306222277,1937.8674772082065,2544.350344436554,98.09013421239865,82.58054063021598,597.2782093962333,5.7294618396218375,1265,-3.000028867345344,-5.249059351626198
2013,242.33499999999998,10.254689418020297,2541.8013694651463,184.06022791587878,1937.872192982452,2544.3502270119257,98.09008727062597,82.57748956263531,597.2052532720732,5.729690936801223,1265,-3.0000288815267657,-5.248520370937619
2014,242.34499999999997,10.255093262228982,2541.801193048322,184.05256551925862,1937.8769085901233,2544.3501095863503,98.0900403287527,82.57443909979932,597.1322998445694,5.729920025512835,1265,-3.000028895707962,-5.2479814406400935
2015,242.355,10.25549706029236,2541.801016627664,184.04490587122626,1937.881624031253,2544.3499921598277,98.08999338677886,82.57138924149848,597.0593491131872,5.730149105758355,1265,-3.000028909888932,-5.247442560722618
2016,242.36499999999998,10.255900812222661,2541.8008402031733,184.0372489706178,1937.8863393058775,2544.3498747323565,98.08994644470444,82.5683399875233,596.9864010773917,5.7303781775394595,1265,-3.0000289240696776,-5.246903731174211
2017,242.375,10.256304518032092,2541.800663774853,184.0295948162873,1937.8910544140283,2544.3497573039394,98.08989950252945,82.5652913376644,596.9134557366489,5.730607240857829,1265,-3.0000289382501975,-5.246364951983871
2018,242.385,10.256708177732866,2541.800487342703,184.02194340699967,1937.8957693557393,2544.349639874574,98.08985256025392,82.56224329171252,596.8405130904241,5.730836295715138,1265,-3.0000289524304913,-5.245826223140613
2019,242.39499999999998,10.257111791337204,2541.800310906726,184.0142947416788,1937.9004841310455,2544.3495224442618,98.08980561787777,82.55919584945845,596.7675731381835,5.731065342113063,1265,-3.0000289666105595,-5.245287544633448
2020,242.40499999999997,10.257515358857306,2541.8001344669237,184.00664881905917,1937.9051987399798,2544.3494050130025,98.0897586754011,82.55614901069308,596.6946358793932,5.731294380053282,1265,-3.0000289807904026,-5.244748916451381
2021,242.415,10.25791888030537,2541.7999580232963,183.99900563810715,1937.9099131825747,2544.349287580796,98.08971173282389,82.55310277520736,596.6217013135193,5.731523409537471,1265,-3.0000289949700205,-5.244210338583426
2022,242.42499999999998,10.258322355693611,2541.7997815758486,183.9913651975351,1937.914627458866,2544.3491701476432,98.08966479014609,82.55005714279243,596.5487694400287,5.731752430567303,1265,-3.000029009149412,-5.2436718110186
2023,242.43499999999997,10.258725785034214,2541.7996051245796,183.98372749621532,1937.9193415688856,2544.349052713544,98.08961784736776,82.54701211323936,596.4758402583875,5.731981443144454,1265,-3.0000290233285787,-5.243133333745918
2024,242.445,10.259129168339383,2541.7994286694916,183.97609253298714,1937.9240555126685,2544.348935278498,98.08957090448888,82.54396768633944,596.402913768063,5.732210447270596,1265,-3.00002903750752,-5.242594906754396
2025,242.45499999999998,10.259532505621298,2541.7992522105865,183.96846030673836,1937.928769290246,2544.348817842506,98.08952396150946,82.540923861884,596.3299899685219,5.732439442947403,1265,-3.0000290516862353,-5.2420565300330555
2026,242.46499999999997,10.259935796892163,2541.7990757478665,183.96083081623834,1937.9334829016548,2544.3487004055683,98.08947701842952,82.53788063966445,596.2570688592318,5.732668430176548,1265,-3.000029065864725,-5.241518203570905
2027,242.475,10.26033904216415,2541.798899281332,183.95320406042907,1937.9381963469257,2544.348582967684,98.08943007524903,82.53483801947229,596.1841504396598,5.732897408959702,1265,-3.000029080042989,-5.240979927356978
2028,242.48499999999999,10.260742241449451,2541.7987228109855,183.9455800380002,1937.9429096260947,2544.3484655288535,98.089383131968,82.53179600109914,596.1112347092737,5.733126379298537,1265,-3.000029094221028,-5.240441701380281
2029,242.49499999999998,10.261145394760232,2541.7985463368295,183.93795874794466,1937.9476227391926,2544.3483480890786,98.08933618858646,82.52875458433664,596.038321667541,5.7333553411947245,1265,-3.000029108398841,-5.239903525629845
2030,242.505,10.26154850210869,2541.7983698588637,183.93034018894517,1937.9523356862562,2544.348230648357,98.08928924510437,82.5257137689766,595.96541131393,5.733584294649934,1265,-3.000029122576429,-5.239365400094685
2031,242.515,10.26195156350698,2541.7981933770902,183.92272435991535,1937.9570484673163,2544.34811320669,98.08924230152178,82.52267355481085,595.8925036479086,5.733813239665837,1265,-3.0000291367537915,-5.238827324763842
2032,242.52499999999998,10.26235457896728,2541.798016891513,183.91511125979747,1937.9617610824077,2544.347995764079,98.08919535783866,82.51963394163134,595.8195986689452,5.7340421762441,1265,-3.000029150930928,-5.238289299626324
2033,242.535,10.262757548501758,2541.797840402131,183.90750088735243,1937.9664735315641,2544.347878320522,98.08914841405503,82.51659492923012,595.7466963765083,5.7342711043863925,1265,-3.0000291651078386,-5.2377513246711676
2034,242.545,10.263160472122568,2541.797663908946,183.89989324132566,1937.9711858148178,2544.3477608760195,98.08910147017089,82.5135565173993,595.6737967700667,5.734500024094383,1265,-3.000029179284524,-5.237213399887405
2035,242.55499999999998,10.263563349841883,2541.797487411961,183.8922883207514,1937.9758979322037,2544.347643430572,98.08905452618626,82.51051870593108,595.600899849089,5.734728935369739,1265,-3.000029193460984,-5.236675525264051
2036,242.565,10.263966181671853,2541.7973109111767,183.8846861243335,1937.9806098837541,2544.34752598418,98.0890075821011,82.50748149461775,595.5280056130447,5.734957838214127,1265,-3.000029207637218,-5.236137700790151
2037,242.575,10.264368967624637,2541.797134406596,183.87708665094098,1937.985321669504,2544.347408536844,98.08896063791546,82.50444488325172,595.4551140614027,5.735186732629213,1265,-3.0000292218132274,-5.235599926454727
2038,242.58499999999998,10.264771707712379,2541.79695789822,183.86948989952663,1937.9900332894842,2544.3472910885635,98.08891369362932,82.50140887162546,595.3822251936326,5.7354156186166625,1265,-3.00002923598901,-5.235062202246818
2039,242.59499999999997,10.265174401947238,2541.7967813860487,183.86189586874204,1937.9947447437314,2544.3471736393376,98.08886674924268,82.49837345953149,595.3093390092039,5.735644496178142,1265,-3.000029250164568,-5.234524528155456
2040,242.605,10.265577050341347,2541.7966048700864,183.8543045575517,1937.9994560322766,2544.347056189169,98.08881980475556,82.49533864676249,595.2364555075865,5.735873365315315,1265,-3.0000292643399002,-5.233986904169673
2041,242.61499999999998,10.26597965290686,2541.7964283503325,183.8467159648352,1938.0041671551542,2544.346938738055,98.08877286016795,82.49230443311117,595.1635746882503,5.736102226029844,1265,-3.0000292785150067,-5.233449330278505
2042,242.625,10.26638220965591,2541.7962518267905,183.83913008941056,1938.0088781123975,2544.3468212859984,98.08872591547986,82.48927081837037,595.0906965506655,5.736331078323396,1265,-3.000029292689888,-5.232911806470993
2043,242.635,10.266784720600628,2541.7960752994604,183.83154693011457,1938.013588904039,2544.3467038329973,98.08867897069129,82.486237802333,595.0178210943023,5.73655992219763,1265,-3.000029306864543,-5.232374332736185
2044,242.64499999999998,10.267187185753158,2541.7958987683464,183.82396648576284,1938.0182995301145,2544.346586379054,98.08863202580226,82.48320538479202,594.9449483186316,5.73678875765421,1265,-3.000029321038973,-5.2318369090631025
2045,242.65499999999997,10.26758960512562,2541.795722233447,183.8163887552692,1938.0230099906544,2544.346468924166,98.08858508081273,82.48017356554053,594.8720782231238,5.737017584694798,1265,-3.0000293352131773,-5.231299535440797
2046,242.665,10.26799197873015,2541.7955456947657,183.80881373746374,1938.0277202856944,2544.3463514683344,98.08853813572276,82.4771423443717,594.7992108072499,5.737246403321055,1265,-3.0000293493871557,-5.230762211858313
2047,242.67499999999998,10.26839430657886,2541.795369152302,183.80124143118763,1938.0324304152662,2544.3462340115598,98.0884911905323,82.4741117210788,594.726346070481,5.73747521353464,1265,-3.000029363560909,-5.230224938304699
2048,242.68499999999997,10.26879658868388,2541.7951926060614,183.79367183534183,1938.037140379404,2544.3461165538424,98.0884442452414,82.47108169545514,594.6534840122882,5.737704015337214,1265,-3.0000293777344362,-5.229687714768976
2049,242.695,10.269198825057325,2541.7950160560417,183.78610494862107,1938.0418501781412,2544.345999095181,98.08839729985004,82.46805226729418,594.5806246321432,5.737932808730437,1265,-3.0000293919077383,-5.229150541240219
2050,242.70499999999998,10.269601015711302,2541.794839502247,183.77854077005617,1938.0465598115104,2544.3458816355787,98.08835035435821,82.46502343638942,594.5077679295176,5.738161593715968,1265,-3.000029406080814,-5.228613417707456
2051,242.71499999999997,10.270003160657938,2541.794662944678,183.77097929843404,1938.0512692795462,2544.3457641750324,98.08830340876594,82.46199520253445,594.4349139038831,5.7383903702954635,1265,-3.0000294202536644,-5.228076344159746
2052,242.725,10.270405259909321,2541.7944863833372,183.763420532638,1938.05597858228,2544.3456467135447,98.08825646307324,82.458967565523,594.3620625547115,5.738619138470582,1265,-3.00002943442629,-5.2275393205861285
2053,242.73499999999999,10.270807313477574,2541.794309818224,183.75586447146753,1938.0606877197465,2544.3455292511135,98.08820951728006,82.45594052514879,594.2892138814752,5.73884789824298,1265,-3.0000294485986894,-5.227002346975665
2054,242.74499999999998,10.271209321374794,2541.7941332493415,183.74831111381746,1938.0653966919795,2544.3454117877395,98.08816257138646,82.45291408120573,594.2163678836467,5.739076649614315,1265,-3.000029462770863,-5.226465423317403
2055,242.755,10.27161128361307,2541.793956676693,183.7407604585224,1938.0701054990102,2544.3452943234256,98.08811562539242,82.44988823348775,594.1435245606983,5.7393053925862425,1265,-3.0000294769428115,-5.225928549600389
2056,242.765,10.272013200204512,2541.793780100278,183.7332125044709,1938.0748141408735,2544.345176858169,98.08806867929796,82.44686298178888,594.0706839121029,5.739534127160418,1265,-3.000029491114534,-5.225391725813686
2057,242.77499999999998,10.272415071161204,2541.7936035200983,183.7256672504785,1938.0795226176022,2544.34505939197,98.08802173310306,82.44383832590327,593.9978459373334,5.739762853338496,1265,-3.0000295052860313,-5.224854951946352
2058,242.785,10.272816896495236,2541.7934269361554,183.7181246954338,1938.084230929229,2544.344941924829,98.08797478680773,82.4408142656251,593.9250106358627,5.739991571122131,1265,-3.000029519457303,-5.2243182279874425
2059,242.795,10.273218676218695,2541.7932503484512,183.71058483815506,1938.0889390757875,2544.344824456747,98.08792784041198,82.43779080074869,593.8521780071642,5.740220280512975,1265,-3.000029533628349,-5.2237815539260035
2060,242.80499999999998,10.273620410343671,2541.7930737569886,183.70304767750466,1938.093647057312,2544.3447069877243,98.08788089391582,82.43476793106838,593.7793480507113,5.740448981512683,1265,-3.000029547799169,-5.223244929751107
2061,242.815,10.274022098882234,2541.7928971617675,183.69551321247994,1938.0983548738334,2544.3445895177592,98.08783394731924,82.43174565637868,593.7065207659776,5.740677674122908,1265,-3.000029561969764,-5.222708355451812
2062,242.825,10.274423741846476,2541.7927205627893,183.6879814417541,1938.1030625253875,2544.344472046853,98.08778700062224,82.42872397647415,593.6336961524371,5.740906358345301,1265,-3.000029576140133,-5.222171831017175
2063,242.83499999999998,10.274825339248451,2541.7925439600576,183.68045236427648,1938.1077700120045,2544.3443545750065,98.08774005382485,82.42570289114938,593.5608742095636,5.741135034181512,1265,-3.0000295903102763,-5.2216353564362645
2064,242.84499999999997,10.27522689110025,2541.792367353573,183.67292597887,1938.1124773337203,2544.3442371022184,98.08769310692703,82.42268240019915,593.4880549368314,5.741363701633193,1265,-3.000029604480194,-5.221098931698137
2065,242.855,10.27562839741393,2541.792190743338,183.6654022844856,1938.1171844905668,2544.344119628491,98.08764615992884,82.41966250341825,593.4152383337149,5.741592360701995,1265,-3.0000296186498865,-5.220562556791862
2066,242.86499999999998,10.276029858201557,2541.7920141293516,183.65788127992167,1938.1218914825765,2544.3440021538217,98.08759921283024,82.41664320060158,593.3424243996885,5.7418210113895665,1265,-3.000029632819354,-5.220026231706508
2067,242.875,10.276431273475191,2541.7918375116174,183.6503629639618,1938.1265983097833,2544.343884678213,98.08755226563125,82.41362449154416,593.2696131342269,5.742049653697556,1265,-3.0000296469885948,-5.219489956431135
2068,242.885,10.276832643246902,2541.791660890137,183.64284733559347,1938.131304972221,2544.3437672016635,98.08750531833186,82.410606376041,593.1968045368052,5.742278287627614,1265,-3.0000296611576105,-5.218953730954826
2069,242.89499999999998,10.277233967528735,2541.791484264911,183.63533439369468,1938.1360114699214,2544.343649724173,98.08745837093208,82.40758885388729,593.1239986068983,5.742506913181386,1265,-3.0000296753264006,-5.218417555266642
2070,242.90499999999997,10.277635246332748,2541.7913076359423,183.6278241370198,1938.1407178029187,2544.343532245743,98.08741142343193,82.40457192487828,593.0511953439817,5.742735530360522,1265,-3.000029689494965,-5.217881429355646
2071,242.915,10.27803647967099,2541.791131003233,183.62031656450577,1938.1454239712452,2544.343414766375,98.0873644758314,82.40155558880929,592.9783947475305,5.742964139166666,1265,-3.0000297036633032,-5.217345353210925
2072,242.92499999999998,10.278437667555504,2541.7909543667815,183.6128116750079,1938.1501299749336,2544.343297286064,98.08731752813048,82.39853984547574,592.9055968170206,5.743192739601467,1265,-3.000029717831416,-5.216809326821543
2073,242.93499999999997,10.278838809998337,2541.7907777265937,183.60530946739613,1938.1548358140178,2544.3431798048164,98.08727058032922,82.39552469467313,592.8328015519278,5.743421331666568,1265,-3.0000297319993043,-5.216273350176585
2074,242.945,10.279239907011528,2541.7906010826673,183.597809940477,1938.1595414885298,2544.3430623226272,98.08722363242754,82.39251013619705,592.7600089517279,5.743649915363616,1265,-3.0000297461669665,-5.215737423265117
2075,242.95499999999998,10.27964095860712,2541.7904244350075,183.59031309322904,1938.1642469985047,2544.3429448395004,98.08717668442553,82.38949616984314,592.6872190158972,5.743878490694254,1265,-3.000029760334403,-5.215201546076215
2076,242.96499999999997,10.28004196479714,2541.7902477836124,183.58281892440104,1938.1689523439736,2544.3428273554327,98.08712973632313,82.38648279540722,592.6144317439122,5.744107057660127,1265,-3.0000297745016136,-5.214665718598962
2077,242.975,10.280442925593622,2541.7900711284856,183.57532743295977,1938.1736575249695,2544.3427098704265,98.08708278812041,82.38347001268508,592.5416471352491,5.7443356162628785,1265,-3.0000297886685985,-5.2141299408224455
2078,242.98499999999999,10.2808438410086,2541.7898944696294,183.5678386177711,1938.1783625415271,2544.342592384482,98.08703583981732,82.3804578214727,592.4688651893849,5.7445641665041505,1265,-3.0000298028353583,-5.2135942127357255
2079,242.99499999999998,10.281244711054088,2541.789717807044,183.56035247767286,1938.1830673936772,2544.3424748975985,98.08698889141388,82.37744622156606,592.3960859057964,5.744792708385586,1265,-3.0000298170018924,-5.21305853432791
2080,243.005,10.281645535742115,2541.789541140732,183.5528690115116,1938.1877720814543,2544.3423574097774,98.08694194291009,82.37443521276128,592.3233092839607,5.745021241908827,1265,-3.0000298311682014,-5.212522905588056
2081,243.015,10.282046315084697,2541.7893644706937,183.54538821817428,1938.19247660489,2544.3422399210162,98.08689499430594,82.37142479485453,592.2505353233549,5.745249767075514,1265,-3.000029845334284,-5.211987326505277
2082,243.02499999999998,10.282447049093863,2541.7891877969314,183.53791009653307,1938.1971809640202,2544.342122431317,98.08684804560146,82.36841496764208,592.1777640234567,5.745478283887286,1265,-3.0000298595001413,-5.21145179706863
2083,243.035,10.28284773778161,2541.7890111194465,183.5304346454919,1938.2018851588743,2544.3420049406795,98.08680109679663,82.36540573092032,592.1049953837435,5.7457067923457865,1265,-3.000029873665773,-5.210916317267213
2084,243.045,10.283248381159952,2541.7888344382413,183.52296186392593,1938.2065891894865,2544.3418874491044,98.0867541478915,82.36239708448564,592.0322294036932,5.7459352924526526,1265,-3.000029887831179,-5.210380887090117
2085,243.05499999999998,10.2836489792409,2541.7886577533172,183.51549175061396,1938.2112930558903,2544.3417699565916,98.08670719888602,82.35938902813461,591.9594660827838,5.746163784209523,1265,-3.0000299019963594,-5.209845506526439
2086,243.065,10.284049532036452,2541.788481064675,183.50802430457398,1938.2159967581179,2544.3416524631402,98.08666024978021,82.35638156166384,591.8867054204934,5.746392267618037,1265,-3.0000299161613144,-5.209310175565253
2087,243.075,10.28445003955862,2541.788304372317,183.50055952458817,1938.2207002962034,2544.341534968751,98.08661330057409,82.35337468487002,591.8139474163003,5.746620742679832,1265,-3.000029930326044,-5.20877489419565
2088,243.08499999999998,10.284850501819392,2541.7881276762455,183.49309740954814,1938.2254036701781,2544.3414174734253,98.08656635126765,82.35036839754993,591.741192069683,5.746849209396545,1265,-3.0000299444905476,-5.208239662406729
2089,243.09499999999997,10.285250918830757,2541.787950976461,183.4856379583611,1938.2301068800746,2544.3412999771617,98.08651940186088,82.34736269950042,591.6684393801204,5.747077667769812,1265,-3.000029958654826,-5.207704480187596
2090,243.105,10.285651290604722,2541.787774272964,183.47818116982253,1938.2348099259277,2544.3411824799596,98.0864724523538,82.34435759051851,591.5956893470913,5.74730611780127,1265,-3.000029972818879,-5.2071693475273335
2091,243.11499999999998,10.28605161715327,2541.787597565759,183.4707270429189,1938.2395128077696,2544.3410649818225,98.08642550274642,82.34135307040117,591.5229419700745,5.747534559492554,1265,-3.000029986982706,-5.206634264415037
2092,243.125,10.286451898488385,2541.7874208548446,183.46327557646248,1938.2442155256324,2544.340947482747,98.08637855303873,82.33834913894555,591.4501972485494,5.747762992845299,1265,-3.0000300011463072,-5.2060992308398095
2093,243.135,10.286852134622048,2541.787244140225,183.45582676932807,1938.2489180795492,2544.340829982735,98.08633160323072,82.33534579594888,591.3774551819955,5.747991417861139,1265,-3.0000300153096835,-5.2055642467907415
2094,243.14499999999998,10.287252325566238,2541.7870674218993,183.44838062041129,1938.2536204695525,2544.340712481786,98.08628465332242,82.33234304120842,591.3047157698924,5.748219834541709,1265,-3.000030029472834,-5.205029312256952
2095,243.15499999999997,10.287652471332935,2541.786890699872,183.44093712857278,1938.2583226956754,2544.340594979901,98.08623770331383,82.32934087452155,591.2319790117198,5.748448242888641,1265,-3.0000300436357588,-5.204494427227516
2096,243.165,10.288052571934111,2541.786713974142,183.43349629276847,1938.263024757951,2544.3404774770797,98.08619075320493,82.32633929568576,591.1592449069575,5.748676642903568,1265,-3.000030057798458,-5.203959591691554
2097,243.17499999999998,10.288452627381742,2541.7865372447127,183.42605811176554,1938.2677266564124,2544.3403599733215,98.08614380299576,82.32333830449859,591.086513455086,5.748905034588122,1265,-3.000030071960932,-5.2034248056381545
2098,243.18499999999997,10.288852637687786,2541.7863605115854,183.41862258453114,1938.2724283910914,2544.340242468628,98.08609685268628,82.32033790075766,591.0137846555853,5.749133417943935,1265,-3.0000300861231803,-5.202890069056449
2099,243.195,10.289252602864213,2541.786183774759,183.41118970994597,1938.2771299620215,2544.3401249629965,98.08604990227656,82.31733808426071,590.941058507936,5.749361792972637,1265,-3.000030100285203,-5.2023553819355195
2100,243.20499999999998,10.289652522922983,2541.7860070342394,183.40375948678175,1938.2818313692346,2544.340007456431,98.08600295176653,82.31433885480553,590.8683350116188,5.74959015967586,1265,-3.0000301144469996,-5.201820744264481
2101,243.21499999999997,10.29005239787605,2541.7858302900263,183.39633191405449,1938.2865326127637,2544.3398899489293,98.08595600115623,82.31134021218999,590.7956141661143,5.749818518055231,1265,-3.0000301286085715,-5.201286156032438
2102,243.225,10.290452227735377,2541.7856535421192,183.3889069906394,1938.291233692642,2544.3397724404913,98.08590905044565,82.30834215621208,590.722895970904,5.750046868112382,1265,-3.0000301427699174,-5.200751617228509
2103,243.23499999999999,10.290852012512914,2541.7854767905233,183.38148471528456,1938.2959346089024,2544.339654931119,98.08586209963482,82.30534468666987,590.6501804254688,5.75027520984894,1265,-3.000030156931038,-5.200217127841799
2104,243.24499999999998,10.291251752220608,2541.7853000352375,183.37406508705112,1938.3006353615772,2544.3395374208103,98.08581514872373,82.30234780336147,590.57746752929,5.750503543266534,1265,-3.000030171091933,-5.199682687861425
2105,243.255,10.291651446870402,2541.7851232762655,183.36664810465905,1938.305335950698,2544.3394199095674,98.08576819771237,82.29935150608515,590.5047572818493,5.750731868366793,1265,-3.0000301852526023,-5.199148297276481
2106,243.265,10.292051096474248,2541.7849465136073,183.3592337671596,1938.3100363762999,2544.339302397389,98.08572124660074,82.29635579463917,590.4320496826284,5.750960185151341,1265,-3.0000301994130463,-5.198613956076112
2107,243.27499999999998,10.292450701044077,2541.784769747264,183.3518220733602,1938.3147366384128,2544.3391848842757,98.08567429538888,82.29336066882195,590.3593447311093,5.7511884936218065,1265,-3.000030213573265,-5.1980796642494145
2108,243.285,10.292850260591832,2541.7845929772384,183.34441302207784,1938.3194367370716,2544.339067370227,98.08562734407676,82.29036612843196,590.286642426774,5.751416793779815,1265,-3.000030227733258,-5.197545421785511
2109,243.295,10.293249775129445,2541.7844162035326,183.3370066123162,1938.3241366723078,2544.3389498552447,98.0855803926644,82.28737217326776,590.213942769105,5.7516450856269925,1265,-3.0000302418930254,-5.197011228673514
2110,243.30499999999998,10.293649244668853,2541.784239426147,183.3296028429198,1938.3288364441553,2544.3388323393274,98.08553344115178,82.28437880312802,590.1412457575843,5.751873369164962,1265,-3.000030256052567,-5.196477084902547
2111,243.315,10.294048669221967,2541.784062645083,183.322201712708,1938.3335360526441,2544.338714822475,98.08548648953894,82.28138601781144,590.0685513916949,5.752101644395349,1265,-3.0000302702118833,-5.19594299046174
2112,243.325,10.29444804880073,2541.7838858603423,183.31480322073674,1938.3382354978091,2544.3385973046893,98.08543953782586,82.27839381711684,589.9958596709196,5.7523299113197774,1265,-3.000030284370974,-5.195408945340196
2113,243.33499999999998,10.294847383417059,2541.783709071928,183.3074073657185,1938.3429347796828,2544.338479785969,98.08539258601256,82.27540220084316,589.9231705947411,5.75255816993987,1265,-3.0000302985298393,-5.194874949527044
2114,243.34499999999997,10.295246673082865,2541.783532279839,183.3000141466386,1938.347633898296,2544.3383622663146,98.08534563409901,82.27241116878933,589.8504841626429,5.75278642025725,1265,-3.0000303126884793,-5.194341003011418
2115,243.355,10.295645917810075,2541.78335548408,183.2926235624109,1938.352332853684,2544.3382447457266,98.08529868208524,82.26942072075445,589.7778003741082,5.753014662273537,1265,-3.0000303268468937,-5.193807105782439
2116,243.36499999999998,10.29604511761059,2541.783178684649,183.28523561181464,1938.3570316458763,2544.338127224204,98.08525172997126,82.26643085653767,589.7051192286206,5.753242895990356,1265,-3.0000303410050826,-5.19327325782923
2117,243.375,10.29644427249633,2541.7830018815507,183.2778502938773,1938.3617302749078,2544.3380097017484,98.08520477775704,82.26344157593819,589.6324407256636,5.753471121409325,1265,-3.000030355163046,-5.192739459140919
2118,243.385,10.296843382479198,2541.7828250747857,183.27046760735945,1938.3664287408099,2544.3378921783597,98.08515782544261,82.26045287875537,589.5597648647214,5.753699338532066,1265,-3.000030369320784,-5.1922057097066405
2119,243.39499999999998,10.297242447571096,2541.7826482643545,183.26308755130077,1938.3711270436152,2544.3377746540373,98.08511087302796,82.2574647647886,589.4870916452777,5.753927547360197,1265,-3.000030383478296,-5.191672009515514
2120,243.40499999999997,10.29764146778393,2541.782471450261,183.25571012453935,1938.3758251833572,2544.337657128783,98.08506392051311,82.25447723383736,589.4144210668169,5.7541557478953385,1265,-3.000030397635583,-5.1911383585566755
2121,243.415,10.298040443129594,2541.7822946325045,183.24833532583185,1938.3805231600675,2544.337539602595,98.08501696789804,82.25149028570124,589.3417531288234,5.7543839401391095,1265,-3.0000304117926446,-5.1906047568192655
2122,243.42499999999998,10.298439373619978,2541.7821178110858,183.24096315429298,1938.385220973778,2544.337422075472,98.08497001518279,82.24850392017986,589.2690878307817,5.754612124093128,1265,-3.0000304259494803,-5.190071204292415
2123,243.43499999999997,10.298838259266986,2541.781940986009,183.2335936086885,1938.3899186245228,2544.3373045474186,98.08492306236732,82.24551813707298,589.1964251721768,5.754840299759011,1265,-3.0000304401060913,-5.1895377009652535
2124,243.445,10.299237100082498,2541.7817641572756,183.22622668788716,1938.3946161123336,2544.3371870184324,98.08487610945168,82.24253293618041,589.1237651524933,5.755068467138375,1265,-3.0000304542624763,-5.1890042468269115
2125,243.45499999999998,10.2996358960784,2541.781587324885,183.21886239092007,1938.3993134372422,2544.337069488513,98.08482915643583,82.23954831730207,589.0511077712166,5.7552966262328376,1265,-3.0000304684186356,-5.188470841866545
2126,243.46499999999997,10.300034647266573,2541.7814104888403,183.21150071658127,1938.4040105992817,2544.3369519576613,98.0847822033198,82.23656428023794,588.978453027832,5.755524777044014,1265,-3.0000304825745703,-5.187937486073277
2127,243.475,10.300433353658903,2541.781233649144,183.2041416637509,1938.4087075984844,2544.3368344258784,98.08473525010358,82.2335808247881,588.9058009218247,5.75575291957352,1265,-3.0000304967302784,-5.187404179436252
2128,243.48499999999999,10.300832015267265,2541.7810568057935,183.19678523141388,1938.4134044348834,2544.336716893162,98.08468829678719,82.2305979507527,588.8331514526807,5.75598105382297,1265,-3.0000305108857614,-5.186870921944622
2129,243.49499999999998,10.301230632103527,2541.7808799587956,183.18943141843314,1938.4181011085097,2544.3365993595144,98.08464134337062,82.22761565793198,588.7605046198855,5.756209179793979,1265,-3.0000305250410193,-5.186337713587508
2130,243.505,10.301629204179564,2541.780703108148,183.18208022367816,1938.4227976193972,2544.3364818249343,98.08459438985386,82.22463394612626,588.6878604229254,5.756437297488159,1265,-3.000030539196052,-5.185804554354071
2131,243.515,10.302027731507247,2541.7805262538545,183.1747316460474,1938.4274939675777,2544.336364289423,98.08454743623695,82.22165281513594,588.6152188612863,5.756665406907124,1265,-3.0000305533508587,-5.185271444233448
2132,243.52499999999998,10.302426214098428,2541.7803493959154,183.16738568454952,1938.4321901530827,2544.33624675298,98.08450048251987,82.21867226476152,588.5425799344547,5.756893508052486,1265,-3.0000305675054406,-5.18473838321479
2133,243.535,10.302824651964984,2541.780172534334,183.16004233789602,1938.436886175946,2544.336129215606,98.08445352870262,82.21569229480359,588.4699436419171,5.757121600925859,1265,-3.0000305816597965,-5.184205371287233
2134,243.545,10.303223045118763,2541.7799956691083,183.15270160517778,1938.441582036199,2544.3360116772997,98.08440657478522,82.21271290506274,588.3973099831603,5.757349685528852,1265,-3.0000305958139273,-5.183672408439946
2135,243.55499999999998,10.303621393571627,2541.7798188002444,183.14536348520406,1938.4462777338742,2544.3358941380643,98.08435962076766,82.20973409533977,588.324678957671,5.757577761863078,1265,-3.0000306099678324,-5.183139494662053
2136,243.565,10.304019697335427,2541.7796419277397,183.13802797684434,1938.4509732690046,2544.335776597896,98.08431266664995,82.2067558654355,588.2520505649364,5.757805829930145,1265,-3.0000306241215124,-5.182606629942727
2137,243.575,10.304417956422004,2541.7794650515984,183.1306950791046,1938.455668641621,2544.335659056797,98.0842657124321,82.2037782151508,588.1794248044439,5.7580338897316645,1265,-3.0000306382749664,-5.182073814271111
2138,243.58499999999998,10.304816170843221,2541.779288171821,183.12336479081097,1938.4603638517583,2544.3355415147676,98.0842187581141,82.20080114428669,588.1068016756805,5.758261941269246,1265,-3.0000306524281957,-5.18154104763636
2139,243.59499999999997,10.305214340610904,2541.7791112884097,183.11603711086468,1938.4650588994457,2544.335423971808,98.08417180369595,82.19782465264421,588.0341811781341,5.758489984544497,1265,-3.0000306665811993,-5.181008330027625
2140,243.605,10.305612465736909,2541.7789344013645,183.10871203819798,1938.4697537847185,2544.3353064279167,98.08412484917767,82.19484874002453,587.9615633112924,5.7587180195590255,1265,-3.0000306807339783,-5.180475661434067
2141,243.61499999999998,10.306010546233061,2541.7787575106904,183.10138957176076,1938.474448507606,2544.335188883097,98.08407789455926,82.19187340622888,587.8889480746432,5.758946046314441,1265,-3.000030694886531,-5.179943041844828
2142,243.625,10.306408582111203,2541.7785806163834,183.09406971037046,1938.4791430681428,2544.335071337345,98.08403093984069,82.18889865105861,587.8163354676748,5.759174064812348,1265,-3.0000307090388594,-5.179410471249083
2143,243.635,10.306806573383165,2541.77840371845,183.0867524530009,1938.4838374663605,2544.3349537906647,98.08398398502199,82.18592447431507,587.7437254898754,5.759402075054354,1265,-3.000030723190961,-5.178877949635988
2144,243.64499999999998,10.30720452006077,2541.7782268168908,183.07943779853363,1938.4885317022906,2544.334836243054,98.08393703010319,82.18295087579979,587.6711181407334,5.759630077042066,1265,-3.0000307373428377,-5.178345476994703
2145,243.65499999999997,10.307602422155854,2541.7780499117043,183.07212574586373,1938.493225775967,2544.3347186945125,98.08389007508426,82.1799778553143,587.5985134197376,5.759858070777088,1265,-3.0000307514944904,-5.177813053314388
2146,243.665,10.308000279680229,2541.7778730028954,183.0648162939331,1938.4979196874199,2544.334601145042,98.0838431199652,82.17700541266028,587.5259113263769,5.760086056261025,1265,-3.0000307656459166,-5.177280678584204
2147,243.67499999999998,10.308398092645723,2541.7776960904644,183.05750944164473,1938.502613436683,2544.334483594642,98.08379616474603,82.17403354763945,587.4533118601399,5.760314033495482,1265,-3.0000307797971173,-5.176748352793318
2148,243.68499999999997,10.308795861064144,2541.7775191744136,183.05020518787575,1938.5073070237872,2544.334366043313,98.08374920942676,82.17106226005363,587.3807150205162,5.760542002482062,1265,-3.000030793948093,-5.176216075930893
2149,243.695,10.30919358494731,2541.7773422547443,183.04290353158015,1938.5120004487662,2544.3342484910554,98.08370225400736,82.16809154970471,587.3081208069949,5.760769963222368,1265,-3.000030808098843,-5.1756838479860985
2150,243.70499999999998,10.309591264307038,2541.7771653314558,183.03560447164932,1938.5166937116514,2544.334130937867,98.08365529848788,82.16512141639468,587.2355292190656,5.760997915718003,1265,-3.0000308222493683,-5.175151668948107
2151,243.71499999999997,10.309988899155124,2541.7769884045524,183.02830800691623,1938.521386812475,2544.3340133837505,98.08360834286829,82.16215185992561,587.162940256218,5.76122585997057,1265,-3.000030836399668,-5.174619538806073
2152,243.725,10.310386489503374,2541.776811474034,183.02101413648253,1938.5260797512683,2544.333895828705,98.08356138714859,82.1591828800996,587.0903539179419,5.7614537959816685,1265,-3.0000308505497424,-5.174087457549183
2153,243.73499999999999,10.310784035363605,2541.776634539903,183.01372285911472,1938.5307725280659,2544.333778272731,98.08351443132882,82.15621447671894,587.0177702037274,5.761681723752901,1265,-3.0000308646995917,-5.173555425166599
2154,243.74499999999998,10.311181536747593,2541.776457602161,183.00643417372504,1938.535465142897,2544.3336607158276,98.08346747540894,82.15324664958591,586.9451891130648,5.761909643285867,1265,-3.000030878849215,-5.173023441647496
2155,243.755,10.311578993667155,2541.7762806608084,182.99914807928897,1938.5401575957962,2544.3335431579962,98.08342051938898,82.15027939850289,586.8726106454443,5.762137554582168,1265,-3.0000308929986135,-5.172491506981052
2156,243.765,10.311976406134066,2541.776103715849,182.991864574662,1938.5448498867936,2544.333425599237,98.08337356326895,82.14731272327238,586.8000348003567,5.7623654576434005,1265,-3.0000309071477873,-5.171959621156426
2157,243.77499999999998,10.312373774160125,2541.7759267672805,182.98458365885116,1938.5495420159227,2544.3333080395482,98.08332660704883,82.14434662369693,586.7274615772925,5.762593352471166,1265,-3.000030921296735,-5.171427784162824
2158,243.785,10.312771097757114,2541.7757498151077,182.9773053306998,1938.5542339832143,2544.3331904789316,98.08327965072863,82.14138109957918,586.6548909757429,5.762821239067061,1265,-3.0000309354454577,-5.170895995989397
2159,243.795,10.313168376936824,2541.775572859332,182.9700295891139,1938.5589257887023,2544.3330729173886,98.08323269430835,82.13841615072184,586.5823229951988,5.7630491174326846,1265,-3.0000309495939557,-5.170364256625335
2160,243.80499999999998,10.31356561171103,2541.7753958999533,182.96275643301652,1938.5636174324175,2544.3329553549165,98.08318573778801,82.13545177692771,586.5097576351515,5.763276987569633,1265,-3.0000309637422284,-5.169832566059816
2161,243.815,10.31396280209151,2541.7752189369753,182.95548586134478,1938.5683089143918,2544.332837791518,98.08313878116759,82.13248797799969,586.4371948950924,5.763504849479502,1265,-3.0000309778902756,-5.1693009242820205
2162,243.825,10.314359948090042,2541.775041970396,182.9482178730633,1938.573000234658,2544.332720227191,98.08309182444711,82.12952475374074,586.3646347745131,5.763732703163889,1265,-3.000030992038097,-5.168769331281133
2163,243.83499999999998,10.314757049718393,2541.774865000221,182.94095246706368,1938.577691393248,2544.332602661937,98.08304486762658,82.12656210395392,586.2920772729055,5.763960548624389,1265,-3.000031006185693,-5.168237787046332
2164,243.84499999999997,10.315154106988336,2541.7746880264485,182.9336896421344,1938.5823823901933,2544.332485095755,98.08299791070598,82.12360002844235,586.2195223897617,5.764188385862597,1265,-3.000031020333065,-5.16770629156681
2165,243.855,10.315551119911635,2541.774511049083,182.92642939734105,1938.5870732255269,2544.3323675286474,98.08295095368534,82.12063852700923,586.1469701245735,5.764416214880106,1265,-3.0000310344802106,-5.167174844831749
2166,243.86499999999998,10.315948088500054,2541.7743340681227,182.9191717315973,1938.5917638992794,2544.3322499606115,98.08290399656467,82.11767759945789,586.0744204768334,5.764644035678513,1265,-3.000031048627132,-5.16664344683034
2167,243.875,10.316345012765346,2541.774157083572,182.91191664376856,1938.5964544114834,2544.33213239165,98.08285703934393,82.11471724559169,586.001873446034,5.76487184825941,1265,-3.0000310627738274,-5.1661120975517605
2168,243.885,10.316741892719278,2541.77398009543,182.90466413285003,1938.6011447621713,2544.3320148217604,98.08281008202314,82.11175746521407,585.9293290316677,5.765099652624388,1265,-3.0000310769202985,-5.165580796985217
2169,243.89499999999998,10.3171387283736,2541.7738031037,182.89741419762805,1938.605834951375,2544.3318972509446,98.08276312460232,82.1087982581286,585.8567872332276,5.76532744877504,1265,-3.000031091066544,-5.165049545119887
2170,243.90499999999997,10.31753551974006,2541.773626108383,182.8901668371933,1938.610524979126,2544.331779679202,98.08271616708146,82.10583962413888,585.7842480502065,5.7655552367129586,1265,-3.000031105212564,-5.164518341944972
2171,243.915,10.317932266830411,2541.773449109481,182.88292205030947,1938.6152148454564,2544.3316621065346,98.08266920946058,82.10288156304863,585.7117114820977,5.765783016439733,1265,-3.0000311193583595,-5.163987187449655
2172,243.92499999999998,10.318328969656394,2541.7732721069947,182.87567983602725,1938.6199045503986,2544.33154453294,98.08262225173966,82.0999240746616,585.6391775283945,5.766010787956956,1265,-3.000031133503929,-5.163456081623144
2173,243.93499999999997,10.318725628229755,2541.7730951009257,182.86844019317465,1938.6245940939843,2544.33142695842,98.08257529391874,82.09696715878171,585.5666461885904,5.766238551266218,1265,-3.000031147649274,-5.162925024454624
2174,243.945,10.319122242562225,2541.7729180912756,182.86120312074428,1938.6292834762446,2544.331309382973,98.08252833599778,82.09401081521288,585.4941174621794,5.766466306369106,1265,-3.0000311617943938,-5.162394015933303
2175,243.95499999999998,10.319518812665553,2541.7727410780453,182.85396861768504,1938.633972697213,2544.3311918066,98.08248137797679,82.09105504375913,585.4215913486549,5.76669405326721,1265,-3.0000311759392884,-5.161863056048366
2176,243.96499999999997,10.319915338551459,2541.772564061237,182.84673668279268,1938.63866175692,2544.331074229302,98.08243441985579,82.08809984422459,585.3490678475113,5.76692179196212,1265,-3.0000311900839574,-5.161332144789025
2177,243.975,10.32031182023168,2541.772387040854,182.83950731513093,1938.643350655398,2544.3309566510798,98.08238746163478,82.08514521641344,585.2765469582426,5.767149522455421,1265,-3.0000312042284016,-5.160801282144462
2178,243.98499999999999,10.320708257717941,2541.7722100168944,182.8322805135306,1938.6480393926786,2544.3308390719303,98.08234050331379,82.08219116012995,585.2040286803434,5.767377244748702,1265,-3.000031218372621,-5.160270468103905
2179,243.99499999999998,10.32110465102197,2541.7720329893614,182.82505627697788,1938.6527279687948,2544.330721491856,98.08229354489275,82.07923767517849,585.1315130133082,5.767604958843551,1265,-3.0000312325166156,-5.159739702656536
2180,244.005,10.321501000155482,2541.7718559582563,182.81783460439397,1938.6574163837765,2544.3306039108566,98.08224658637174,82.07628476136348,585.0589999566317,5.767832664741551,1265,-3.000031246660385,-5.15920898579157
2181,244.015,10.321897305130204,2541.771678923582,182.81061549466642,1938.6621046376576,2544.3304863289336,98.08219962775073,82.07333241848946,584.9864895098088,5.76806036244429,1265,-3.0000312608039286,-5.158678317498204
2182,244.02499999999998,10.32229356595784,2541.7715018853373,182.80339894677505,1938.666792730468,2544.330368746084,98.08215266902974,82.070380646361,584.9139816723348,5.768288051953352,1265,-3.0000312749472475,-5.1581476977656635
2183,244.035,10.322689782650112,2541.771324843525,182.79618495963413,1938.6714806622413,2544.33025116231,98.08210571020874,82.0674294447828,584.8414764437047,5.7685157332703225,1265,-3.0000312890903413,-5.157617126583134
2184,244.045,10.323085955218726,2541.7711477981475,182.78897353210806,1938.6761684330081,2544.330133577612,98.08205875128775,82.0644788135596,584.7689738234141,5.768743406396785,1265,-3.00003130323321,-5.157086603939838
2185,244.05499999999998,10.323482083675387,2541.7709707492045,182.78176466329077,1938.6808560428003,2544.330015991989,98.08201179226678,82.06152875249626,584.6964738109585,5.768971071334324,1265,-3.000031317375854,-5.156556129824985
2186,244.065,10.323878168031799,2541.770793696699,182.7745583518789,1938.68554349165,2544.329898405442,98.08196483314583,82.05857926139771,584.6239764058337,5.76919872808452,1265,-3.0000313315182723,-5.156025704227786
2187,244.075,10.324274208299663,2541.7706166406315,182.76735459702522,1938.690230779589,2544.3297808179705,98.08191787392491,82.05563034006893,584.5514816075357,5.769426376648958,1265,-3.000031345660466,-5.15549532713745
2188,244.08499999999998,10.324670204490676,2541.7704395810047,182.76015339757606,1938.6949179066487,2544.3296632295755,98.08187091460401,82.05268198831503,584.4789894155606,5.76965401702922,1265,-3.000031359802435,-5.154964998543196
2189,244.09499999999997,10.325066156616536,2541.7702625178194,182.7529547524341,1938.699604872862,2544.3295456402566,98.08182395518314,82.04973420594115,584.4064998294048,5.7698816492268845,1265,-3.000031373944178,-5.154434718434231
2190,244.105,10.32546206468893,2541.7700854510763,182.7457586605527,1938.7042916782586,2544.3294280500136,98.0817769956623,82.04678699275256,584.3340128485645,5.770109273243535,1265,-3.000031388085697,-5.153904486799785
2191,244.11499999999998,10.325857928719548,2541.7699083807765,182.73856512087914,1938.7089783228723,2544.3293104588456,98.0817300360415,82.04384034855458,584.2615284725365,5.770336889080751,1265,-3.0000314022269907,-5.153374303629073
2192,244.125,10.326253748720077,2541.769731306925,182.7313741322921,1938.7136648067337,2544.3291928667563,98.08168307632074,82.04089427315262,584.1890467008178,5.7705644967401115,1265,-3.0000314163680595,-5.1528441689113045
2193,244.135,10.326649524702201,2541.7695542295196,182.72418569383873,1938.718351129875,2544.329075273743,98.08163611650004,82.03794876635216,584.116567532905,5.770792096223196,1265,-3.0000314305089035,-5.152314082635707
2194,244.14499999999998,10.327045256677593,2541.7693771485633,182.7169998043747,1938.723037292327,2544.328957679806,98.08158915657937,82.03500382795876,584.0440909682958,5.771019687531583,1265,-3.0000314446495224,-5.151784044791505
2195,244.15499999999997,10.327440944657937,2541.7692000640563,182.70981646280748,1938.7277232941224,2544.328840084946,98.08154219655876,82.03205945777809,583.971617006487,5.771247270666851,1265,-3.000031458789916,-5.151254055367915
2196,244.165,10.327836588654904,2541.7690229760015,182.70263566813375,1938.732409135292,2544.328722489162,98.0814952364382,82.02911565561587,583.8991456469763,5.7714748456305776,1265,-3.000031472930085,-5.150724114354164
2197,244.17499999999998,10.328232188680165,2541.7688458844013,182.69545741928482,1938.7370948158684,2544.3286048924565,98.08144827621767,82.02617242127792,583.8266768892614,5.7717024124243395,1265,-3.0000314870700295,-5.15019422173947
2198,244.18499999999997,10.328627744745392,2541.768668789255,182.68828171520855,1938.7417803358833,2544.3284872948284,98.08140131589724,82.02322975457011,583.7542107328402,5.771929971049714,1265,-3.0000315012097487,-5.1496643775130755
2199,244.195,10.329023256862243,2541.768491690565,182.68110855478182,1938.746465695367,2544.3283696962776,98.08135435547685,82.02028765529845,583.6817471772107,5.772157521508276,1265,-3.0000315153492427,-5.149134581664196
2200,244.20499999999998,10.329418725042384,2541.768314588332,182.67393793703187,1938.7511508943526,2544.328252096803,98.08130739495653,82.01734612326896,583.6092862218709,5.7723850638016,1265,-3.0000315294885125,-5.1486048341820645
2201,244.21499999999997,10.329814149297471,2541.7681374825593,182.66676986084656,1938.7558359328702,2544.328134496408,98.08126043433629,82.01440515828779,583.5368278663193,5.772612597931264,1265,-3.0000315436275566,-5.148075135055905
2202,244.225,10.330209529639168,2541.7679603732468,182.65960432510562,1938.7605208109535,2544.3280168950896,98.0812134736161,82.01146476016115,583.4643721100545,5.77284012389884,1265,-3.000031557766376,-5.147545484274962
2203,244.23499999999999,10.330604866079122,2541.7677832603968,182.65244132886014,1938.7652055286326,2544.3278992928495,98.08116651279603,82.00852492869531,583.3919189525751,5.773067641705902,1265,-3.000031571904971,-5.147015881828455
2204,244.24499999999998,10.331000158628987,2541.767606144009,182.64528087102192,1938.7698900859396,2544.3277816896866,98.081119551876,82.00558566369668,583.3194683933801,5.773295151354024,1265,-3.000031586043341,-5.146486327705627
2205,244.255,10.331395407300404,2541.7674290240884,182.63812295050394,1938.774574482905,2544.327664085604,98.0810725908561,82.00264696497169,583.2470204319684,5.773522652844778,1265,-3.0000316001814866,-5.1459568218957035
2206,244.265,10.331790612105022,2541.7672519006337,182.6309675662052,1938.7792587195622,2544.3275464805984,98.08102562973625,81.99970883232687,583.1745750678393,5.773750146179736,1265,-3.000031614319407,-5.145427364387931
2207,244.27499999999998,10.332185773054483,2541.7670747736456,182.62381471716196,1938.7839427959414,2544.3274288746697,98.0809786685165,81.99677126556885,583.1021323004923,5.77397763136047,1265,-3.0000316284571023,-5.144897955171539
2208,244.285,10.332580890160425,2541.7668976431287,182.6166644023001,1938.7886267120746,2544.327311267823,98.08093170719684,81.99383426450433,583.0296921294267,5.774205108388552,1265,-3.0000316425945726,-5.144368594235772
2209,244.295,10.332975963434482,2541.7667205090816,182.60951662048703,1938.793310467993,2544.3271936600518,98.08088474577728,81.99089782894008,582.9572545541424,5.77443257726555,1265,-3.0000316567318186,-5.143839281569864
2210,244.30499999999998,10.333370992888288,2541.766543371508,182.60237137078298,1938.7979940637288,2544.3270760513615,98.08083778425785,81.98796195868293,582.8848195741392,5.774660037993037,1265,-3.0000316708688395,-5.1433100171630635
2211,244.315,10.333765978533473,2541.766366230408,182.59522865201748,1938.802677499313,2544.32695844175,98.08079082263849,81.98502665353985,582.8123871889175,5.774887490572581,1265,-3.000031685005635,-5.142780801004612
2212,244.325,10.334160920381663,2541.766189085783,182.5880884631866,1938.8073607747774,2544.3268408312165,98.08074386091924,81.98209191331783,582.739957397977,5.7751149350057505,1265,-3.000031699142207,-5.142251633083746
2213,244.33499999999998,10.334555818444482,2541.766011937635,182.58095080325955,1938.812043890153,2544.326723219763,98.08069689910012,81.97915773782397,582.6675302008185,5.775342371294115,1265,-3.000031713278554,-5.141722513389716
2214,244.34499999999997,10.334950672733552,2541.765834785965,182.5738156711636,1938.8167268454717,2544.326605607389,98.08064993718111,81.97622412686545,582.5951055969425,5.775569799439242,1265,-3.000031727414676,-5.141193441911767
2215,244.355,10.33534548326049,2541.7656576307754,182.56668306584453,1938.8214096407653,2544.3264879940944,98.08060297516221,81.97329108024951,582.5226835858498,5.7757972194426985,1265,-3.000031741550573,-5.140664418639152
2216,244.36499999999998,10.335740250036908,2541.7654804720655,182.5595529862754,1938.826092276064,2544.326370379879,98.08055601304343,81.9703585977835,582.4502641670413,5.7760246313060515,1265,-3.0000317556862464,-5.140135443561108
2217,244.375,10.336134973074426,2541.76530330984,182.55242543128182,1938.830774751401,2544.3262527647435,98.08050905082479,81.96742667927484,582.3778473400179,5.7762520350308675,1265,-3.0000317698216934,-5.139606516666894
2218,244.385,10.33652965238465,2541.7651261440974,182.54530040001305,1938.8354570668073,2544.3261351486876,98.08046208850628,81.96449532453099,582.3054331042812,5.7764794306187115,1265,-3.000031783956917,-5.139077637945761
2219,244.39499999999998,10.336924287979178,2541.7649489748414,182.53817789126055,1938.8401392223125,2544.3260175317123,98.08041512608789,81.96156453335956,582.2330214593323,5.77670681807115,1265,-3.000031798091915,-5.138548807386955
2220,244.40499999999997,10.337318879869624,2541.764771802071,182.5310579040294,1938.8448212179503,2544.3258999138166,98.08036816356963,81.95863430556817,582.1606124046732,5.776934197389747,1265,-3.000031812226689,-5.13802002497974
2221,244.415,10.337713428067584,2541.764594625791,182.52394043725064,1938.8495030537504,2544.3257822950018,98.08032120095152,81.95570464096457,582.0882059398053,5.777161568576066,1265,-3.0000318263612384,-5.137491290713353
2222,244.42499999999998,10.338107932584656,2541.7644174460006,182.5168254899809,1938.8541847297454,2544.325664675268,98.08027423823356,81.95277553935657,582.0158020642308,5.7773889316316716,1265,-3.000031840495563,-5.136962604577066
2223,244.43499999999997,10.338502393432437,2541.7642402627007,182.5097130609604,1938.8588662459665,2544.3255470546137,98.08022727541574,81.94984700055207,581.9434007774516,5.777616286558126,1265,-3.000031854629663,-5.13643396656013
2224,244.445,10.338896810622513,2541.7640630758942,182.50260314936264,1938.863547602445,2544.325429433041,98.08018031249807,81.946919024359,581.8710020789703,5.7778436333569925,1265,-3.000031868763538,-5.135905376651809
2225,244.45499999999998,10.339291184166475,2541.7638858855817,182.49549575397663,1938.868228799211,2544.3253118105476,98.08013334948055,81.94399161058546,581.798605968289,5.778070972029832,1265,-3.0000318828971886,-5.135376834841347
2226,244.46499999999997,10.339685514075915,2541.763708691765,182.48839087382086,1938.8729098362985,2544.3251941871363,98.08008638636318,81.94106475903955,581.7262124449107,5.778298302578208,1265,-3.000031897030615,-5.134848341118031
2227,244.475,10.340079800362405,2541.763531494446,182.48128850787145,1938.8775907137358,2544.3250765628063,98.08003942314598,81.93813846952949,581.653821508338,5.778525625003679,1265,-3.0000319111638163,-5.134319895471092
2228,244.48499999999999,10.340474043037533,2541.7633542936255,182.47418865502448,1938.8822714315565,2544.3249589375573,98.07999245982894,81.93521274186357,581.5814331580738,5.778752939307807,1265,-3.000031925296793,-5.133791497889823
2229,244.49499999999998,10.340868242112874,2541.7631770893045,182.4670913142952,1938.8869519897914,2544.324841311389,98.07994549641208,81.93228757585013,581.5090473936211,5.778980245492152,1265,-3.0000319394295456,-5.1332631483634685
2230,244.505,10.3412623976,2541.7629998814846,182.45999648458744,1938.8916323884707,2544.324723684302,98.07989853289536,81.92936297129765,581.4366642144837,5.779207543558273,1265,-3.000031953562073,-5.132734846881304
2231,244.515,10.341656509510486,2541.7628226701695,182.4529041649384,1938.8963126276271,2544.324606056298,98.07985156927883,81.92643892801463,581.3642836201647,5.779434833507727,1265,-3.0000319676943765,-5.132206593432592
2232,244.52499999999998,10.342050577855897,2541.7626454553574,182.44581435417282,1938.9009927072914,2544.3244884273745,98.07980460556249,81.92351544580971,581.2919056101678,5.7796621153420755,1265,-3.000031981826455,-5.1316783880066055
2233,244.535,10.342444602647799,2541.762468237052,182.43872705135593,1938.9056726274948,2544.3243707975334,98.07975764174631,81.92059252449154,581.2195301839968,5.779889389062873,1265,-3.000031995958309,-5.131150230592601
2234,244.545,10.342838583897755,2541.762291015253,182.43164225536108,1938.9103523882688,2544.3242531667743,98.07971067783032,81.91767016386889,581.1471573411558,5.78011665467168,1265,-3.000032010089939,-5.130622121179866
2235,244.55499999999998,10.343232521617326,2541.762113789964,182.42455996527374,1938.9150319896441,2544.324135535098,98.07966371381453,81.9147483637506,581.0747870811489,5.78034391217005,1265,-3.000032024221344,-5.130094059757664
2236,244.565,10.343626415818065,2541.7619365611845,182.41748017995567,1938.9197114316526,2544.3240179025024,98.07961674969891,81.91182712394561,581.0024194034803,5.780571161559541,1265,-3.0000320383525247,-5.129566046315276
2237,244.575,10.344020266511528,2541.761759328917,182.41040289836963,1938.9243907143252,2544.32390026899,98.07956978548349,81.90890644426291,580.9300543076547,5.780798402841708,1265,-3.000032052483481,-5.129038080841972
2238,244.58499999999998,10.34441407370926,2541.761582093161,182.40332811948878,1938.9290698376926,2544.323782634559,98.07952282116827,81.90598632451155,580.8576917931767,5.781025636018108,1265,-3.0000320666142133,-5.1285101633270225
2239,244.59499999999997,10.344807837422819,2541.7614048539212,182.39625584223933,1938.9337488017866,2544.3236649992127,98.07947585675323,81.90306676450071,580.785331859551,5.781252861090293,1265,-3.0000320807447207,-5.1279822937597
2240,244.605,10.345201557663746,2541.7612276111972,182.38918606560185,1938.938427606639,2544.323547362948,98.07942889223843,81.90014776403962,580.7129745062828,5.7814800780598175,1265,-3.0000320948750034,-5.127454472129304
2241,244.61499999999998,10.345595234443584,2541.761050364991,182.38211878860616,1938.9431062522804,2544.3234297257673,98.07938192762381,81.8972293229376,580.640619732877,5.781707286928235,1265,-3.0000321090050623,-5.126926698425084
2242,244.625,10.345988867773865,2541.7608731153027,182.37505401013993,1938.9477847387411,2544.3233120876685,98.07933496290941,81.89431144100406,580.5682675388391,5.781934487697099,1265,-3.0000321231348965,-5.126398972636344
2243,244.635,10.346382457666133,2541.7606958621354,182.3679917291631,1938.9524630660535,2544.3231944486533,98.07928799809524,81.89139411804844,580.4959179236746,5.782161680367963,1265,-3.0000321372645056,-5.125871294752365
2244,244.64499999999998,10.346776004131916,2541.7605186054893,182.36093194465155,1938.9571412342484,2544.323076808721,98.07924103318126,81.88847735388032,580.4235708868893,5.7823888649423765,1265,-3.0000321513938917,-5.125343664762418
2245,244.65499999999997,10.34716950718275,2541.7603413453676,182.3538746556057,1938.961819243357,2544.3229591678733,98.07919406816752,81.8855611483093,580.3512264279886,5.782616041421893,1265,-3.0000321655230526,-5.1248160826557925
2246,244.665,10.34756296683016,2541.760164081768,182.34681986092585,1938.9664970934107,2544.322841526108,98.079147103054,81.88264550114512,580.278884546479,5.782843209808062,1265,-3.0000321796519893,-5.124288548421779
2247,244.67499999999998,10.347956383085664,2541.759986814696,182.33976755961822,1938.9711747844392,2544.3227238834265,98.07910013784071,81.87973041219755,580.2065452418666,5.783070370102434,1265,-3.0000321937807017,-5.123761062049658
2248,244.68499999999997,10.348349755960799,2541.7598095441504,182.33271775066717,1938.9758523164764,2544.3226062398285,98.07905317252764,81.87681588127644,580.1342085136574,5.783297522306559,1265,-3.0000322079091895,-5.123233623528728
2249,244.695,10.348743085467067,2541.7596322701347,182.32567043295157,1938.9805296895502,2544.3224885953155,98.07900620711482,81.87390190819177,580.0618743613584,5.783524666421987,1265,-3.000032222037454,-5.122706232848259
2250,244.70499999999998,10.349136371615991,2541.759454992649,182.3186256055367,1938.9852069036938,2544.322370949885,98.07895924160223,81.87098849275351,579.9895427844758,5.783751802450266,1265,-3.000032236165493,-5.122178889997559
2251,244.71499999999997,10.349529614419088,2541.7592777116943,182.31158326732816,1938.9898839589373,2544.32225330354,98.07891227598988,81.8680756347718,579.9172137825168,5.783978930392944,1265,-3.0000322502933083,-5.12165159496591
2252,244.725,10.349922813887863,2541.759100427274,182.30454341728634,1938.9945608553126,2544.3221356562794,98.07886531027778,81.8651633340568,579.8448873549884,5.78420605025157,1265,-3.0000322644208994,-5.121124347742609
2253,244.73499999999999,10.35031597003383,2541.758923139387,182.29750605443178,1938.999237592851,2544.322018008103,98.07881834446592,81.8622515904188,579.7725635013976,5.784433162027689,1265,-3.0000322785482663,-5.120597148316956
2254,244.74499999999998,10.350709082868478,2541.7587458480366,182.2904711777267,1939.0039141715815,2544.321900359011,98.07877137855432,81.85934040366809,579.7002422212518,5.78466026572285,1265,-3.000032292675408,-5.120069996678231
2255,244.755,10.35110215240332,2541.7585685532235,182.28343878606196,1939.0085905915369,2544.3217827090043,98.07872441254297,81.85642977361509,579.6279235140585,5.784887361338597,1265,-3.0000323068023262,-5.119542892815742
2256,244.765,10.351495178649852,2541.7583912549494,182.27640887847915,1939.0132668527474,2544.3216650580816,98.07867744643188,81.85351970007032,579.5556073793256,5.7851144488764765,1265,-3.0000323209290207,-5.119015836718785
2257,244.77499999999998,10.351888161619573,2541.7582139532155,182.2693814539461,1939.0179429552456,2544.3215474062445,98.07863048022105,81.85061018284433,579.4832938165606,5.7853415283380345,1265,-3.0000323350554905,-5.118488828376657
2258,244.785,10.352281101323971,2541.758036648023,182.2623565114072,1939.0226188990605,2544.3214297534923,98.07858351391047,81.84770122174776,579.4109828252718,5.785568599724813,1265,-3.000032349181736,-5.1179618677786625
2259,244.795,10.352673997774541,2541.7578593393737,182.25533404978935,1939.0272946842251,2544.3213120998257,98.07853654750018,81.84479281659137,579.3386744049674,5.78579566303836,1265,-3.0000323633077572,-5.117434954914097
2260,244.80499999999998,10.353066850982763,2541.7576820272684,182.24831406819072,1939.0319703107684,2544.3211944452437,98.07848958099015,81.8418849671859,579.2663685551556,5.786022718280214,1265,-3.0000323774335556,-5.116908089772274
2261,244.815,10.353459660960123,2541.7575047117093,182.24129656548862,1939.0366457787218,2544.321076789747,98.0784426143804,81.8389776733423,579.1940652753452,5.786249765451921,1265,-3.0000323915591287,-5.116381272342485
2262,244.825,10.353852427718106,2541.757327392697,182.23428154066852,1939.041321088118,2544.3209591333366,98.07839564767093,81.83607093487149,579.1217645650446,5.786476804555024,1265,-3.0000324056844776,-5.115854502614043
2263,244.83499999999998,10.354245151268186,2541.7571500702347,182.22726899263358,1939.0459962389855,2544.320841476013,98.07834868086174,81.83316475158452,579.0494664237626,5.786703835591063,1265,-3.0000324198096027,-5.115327780576248
2264,244.84499999999997,10.354637831621838,2541.7569727443215,182.22025892052932,1939.0506712313568,2544.320723817774,98.07830171395284,81.83025912329248,578.9771708510085,5.786930858561581,1265,-3.000032433934504,-5.114801106218417
2265,244.855,10.355030468790542,2541.75679541496,182.21325132317494,1939.0553460652627,2544.320606158621,98.07825474694424,81.8273540498066,578.9048778462915,5.787157873468116,1265,-3.00003244805918,-5.114274479529855
2266,244.86499999999998,10.355423062785757,2541.7566180821514,182.20624619965503,1939.060020740734,2544.3204884985544,98.0782077798359,81.82444953093813,578.8325874091208,5.787384880312213,1265,-3.0000324621836336,-5.113747900499875
2267,244.875,10.355815613618955,2541.7564407458976,182.1992435488158,1939.064695257801,2544.3203708375745,98.07816081262789,81.82154556649843,578.7602995390059,5.787611879095407,1265,-3.0000324763078625,-5.11322136911777
2268,244.885,10.356208121301599,2541.7562634061997,182.1922433697033,1939.0693696164954,2544.3202531756806,98.07811384532016,81.8186421562989,578.6880142354568,5.7878388698192405,1265,-3.0000324904318667,-5.11269488537288
2269,244.89499999999998,10.356600585845152,2541.756086063059,182.18524566137893,1939.0740438168482,2544.3201355128735,98.07806687791273,81.81573930015108,578.6157314979829,5.788065852485251,1265,-3.0000325045556475,-5.112168449254504
2270,244.90499999999997,10.35699300726107,2541.755908716475,182.1782504226571,1939.0787178588896,2544.3200178491525,98.07801991040562,81.81283699786654,578.5434513260944,5.788292827094977,1265,-3.0000325186792045,-5.1116420607519615
2271,244.915,10.357385385560802,2541.7557313664533,182.17125765260937,1939.0833917426498,2544.319900184519,98.07797294279881,81.80993524925692,578.4711737193018,5.7885197936499555,1265,-3.0000325328025377,-5.111115719854565
2272,244.92499999999998,10.35777772075581,2541.755554012993,182.1642673502651,1939.0880654681616,2544.3197825189727,98.07792597509231,81.80703405413396,578.3988986771151,5.788746752151725,1265,-3.0000325469256466,-5.110589426551629
2273,244.93499999999997,10.358170012857542,2541.7553766560927,182.1572795144326,1939.0927390354552,2544.319664852512,98.07787900728613,81.80413341230951,578.326626199045,5.7889737026018215,1265,-3.000032561048531,-5.110063180832489
2274,244.945,10.358562261877434,2541.7551992957606,182.15029414424066,1939.0974124445602,2544.3195471851404,98.07783203938027,81.80123332359543,578.2543562846022,5.78920064500178,1265,-3.0000325751711925,-5.109536982686446
2275,244.95499999999998,10.358954467826946,2541.755021931991,182.1433112386327,1939.1020856955095,2544.319429516854,98.07778507137473,81.79833378780368,578.1820889332975,5.789427579353139,1265,-3.0000325892936286,-5.109010832102843
2276,244.96499999999997,10.359346630717502,2541.754844564789,182.1363307965101,1939.1067587883313,2544.3193118476565,98.07773810326952,81.79543480474634,578.109824144642,5.789654505657431,1265,-3.000032603415842,-5.108484729070982
2277,244.975,10.359738750560552,2541.754667194156,182.12935281700896,1939.111431723059,2544.3191941775463,98.07769113506465,81.79253637423548,578.0375619181466,5.789881423916191,1265,-3.000032617537831,-5.107958673580191
2278,244.98499999999999,10.360130827367525,2541.754489820092,182.12237729896532,1939.1161044997216,2544.3190765065233,98.07764416676011,81.78963849608336,577.9653022533231,5.790108334130954,1265,-3.000032631659596,-5.107432665619797
2279,244.99499999999998,10.360522861149857,2541.7543124426006,182.11540424144124,1939.120777118351,2544.3189588345895,98.07759719835589,81.78674117010222,577.8930451496827,5.790335236303252,1265,-3.0000326457811384,-5.106906705179137
2280,245.005,10.360914851918974,2541.7541350616802,182.10843364336515,1939.1254495789776,2544.318841161742,98.07755022985202,81.78384439610441,577.8207906067374,5.79056213043462,1265,-3.0000326599024554,-5.106380792247522
2281,245.015,10.361306799686306,2541.753957677335,182.10146550378434,1939.1301218816325,2544.318723487984,98.07750326124847,81.78094817390239,577.7485386239988,5.79078901652659,1265,-3.00003267402355,-5.105854926814281
2282,245.02499999999998,10.361698704463269,2541.7537802895645,182.09449982154797,1939.1347940263447,2544.3186058133133,98.07745629254528,81.77805250330866,577.6762892009789,5.791015894580693,1265,-3.0000326881444193,-5.105329108868766
2283,245.035,10.362090566261289,2541.753602898371,182.08753659578358,1939.1394660131475,2544.3184881377315,98.07740932374244,81.7751573841358,577.6040423371902,5.7912427645984605,1265,-3.0000327022650657,-5.104803338400284
2284,245.045,10.362482385091786,2541.753425503756,182.0805758254117,1939.1441378420704,2544.318370461238,98.07736235483996,81.77226281619647,577.5317980321448,5.791469626581423,1265,-3.0000327163854883,-5.1042776153981775
2285,245.05499999999998,10.362874160966166,2541.7532481057196,182.07361750945907,1939.1488095131433,2544.318252783833,98.07731538583784,81.76936879930342,577.4595562853552,5.7916964805311135,1265,-3.000032730505687,-5.103751939851781
2286,245.065,10.363265893895855,2541.7530707042647,182.06666164681664,1939.1534810263995,2544.318135105517,98.07726841673606,81.76647533326948,577.3873170963343,5.7919233264490595,1265,-3.000032744625662,-5.1032263117504275
2287,245.075,10.363657583892245,2541.752893299392,182.05970823657105,1939.1581523818663,2544.3180174262893,98.07722144753464,81.7635824179075,577.3150804645946,5.79215016433679,1265,-3.0000327587454136,-5.102700731083462
2288,245.08499999999998,10.364049230966753,2541.752715891103,182.05275727768392,1939.1628235795765,2544.317899746151,98.0771744782336,81.7606900530305,577.2428463896496,5.792376994195836,1265,-3.000032772864941,-5.1021751978402055
2289,245.09499999999997,10.364440835130784,2541.752538479399,182.04580876906715,1939.167494619561,2544.317782065101,98.07712750883294,81.75779823845151,577.170614871012,5.792603816027724,1265,-3.000032786984245,-5.1016497120100075
2290,245.105,10.364832396395729,2541.752361064283,182.03886270983142,1939.1721655018491,2544.317664383142,98.07708053933263,81.75490697398365,577.0983859081955,5.792830629833984,1265,-3.0000328011033255,-5.101124273582203
2291,245.11499999999998,10.365223914772994,2541.7521836457513,182.0319190988253,1939.176836226473,2544.3175467002698,98.07703356973269,81.75201625944013,577.0261595007134,5.79305743561614,1265,-3.0000328152221822,-5.100598882546144
2292,245.125,10.365615390273968,2541.7520062238113,182.02497793521655,1939.1815067934622,2544.317429016489,98.07698660003315,81.74912609463422,576.9539356480797,5.793284233375721,1265,-3.0000328293408147,-5.10007353889116
2293,245.135,10.366006822910046,2541.7518287984617,182.01803921781303,1939.1861772028476,2544.3173113317976,98.076939630234,81.74623647937929,576.8817143498078,5.793511023114252,1265,-3.0000328434592243,-5.099548242606599
2294,245.14499999999998,10.36639821269262,2541.751651369705,182.01110294568005,1939.1908474546608,2544.3171936461963,98.07689266033522,81.74334741348876,576.809495605412,5.7937378048332615,1265,-3.00003285757741,-5.099022993681806
2295,245.15499999999997,10.366789559633068,2541.7514739375392,182.00416911777856,1939.1955175489304,2544.3170759596837,98.07684569033682,81.74045889677613,576.7372794144064,5.793964578534272,1265,-3.000032871695372,-5.098497792106141
2296,245.165,10.367180863742778,2541.7512965019705,181.99723773316148,1939.2001874856887,2544.316958272262,98.07679872023884,81.737570929055,576.6650657763054,5.794191344218809,1265,-3.000032885813111,-5.097972637868928
2297,245.17499999999998,10.36757212503313,2541.7511190629975,181.9903087907455,1939.2048572649653,2544.3168405839306,98.07675175004124,81.73468351013902,576.5928546906233,5.794418101888396,1265,-3.0000328999306256,-5.09744753095952
2298,245.18499999999997,10.367963343515502,2541.7509416206203,181.98338228958775,1939.2095268867918,2544.316722894688,98.07670477974406,81.73179663984195,576.520646156875,5.794644851544557,1265,-3.000032914047917,-5.096922471367282
2299,245.195,10.368354519201269,2541.750764174844,181.97645822862927,1939.2141963511979,2544.3166052045376,98.07665780934727,81.7289103179776,576.4484401745752,5.794871593188816,1265,-3.0000329281649853,-5.09639745908156
2300,245.20499999999998,10.368745652101802,2541.750586725667,181.96953660687157,1939.2188656582155,2544.3164875134767,98.07661083885087,81.72602454435982,576.376236743239,5.7950983268226945,1265,-3.000032942281829,-5.095872494091699
2301,245.21499999999997,10.369136742228466,2541.750409273093,181.9626174233277,1939.223534807873,2544.3163698215076,98.0765638682549,81.72313931880262,576.3040358623817,5.7953250524477165,1265,-3.0000329563984502,-5.095347576387045
2302,245.225,10.369527789592635,2541.7502318171214,181.95570067699782,1939.2282038002024,2544.316252128629,98.07651689755934,81.72025464112002,576.2318375315183,5.795551770065401,1265,-3.0000329705148476,-5.094822705956974
2303,245.23499999999999,10.36991879420567,2541.7500543577535,181.94878636679053,1939.2328726352346,2544.3161344348405,98.0764699267642,81.71737051112618,576.1596417501645,5.795778479677271,1265,-3.0000329846310216,-5.094297882790833
2304,245.24499999999998,10.370309756078926,2541.7498768949904,181.94187449182445,1939.237541312999,2544.316016740142,98.07642295586949,81.71448692863524,576.0874485178358,5.796005181284845,1265,-3.000032998746972,-5.093773106877985
2305,245.255,10.370700675223768,2541.7496994288363,181.93496505102144,1939.242209833527,2544.3158990445368,98.0763759848752,81.71160389346151,576.0152578340483,5.796231874889645,1265,-3.000033012862699,-5.0932483782077735
2306,245.265,10.371091551651544,2541.74952195929,181.92805804340998,1939.2468781968485,2544.3157813480216,98.07632901378132,81.70872140541934,575.9430696983177,5.79645856049319,1265,-3.000033026978203,-5.092723696769569
2307,245.27499999999998,10.371482385373607,2541.7493444863544,181.92115346793616,1939.251546402994,2544.315663650599,98.07628204258786,81.70583946432315,575.8708841101602,5.796685238096999,1265,-3.000033041093483,-5.0921990625527265
2308,245.285,10.371873176401307,2541.749167010029,181.91425132364847,1939.2562144519943,2544.3155459522663,98.07623507129485,81.70295806998742,575.7987010690923,5.796911907702591,1265,-3.00003305520854,-5.09167447554662
2309,245.295,10.372263924745992,2541.748989530316,181.90735160944573,1939.2608823438802,2544.3154282530263,98.07618809990227,81.70007722222675,575.7265205746304,5.797138569311484,1265,-3.000033069323374,-5.091149935740601
2310,245.30499999999998,10.372654630418998,2541.748812047218,181.90045432447494,1939.2655500786802,2544.3153105528786,98.07614112841014,81.69719692085579,575.654342626291,5.797365222925194,1265,-3.0000330834379842,-5.090625443124045
2311,245.315,10.373045293431677,2541.7486345607344,181.8935594675863,1939.2702176564278,2544.315192851822,98.07609415681846,81.69431716568927,575.5821672235911,5.797591868545239,1265,-3.000033097552371,-5.090100997686312
2312,245.325,10.373435913795358,2541.748457070869,181.88666703792242,1939.2748850771516,2544.315075149858,98.07604718512721,81.69143795654198,575.5099943660475,5.797818506173136,1265,-3.000033111666535,-5.089576599416757
2313,245.33499999999998,10.373826491521381,2541.7482795776214,181.87977703440095,1939.2795523408824,2544.314957446986,98.07600021333643,81.68855929322882,575.4378240531776,5.7980451358103995,1265,-3.0000331257804747,-5.0890522483047675
2314,245.34499999999997,10.374217026621077,2541.748102080991,181.87288945597757,1939.2842194476511,2544.314839743206,98.07595324144607,81.68568117556474,575.3656562844983,5.798271757458546,1265,-3.0000331398941924,-5.08852794433972
2315,245.355,10.37460751910577,2541.7479245809827,181.86600430174587,1939.2888863974872,2544.314722038518,98.0759062694562,81.68280360336476,575.2934910595275,5.7984983711190905,1265,-3.0000331540076868,-5.088003687510959
2316,245.36499999999998,10.374997968986786,2541.7477470775966,181.85912157064627,1939.293553190421,2544.314604332923,98.07585929736678,81.679926576444,575.2213283777825,5.798724976793546,1265,-3.0000331681209573,-5.087479477807875
2317,245.375,10.375388376275456,2541.7475695708345,181.85224126166332,1939.298219826484,2544.314486626421,98.07581232517782,81.67705009461766,575.1491682387812,5.798951574483428,1265,-3.000033182234005,-5.086955315219836
2318,245.385,10.375778740983092,2541.7473920606967,181.845363373871,1939.3028863057054,2544.314368919012,98.07576535288933,81.67417415770097,575.0770106420415,5.799178164190248,1265,-3.0000331963468296,-5.086431199736218
2319,245.39499999999998,10.376169063121024,2541.747214547185,181.8384879062358,1939.3075526281175,2544.314251210695,98.07571838050131,81.67129876550929,575.0048555870817,5.7994047459155205,1265,-3.0000332104594305,-5.08590713134639
2320,245.40499999999997,10.37655934270055,2541.7470370303013,181.83161485770972,1939.3122187937477,2544.314133501472,98.07567140801376,81.66842391785804,574.9327030734198,5.799631319660758,1265,-3.000033224571809,-5.085383110039748
2321,245.415,10.376949579732994,2541.7468595100468,181.82474422733944,1939.3168848026294,2544.314015791342,98.07562443542669,81.66554961456266,574.8605531005745,5.799857885427472,1265,-3.0000332386839634,-5.084859135805646
2322,245.42499999999998,10.377339774229657,2541.7466819864217,181.8178760141921,1939.3215506547904,2544.3138980803046,98.0755774627401,81.66267585543875,574.7884056680642,5.800084443217172,1265,-3.0000332527958955,-5.084335208633481
2323,245.43499999999997,10.377729926201855,2541.74650445943,181.8110102171108,1939.3262163502627,2544.313780368362,98.07553048995399,81.65980264030195,574.7162607754078,5.800310993031372,1265,-3.000033266907604,-5.083811328512633
2324,245.445,10.378120035660885,2541.7463269290697,181.80414683526118,1939.3308818890764,2544.313662655513,98.07548351706836,81.65692996896796,574.6441184221242,5.800537534871579,1265,-3.00003328101909,-5.083287495432478
2325,245.45499999999998,10.378510102618046,2541.7461493953447,181.7972858675528,1939.3355472712608,2544.313544941757,98.07543654408323,81.65405784125258,574.5719786077326,5.800764068739306,1265,-3.0000332951303528,-5.0827637093823945
2326,245.46499999999997,10.378900127084643,2541.7459718582527,181.7904273129861,1939.3402124968477,2544.313427227093,98.0753895709986,81.65118625697167,574.499841331752,5.800990594636059,1265,-3.0000333092413927,-5.082239970351789
2327,245.475,10.379290109071963,2541.7457943178006,181.78357117063769,1939.3448775658662,2544.3133095115254,98.07534259781445,81.64831521594117,574.427706593702,5.801217112563349,1265,-3.0000333233522096,-5.081716278330023
2328,245.48499999999999,10.379680048591302,2541.745616773987,181.77671743952254,1939.3495424783468,2544.3131917950523,98.07529562453081,81.64544471797709,574.3555743931023,5.801443622522683,1265,-3.0000333374628028,-5.081192633306493
2329,245.49499999999998,10.380069945653943,2541.745439226812,181.76986611853462,1939.3542072343193,2544.313074077672,98.07524865114767,81.64257476289552,574.2834447294724,5.80167012451557,1265,-3.000033351573174,-5.080669035270594
2330,245.505,10.380459800271181,2541.7452616762776,181.7630172067651,1939.358871833815,2544.3129563593857,98.07520167766505,81.63970535051264,574.2113176023323,5.801896618543516,1265,-3.000033365683321,-5.080145484211716
2331,245.515,10.380849612454304,2541.7450841223877,181.75617070322932,1939.363536276865,2544.3128386401954,98.07515470408293,81.63683648064467,574.1391930112021,5.802123104608029,1265,-3.0000333797932464,-5.079621980119231
2332,245.52499999999998,10.381239382214577,2541.744906565139,181.7493266068764,1939.368200563497,2544.312720920098,98.07510773040133,81.63396815310796,574.067070955602,5.8023495827106135,1265,-3.0000333939029478,-5.079098522982551
2333,245.535,10.381629109563283,2541.7447290045375,181.7424849167605,1939.3728646937423,2544.312603199097,98.07506075662023,81.63110036771886,573.9949514350526,5.8025760528527766,1265,-3.000033408012427,-5.078575112791056
2334,245.545,10.382018794511707,2541.744551440582,181.73564563188955,1939.3775286676316,2544.3124854771904,98.07501378273966,81.62823312429386,573.9228344490741,5.802802515036023,1265,-3.000033422121683,-5.078051749534155
2335,245.55499999999998,10.382408437071112,2541.744373873274,181.72880875124696,1939.3821924851952,2544.3123677543786,98.07496680875961,81.62536642264949,573.8507199971875,5.803028969261858,1265,-3.000033436230716,-5.077528433201232
2336,245.565,10.382798037252774,2541.7441963026135,181.72197427386263,1939.3868561464633,2544.31225003066,98.0749198346801,81.62250026260239,573.7786080789135,5.803255415531785,1265,-3.000033450339527,-5.077005163781694
2337,245.575,10.383187595067955,2541.744018728605,181.7151421987175,1939.3915196514654,2544.3121323060386,98.0748728605011,81.61963464396923,573.7064986937733,5.803481853847307,1265,-3.0000334644481144,-5.076481941264923
2338,245.58499999999998,10.383577110527911,2541.74384115125,181.70831252481065,1939.3961830002308,2544.3120145805133,98.07482588622264,81.6167695665668,573.6343918412881,5.803708284209928,1265,-3.0000334785564795,-5.0759587656403315
2339,245.59499999999997,10.38396658364392,2541.7436635705462,181.70148525126524,1939.4008461927926,2544.311896854082,98.07477891184473,81.61390503021191,573.5622875209791,5.803934706621151,1265,-3.0000334926646217,-5.075435636897326
2340,245.605,10.384356014427226,2541.7434859864966,181.69466037700198,1939.405509229178,2544.3117791267464,98.07473193736735,81.61104103472151,573.490185732368,5.804161121082478,1265,-3.000033506772541,-5.074912555025303
2341,245.61499999999998,10.384745402889084,2541.743308399103,181.68783790105527,1939.4101721094182,2544.311661398507,98.07468496279051,81.60817757991256,573.4180864749765,5.804387527595409,1265,-3.0000335208802373,-5.074389520013655
2342,245.625,10.38513474904076,2541.7431308083683,181.68101782240862,1939.4148348335443,2544.311543669364,98.07463798811423,81.60531466560215,573.3459897483262,5.804613926161447,1265,-3.000033534987711,-5.073866531851798
2343,245.635,10.385524052893496,2541.7429532142905,181.67420014010222,1939.4194974015857,2544.311425939316,98.07459101333849,81.6024522916074,573.2738955519395,5.804840316782093,1265,-3.0000335490949626,-5.073343590529145
2344,245.64499999999998,10.385913314458538,2541.742775616872,181.66738485314278,1939.4241598135725,2544.311308208364,98.07454403846332,81.59959045774556,573.2018038853383,5.805066699458844,1265,-3.0000335632019914,-5.072820696035086
2345,245.65499999999997,10.386302533747124,2541.742598016116,181.6605719605629,1939.4288220695337,2544.3111904765087,98.07449706348869,81.59672916383388,573.1297147480451,5.8052930741932025,1265,-3.000033577308797,-5.072297848359036
2346,245.665,10.386691710770506,2541.7424204120216,181.65376146135733,1939.4334841695015,2544.3110727437497,98.07445008841464,81.59386840968976,573.0576281395823,5.805519440986667,1265,-3.0000335914153804,-5.07177504749041
2347,245.67499999999998,10.38708084553992,2541.742242804592,181.64695335456454,1939.438146113505,2544.3109550100876,98.07440311324113,81.59100819513061,572.9855440594727,5.805745799840735,1265,-3.0000336055217414,-5.071252293418615
2348,245.68499999999997,10.387469938066593,2541.7420651938264,181.64014763916904,1939.4428079015727,2544.3108372755214,98.0743561379682,81.58814851997397,572.9134625072389,5.805972150756906,1265,-3.000033619627879,-5.0707295861330595
2349,245.695,10.387858988361767,2541.741887579728,181.6333443141738,1939.447469533737,2544.3107195400526,98.07430916259582,81.58528938403741,572.8413834824042,5.806198493736677,1265,-3.000033633733795,-5.070206925623163
2350,245.70499999999998,10.388247996436673,2541.741709962298,181.62654337871254,1939.452131010028,2544.3106018036806,98.07426218712403,81.5824307871386,572.7693069844915,5.806424828781544,1265,-3.0000336478394876,-5.06968431187833
2351,245.71499999999997,10.388636962302527,2541.7415323415353,181.61974483163766,1939.4567923304735,2544.3104840664046,98.07421521155281,81.57957272909529,572.6972330130242,5.806651155893005,1265,-3.000033661944958,-5.069161744887994
2352,245.725,10.389025885970566,2541.7413547174447,181.61294867210356,1939.461453495106,2544.310366328227,98.07416823588218,81.57671520972528,572.6251615675258,5.806877475072555,1265,-3.0000336760502058,-5.068639224641551
2353,245.73499999999999,10.389414767452001,2541.741177090025,181.6061548989959,1939.4661145039538,2544.3102485891454,98.07412126011212,81.57385822884645,572.5530926475197,5.80710378632169,1265,-3.000033690155232,-5.068116751128441
2354,245.74499999999998,10.389803606758058,2541.740999459279,181.59936351145413,1939.4707753570474,2544.3101308491628,98.07407428424267,81.57100178627677,572.4810262525301,5.807330089641907,1265,-3.000033704260035,-5.067594324338069
2355,245.755,10.390192403899952,2541.7408218252062,181.59257450843225,1939.4754360544175,2544.3100131082756,98.0740273082738,81.56814588183427,572.4089623820807,5.8075563850346965,1265,-3.0000337183646146,-5.067071944259866
2356,245.765,10.39058115888889,2541.74064418781,181.58578788900024,1939.4800965960928,2544.3098953664876,98.07398033220554,81.56529051533705,572.3369010356956,5.807782672501555,1265,-3.000033732468973,-5.066549610883235
2357,245.77499999999998,10.39096987173609,2541.7404665470913,181.5790036521107,1939.4847569821043,2544.309777623797,98.07393335603786,81.56243568660334,572.2648422128991,5.808008952043976,1265,-3.000033746573109,-5.066027324197623
2358,245.785,10.391358542452755,2541.7402889030495,181.57222179685365,1939.489417212482,2544.309659880203,98.07388637977077,81.55958139545136,572.1927859132157,5.808235223663452,1265,-3.000033760677023,-5.065505084192438
2359,245.795,10.391747171050088,2541.7401112556895,181.56544232218548,1939.494077287255,2544.309542135709,98.07383940340428,81.55672764169945,572.12073213617,5.808461487361477,1265,-3.0000337747807135,-5.064982890857117
2360,245.80499999999998,10.392135757539297,2541.7399336050094,181.55866522718017,1939.4987372064545,2544.3094243903124,98.0737924269384,81.55387442516603,572.0486808812867,5.808687743139539,1265,-3.0000337888841826,-5.06446074418108
2361,245.815,10.392524301931573,2541.739755951012,181.55189051085412,1939.503396970109,2544.309306644014,98.07374545037314,81.55102174566954,571.9766321480907,5.808913990999134,1265,-3.0000338029874287,-5.063938644153755
2362,245.825,10.392912804238119,2541.739578293698,181.54511817222294,1939.5080565782498,2544.309188896814,98.07369847370849,81.5481696030286,571.9045859361072,5.80914023094175,1265,-3.0000338170904524,-5.063416590764579
2363,245.83499999999998,10.393301264470123,2541.7394006330687,181.5383482102523,1939.5127160309055,2544.309071148712,98.07365149694446,81.54531799706179,571.8325422448614,5.80936646296888,1265,-3.0000338311932544,-5.06289458400297
2364,245.84499999999997,10.39368968263878,2541.739222969125,181.53158062407925,1939.5173753281072,2544.3089533997086,98.07360452008106,81.54246692758781,571.7605010738787,5.809592687082011,1265,-3.0000338452958335,-5.06237262385838
2365,245.855,10.394078058755275,2541.739045301871,181.52481541268088,1939.5220344698844,2544.308835649805,98.07355754311826,81.53961639442547,571.6884624226844,5.809818903282634,1265,-3.000033859398191,-5.0618507103202175
2366,245.86499999999998,10.394466392830788,2541.738867631304,181.51805257505129,1939.5266934562655,2544.3087178989995,98.0735105660561,81.53676639739359,571.6164262908047,5.810045111572238,1265,-3.000033873500326,-5.061328843377943
2367,245.875,10.394854684876519,2541.738689957427,181.51129211019312,1939.531352287284,2544.3086001472925,98.07346358889455,81.53391693631112,571.5443926777652,5.810271311952312,1265,-3.0000338876022385,-5.060807023020972
2368,245.885,10.395242934903628,2541.7385122802434,181.50453401719852,1939.5360109629662,2544.308482394686,98.07341661163365,81.53106801099702,571.472361583092,5.810497504424343,1265,-3.00003390170393,-5.060285249238747
2369,245.89499999999998,10.395631142923298,2541.738334599751,181.49777829505547,1939.5406694833432,2544.3083646411774,98.07336963427338,81.52821962127041,571.4003330063113,5.810723688989819,1265,-3.0000339158053984,-5.059763522020715
2370,245.90499999999997,10.396019308946707,2541.738156915953,181.49102494283594,1939.5453278484458,2544.3082468867683,98.07332265681374,81.52537176695041,571.3283069469493,5.810949865650227,1265,-3.0000339299066447,-5.059241841356303
2371,245.915,10.396407432985018,2541.7379792288507,181.48427395955923,1939.549986058302,2544.3081291314593,98.07327567925478,81.52252444785624,571.2562834045327,5.811176034407053,1265,-3.0000339440076695,-5.05872020723496
2372,245.92499999999998,10.396795515049408,2541.7378015384443,181.47752534420397,1939.5546441129432,2544.308011375249,98.07322870159643,81.51967766380722,571.1842623785882,5.811402195261783,1265,-3.000033958108472,-5.058198619646131
2373,245.93499999999997,10.397183555151035,2541.7376238447378,181.47077909580466,1939.5593020123983,2544.30789361814,98.07318172383876,81.51683141462267,571.1122438686425,5.811628348215903,1265,-3.000033972209052,-5.057677078579252
2374,245.945,10.397571553301065,2541.7374461477293,181.46403521339099,1939.5639597566976,2544.30777586013,98.07313474598173,81.51398570012208,571.0402278742229,5.811854493270897,1265,-3.0000339863094103,-5.057155584023766
2375,245.95499999999998,10.39795950951066,2541.7372684474212,181.45729369609185,1939.5686173458712,2544.307658101219,98.07308776802535,81.51114052012491,570.9682143948562,5.812080630428251,1265,-3.0000340004095465,-5.056634135969127
2376,245.96499999999997,10.39834742379097,2541.7370907438176,181.45055454279355,1939.5732747799475,2544.3075403414114,98.07304078996962,81.50829587445081,570.8962034300699,5.812306759689447,1265,-3.0000340145094615,-5.056112734404767
2377,245.975,10.398735296153157,2541.736913036915,181.44381775261795,1939.5779320589581,2544.3074225807018,98.07299381181457,81.50545176291939,570.8241949793916,5.81253288105597,1265,-3.0000340286091536,-5.055591379320155
2378,245.98499999999999,10.399123126608371,2541.7367353267164,181.4370833245755,1939.5825891829322,2544.3073048190918,98.07294683356018,81.50260818535041,570.7521890423486,5.812758994529303,1265,-3.000034042708624,-5.055070070704739
2379,245.99499999999998,10.39951091516775,2541.736557613224,181.4303512576749,1939.5872461518982,2544.3071870565823,98.07289985520646,81.49976514156369,570.6801856184691,5.812985100110928,1265,-3.0000340568078725,-5.0545488085479455
2380,246.005,10.399898661842453,2541.7363798964407,181.42362155096072,1939.5919029658871,2544.3070692931756,98.07285287675343,81.49692263137906,570.6081847072807,5.8132111978023255,1265,-3.0000340709068993,-5.0540275928392555
2381,246.015,10.400286366643622,2541.736202176363,181.41689420347612,1939.5965596249293,2544.306951528867,98.07280589820107,81.49408065461652,570.5361863083117,5.813437287604979,1265,-3.0000340850057046,-5.053506423568109
2382,246.02499999999998,10.400674029582389,2541.736024452997,181.41016921429562,1939.6012161290528,2544.306833763661,98.07275891954939,81.4912392110961,570.4641904210904,5.81366336952037,1265,-3.0000340991042878,-5.052985300723954
2383,246.035,10.401061650669897,2541.735846726341,181.4034465822994,1939.6058724782886,2544.3067159975553,98.07271194079838,81.4883983006379,570.3921970451452,5.813889443549976,1265,-3.000034113202649,-5.052464224296253
2384,246.045,10.401449229917278,2541.735668996397,181.3967263067005,1939.6105286726659,2544.30659823055,98.07266496194808,81.48555792306206,570.3202061800047,5.814115509695279,1265,-3.0000341273007884,-5.05194319427447
2385,246.05499999999998,10.401836767335668,2541.735491263168,181.39000838647425,1939.6151847122148,2544.306480462648,98.07261798299844,81.48271807818887,570.2482178251977,5.814341567957758,1265,-3.0000341413987055,-5.051422210648064
2386,246.065,10.402224262936187,2541.7353135266535,181.38329282061235,1939.6198405969635,2544.3063626938456,98.0725710039495,81.47987876583865,570.176231980253,5.814567618338892,1265,-3.000034155496402,-5.050901273406473
2387,246.075,10.40261171672997,2541.7351357868547,181.3765796081614,1939.6244963269437,2544.3062449241456,98.07252402480128,81.47703998583177,570.1042486446997,5.81479366084016,1265,-3.0000341695938757,-5.050380382539182
2388,246.08499999999998,10.402999128728139,2541.734958043774,181.36986874822114,1939.629151902184,2544.306127153547,98.07247704555373,81.47420173798868,570.0322678180671,5.815019695463039,1265,-3.0000341836911284,-5.049859538035644
2389,246.09499999999997,10.403386498941819,2541.7347802974114,181.36316023976622,1939.6338073227153,2544.30600938205,98.07243006620688,81.47136402212998,569.9602894998845,5.815245722209006,1265,-3.0000341977881586,-5.049338739885318
2390,246.105,10.403773827382112,2541.7346025477686,181.3564540818133,1939.6384625885648,2544.3058916096543,98.07238308676075,81.46852683807623,569.8883136896817,5.81547174107954,1265,-3.000034211884968,-5.048817988077683
2391,246.11499999999998,10.404161114060155,2541.734424794849,181.34975027344225,1939.6431176997648,2544.305773836362,98.07233610721534,81.46569018564816,569.816340386988,5.815697752076116,1265,-3.000034225981555,-5.048297282602182
2392,246.125,10.404548358987043,2541.7342470386493,181.3430488136646,1939.6477726563432,2544.3056560621694,98.07228912757063,81.46285406466649,569.7443695913336,5.8159237552002105,1265,-3.000034240077921,-5.047776623448311
2393,246.135,10.404935562173891,2541.7340692791763,181.33634970157772,1939.6524274583298,2544.3055382870816,98.07224214782663,81.46001847495208,569.6724013022483,5.816149750453298,1265,-3.000034254174065,-5.047256010605505
2394,246.14499999999998,10.405322723631809,2541.733891516427,181.3296529361511,1939.6570821057549,2544.3054205110957,98.07219516798335,81.45718341632583,569.6004355192625,5.816375737836855,1265,-3.000034268269988,-5.046735444063259
2395,246.15499999999997,10.405709843371895,2541.7337137504037,181.32295851650588,1939.6617365986472,2544.3053027342103,98.07214818804081,81.4543488886087,569.5284722419065,5.816601717352354,1265,-3.0000342823656894,-5.046214923811036
2396,246.165,10.406096921405263,2541.733535981108,181.3162664415364,1939.6663909370382,2544.305184956429,98.072101207999,81.45151489162178,569.4565114697107,5.81682768900127,1265,-3.0000342964611684,-5.045694449838307
2397,246.17499999999998,10.406483957742987,2541.7333582085435,181.30957671051502,1939.671045120954,2544.305067177751,98.07205422785789,81.44868142518615,569.3845532022058,5.817053652785077,1265,-3.000034310556427,-5.045174022134551
2398,246.18499999999997,10.406870952396192,2541.7331804327077,181.3028893222413,1939.6756991504278,2544.304949398175,98.07200724761753,81.44584848912305,569.3125974389226,5.817279608705248,1265,-3.000034324651464,-5.0446536406892335
2399,246.195,10.407257905375953,2541.733002653604,181.29620427583254,1939.6803530254879,2544.304831617702,98.0719602672779,81.44301608325371,569.2406441793921,5.817505556763255,1265,-3.000034338746279,-5.044133305491833
2400,246.20499999999998,10.407644816693361,2541.7328248712324,181.28952157042434,1939.6850067461626,2544.304713836332,98.07191328683903,81.44018420739948,569.1686934231454,5.81773149696057,1265,-3.0000343528408733,-5.043613016531836
2401,246.21499999999997,10.408031686359505,2541.7326470855955,181.28284120495206,1939.6896603124821,2544.3045960540653,98.07186630630088,81.4373528613818,569.0967451697138,5.817957429298664,1265,-3.0000343669352456,-5.043092773798712
2402,246.225,10.40841851438548,2541.732469296695,181.27616317851678,1939.694313724478,2544.304478270903,98.07181932566347,81.43452204502213,569.0247994186288,5.818183353779008,1265,-3.0000343810293963,-5.042572577281936
2403,246.23499999999999,10.408805300782353,2541.732291504531,181.26948749014775,1939.6989669821764,2544.3043604868435,98.0717723449268,81.43169175814204,568.952856169422,5.818409270403074,1265,-3.0000343951233264,-5.042052426970999
2404,246.24499999999998,10.409192045561209,2541.732113709104,181.26281413885778,1939.7036200856094,2544.3042427018872,98.07172536409091,81.42886200056316,568.8809154216251,5.818635179172331,1265,-3.000034409217035,-5.041532322855375
2405,246.255,10.409578748733125,2541.731935910416,181.25614312371948,1939.708273034805,2544.304124916034,98.07167838315576,81.4260327721072,568.80897717477,5.818861080088247,1265,-3.000034423310522,-5.041012264924563
2406,246.265,10.409965410309171,2541.731758108469,181.24947444386086,1939.7129258297932,2544.3040071292853,98.07163140212138,81.42320407259594,568.7370414283889,5.819086973152293,1265,-3.000034437403788,-5.040492253168024
2407,246.27499999999998,10.410352030300427,2541.7315803032648,181.24280809816167,1939.7175784706044,2544.3038893416415,98.07158442098775,81.42037590185123,568.6651081820141,5.819312858365938,1265,-3.0000344514968322,-5.039972287575261
2408,246.285,10.410738608717951,2541.7314024948028,181.23614408569432,1939.7222309572671,2544.303771553101,98.07153743975489,81.41754825969497,568.5931774351778,5.8195387357306485,1265,-3.000034465589656,-5.039452368135765
2409,246.295,10.411125145572807,2541.7312246830847,181.22948240560248,1939.7268832898098,2544.3036537636644,98.07149045842279,81.41472114594917,568.5212491874126,5.819764605247893,1265,-3.0000344796822582,-5.038932494839008
2410,246.30499999999998,10.411511640876068,2541.731046868113,181.2228230569365,1939.7315354682635,2544.303535973332,98.07144347699148,81.41189456043591,568.4493234382513,5.819990466919138,1265,-3.0000344937746393,-5.038412667674481
2411,246.315,10.411898094638786,2541.7308690498885,181.2161660386945,1939.7361874926576,2544.303418182105,98.07139649546095,81.40906850297732,568.3774001872267,5.820216320745849,1265,-3.000034507866799,-5.037892886631694
2412,246.325,10.412284506872018,2541.730691228412,181.20951134981925,1939.7408393630203,2544.3033003899827,98.07134951383117,81.40624297339559,568.3054794338717,5.820442166729493,1265,-3.000034521958738,-5.037373151700123
2413,246.33499999999998,10.412670877586823,2541.7305134036847,181.20285898950883,1939.7454910793824,2544.3031825969647,98.0713025321022,81.40341797151302,568.2335611777198,5.8206680048715365,1265,-3.0000345360504554,-5.036853462869262
2414,246.34499999999997,10.41305720679425,2541.7303355757062,181.19620895678744,1939.7501426417725,2544.3030648030494,98.07125555027399,81.40059349715196,568.1616454183041,5.820893835173443,1265,-3.0000345501419523,-5.036333820128611
2415,246.355,10.413443494505348,2541.7301577444814,181.1895612507055,1939.7547940502207,2544.302947008241,98.07120856834659,81.39776955013487,568.0897321551582,5.821119657636679,1265,-3.000034564233228,-5.035814223467662
2416,246.36499999999998,10.413829740731156,2541.729979910011,181.18291587022796,1939.759445304755,2544.302829212538,98.07116158631997,81.39494613028421,568.0178213878156,5.821345472262706,1265,-3.000034578324283,-5.035294672875919
2417,246.375,10.414215945482727,2541.7298020722933,181.17627281451848,1939.7640964054065,2544.30271141594,98.07111460419415,81.39212323742255,567.9459131158103,5.82157127905299,1265,-3.000034592415117,-5.034775168342868
2418,246.385,10.414602108771101,2541.729624231332,181.16963208256826,1939.768747352204,2544.3025936184467,98.07106762196912,81.38930087137257,567.8740073386763,5.821797078008992,1265,-3.000034606505729,-5.034255709858014
2419,246.39499999999998,10.414988230607307,2541.729446387128,181.16299367337456,1939.7733981451759,2544.3024758200604,98.0710206396449,81.38647903195695,567.8021040559474,5.8220228691321765,1265,-3.000034620596121,-5.03373629741087
2420,246.40499999999997,10.415374311002386,2541.729268539683,181.15635758614354,1939.7780487843524,2544.3023580207787,98.07097365722149,81.38365771899849,567.7302032671582,5.822248652424005,1265,-3.000034634686292,-5.0332169309909265
2421,246.415,10.415760349967371,2541.729090688996,181.14972381976412,1939.7826992697628,2544.302240220603,98.07092667469887,81.38083693232008,567.6583049718431,5.822474427885938,1265,-3.000034648776242,-5.032697610587682
2422,246.42499999999998,10.416146347513282,2541.72891283507,181.14309237338145,1939.7873496014354,2544.3021224195318,98.07087969207706,81.3780166717446,567.5864091695366,5.822700195519437,1265,-3.0000346628659704,-5.032178336190652
2423,246.43499999999997,10.416532303651161,2541.7287349779067,181.1364632459834,1939.791999779402,2544.3020046175675,98.07083270935608,81.37519693709508,567.5145158597735,5.822925955325964,1265,-3.000034676955479,-5.031659107789344
2424,246.445,10.41691821839202,2541.7285571175053,181.12983643672055,1939.7966498036892,2544.3018868147083,98.07078572653592,81.3723777281946,567.4426250420886,5.8231517073069785,1265,-3.000034691044766,-5.031139925373251
2425,246.45499999999998,10.417304091746884,2541.72837925387,181.12321194452457,1939.801299674328,2544.301769010957,98.07073874361656,81.36955904486629,567.3707367160172,5.823377451463939,1265,-3.000034705133833,-5.030620788931896
2426,246.46499999999997,10.417689923726774,2541.728201386999,181.1165897685811,1939.8059493913477,2544.30165120631,98.07069176059804,81.36674088693339,567.2988508810944,5.823603187798306,1265,-3.0000347192226786,-5.030101698454785
2427,246.475,10.418075714342697,2541.7280235168964,181.10996990783332,1939.8105989547755,2544.301533400771,98.07064477748035,81.36392325421917,567.2269675368555,5.8238289163115375,1265,-3.000034733311304,-5.029582653931419
2428,246.48499999999999,10.418461463605675,2541.7278456435615,181.1033523614084,1939.8152483646436,2544.301415594338,98.0705977942635,81.36110614654702,567.1550866828361,5.824054637005092,1265,-3.000034747399708,-5.029063655351333
2429,246.49499999999998,10.418847171526712,2541.7276677669975,181.09673712833654,1939.8198976209792,2544.301297787012,98.07055081094748,81.35828956374033,567.0832083185718,5.824280349880427,1265,-3.0000347614878917,-5.028544702704008
2430,246.505,10.419232838116821,2541.727489887202,181.09012420767903,1939.8245467238125,2544.301179978792,98.07050382753229,81.35547350562263,567.0113324435987,5.8245060549389995,1265,-3.000034775575855,-5.028025795978987
2431,246.515,10.419618463386996,2541.7273120041805,181.08351359847475,1939.8291956731714,2544.3010621696803,98.07045684401794,81.3526579720175,566.9394590574526,5.824731752182267,1265,-3.000034789663598,-5.027506935165771
2432,246.52499999999998,10.420004047348254,2541.7271341179317,181.07690529978942,1939.8338444690874,2544.3009443596743,98.07040986040444,81.34984296274857,566.8675881596696,5.824957441611684,1265,-3.0000348037511197,-5.026988120253883
2433,246.535,10.420389590011588,2541.7269562284564,181.0702993106366,1939.8384931115888,2544.3008265487756,98.07036287669177,81.34702847763958,566.7957197497863,5.825183123228707,1265,-3.0000348178384213,-5.026469351232849
2434,246.545,10.420775091387991,2541.726778335758,181.0636956301898,1939.843141600704,2544.300708736985,98.07031589287996,81.34421451651431,566.7238538273388,5.825408797034792,1265,-3.0000348319255012,-5.025950628092174
2435,246.55499999999998,10.421160551488454,2541.726600439836,181.05709425740844,1939.8477899364618,2544.3005909243006,98.070268908969,81.34140107919664,566.6519903918639,5.825634463031394,1265,-3.000034846012362,-5.025431950821384
2436,246.565,10.421545970323974,2541.726422540692,181.0504951913972,1939.8524381188936,2544.3004731107244,98.0702219249589,81.33858816551049,566.5801294428985,5.825860121219966,1265,-3.000034860099001,-5.024913319410008
2437,246.575,10.42193134790554,2541.7262446383293,181.04389843117403,1939.8570861480268,2544.3003552962564,98.07017494084965,81.33577577527986,566.5082709799794,5.826085771601962,1265,-3.000034874185421,-5.024394733847551
2438,246.58499999999998,10.422316684244132,2541.726066732747,181.03730397584616,1939.8617340238911,2544.3002374808957,98.07012795664129,81.33296390832882,566.4364150026437,5.826311414178835,1265,-3.0000348882716192,-5.023876194123559
2439,246.59499999999997,10.422701979350737,2541.7258888239453,181.0307118244379,1939.8663817465158,2544.300119664643,98.07008097233377,81.33015256448154,566.3645615104288,5.826537048952039,1265,-3.000034902357598,-5.023357700227549
2440,246.605,10.42308723323633,2541.7257109119278,181.0241219760582,1939.8710293159295,2544.300001847498,98.07003398792713,81.32734174356223,566.2927105028718,5.8267626759230255,1265,-3.000034916443356,-5.022839252149047
2441,246.61499999999998,10.42347244591189,2541.725532996694,181.01753442970698,1939.8756767321615,2544.299884029461,98.06998700342137,81.32453144539518,566.2208619795106,5.826988295093246,1265,-3.000034930528893,-5.022320849877594
2442,246.625,10.423857617388398,2541.7253550782452,181.0109491844908,1939.880323995242,2544.299766210531,98.0699400188165,81.32172166980473,566.1490159398826,5.827213906464153,1265,-3.000034944614211,-5.021802493402708
2443,246.635,10.424242747676818,2541.7251771565852,181.0043662394554,1939.8849711051985,2544.2996483907114,98.06989303411248,81.31891241661535,566.0771723835259,5.8274395100371965,1265,-3.0000349586993074,-5.021284182713915
2444,246.64499999999998,10.42462783678812,2541.724999231712,180.99778559363213,1939.8896180620613,2544.299530569999,98.06984604930935,81.31610368565153,566.0053313099785,5.827665105813827,1265,-3.000034972784184,-5.0207659178007535
2445,246.65499999999997,10.42501288473327,2541.7248213036296,180.99120724614428,1939.8942648658585,2544.2994127483967,98.06979906440712,81.31329547673782,565.9334927187786,5.827890693795495,1265,-3.0000349868688403,-5.020247698652763
2446,246.665,10.425397891523234,2541.724643372338,180.9846311960127,1939.8989115166198,2544.299294925903,98.06975207940576,81.3104877896989,565.8616566094644,5.828116273983648,1265,-3.000035000953276,-5.019729525259468
2447,246.67499999999998,10.425782857168976,2541.724465437838,180.9780574423325,1939.9035580143754,2544.2991771025177,98.0697050943053,81.30768062435946,565.7898229815745,5.828341846379735,1265,-3.0000350150374926,-5.019211397610411
2448,246.68499999999997,10.426167781681444,2541.7242875001302,180.97148598413236,1939.9082043591525,2544.2990592782407,98.06965810910575,81.30487398054431,565.7179918346475,5.828567410985208,1265,-3.0000350291214883,-5.018693315695128
2449,246.695,10.426552665071602,2541.724109559217,180.96491682050075,1939.9128505509807,2544.298941453073,98.06961112380709,81.30206785807829,565.6461631682222,5.828792967801511,1265,-3.0000350432052643,-5.01817527950316
2450,246.70499999999998,10.426937507350395,2541.7239316151,180.95834995053434,1939.917496589889,2544.298823627015,98.06956413840933,81.29926225678634,565.5743369818376,5.829018516830093,1265,-3.0000350572888195,-5.017657289024047
2451,246.71499999999997,10.427322308528787,2541.7237536677803,180.95178537322795,1939.9221424759078,2544.298705800067,98.06951715291248,81.29645717649345,565.5025132750328,5.8292440580724,1265,-3.0000350713721553,-5.017139344247317
2452,246.725,10.427707068617703,2541.723575717258,180.94522308767958,1939.9267882090637,2544.2985879722273,98.06947016731654,81.29365261702469,565.4306920473471,5.82946959152988,1265,-3.0000350854552704,-5.016621445162531
2453,246.73499999999999,10.428091787628107,2541.723397763536,180.93866309296982,1939.9314337893877,2544.2984701434984,98.06942318162152,81.29084857820523,565.3588732983197,5.829695117203977,1265,-3.0000350995381657,-5.0161035917592205
2454,246.74499999999998,10.428476465570931,2541.7232198066126,180.93210538815222,1939.9360792169082,2544.2983523138782,98.0693761958274,81.28804505986024,565.2870570274905,5.829920635096139,1265,-3.0000351136208416,-5.015585784026943
2455,246.755,10.428861102457118,2541.723041846492,180.92554997233378,1939.9407244916542,2544.298234483367,98.06932920993422,81.28524206181503,565.215243234399,5.830146145207809,1265,-3.000035127703297,-5.015068021955232
2456,246.765,10.429245698297606,2541.7228638831743,180.91899684450235,1939.9453696136552,2544.298116651968,98.06928222394197,81.28243958389494,565.1434319185853,5.830371647540432,1265,-3.000035141785532,-5.014550305533632
2457,246.77499999999998,10.429630253103317,2541.7226859166603,180.91244600380378,1939.9500145829388,2544.2979988196776,98.06923523785062,81.2796376259254,565.0716230795891,5.830597142095453,1265,-3.0000351558675478,-5.014032634751705
2458,246.785,10.430014766885193,2541.722507946953,180.9058974492333,1939.954659399535,2544.2978809864976,98.0691882516602,81.27683618773192,564.9998167169509,5.830822628874313,1265,-3.0000351699493435,-5.013515009598994
2459,246.795,10.43039923965416,2541.7223299740513,180.8993511799701,1939.9593040634734,2544.2977631524286,98.06914126537072,81.27403526914004,564.9280128302111,5.831048107878457,1265,-3.0000351840309194,-5.012997430065052
2460,246.80499999999998,10.430783671421139,2541.722151997958,180.89280719496006,1939.9639485747812,2544.2976453174692,98.06909427898218,81.27123486997543,564.85621141891,5.831273579109328,1265,-3.0000351981122755,-5.01247989613943
2461,246.815,10.43116806219705,2541.7219740186733,180.88626549340512,1939.9685929334878,2544.297527481621,98.06904729249457,81.26843499006374,564.7844124825882,5.831499042568367,1265,-3.000035212193411,-5.011962407811681
2462,246.825,10.431552411992824,2541.7217960361995,180.87972607425215,1939.9732371396233,2544.297409644883,98.06900030590789,81.26563562923079,564.7126160207868,5.831724498257016,1265,-3.0000352262743273,-5.011444965071359
2463,246.83499999999998,10.431936720819373,2541.7216180505366,180.87318893662544,1939.9778811932163,2544.297291807255,98.06895331922217,81.26283678730242,564.6408220330464,5.831949946176716,1265,-3.000035240355024,-5.010927567908027
2464,246.84499999999997,10.432320988687612,2541.721440061686,180.86665407959507,1939.9825250942954,2544.2971739687387,98.06890633243741,81.26003846410454,564.5690305189083,5.832175386328908,1265,-3.0000352544355007,-5.010410216311238
2465,246.855,10.432705215608449,2541.7212620696505,180.8601215022458,1939.987168842889,2544.297056129334,98.06885934555358,81.25724065946315,564.4972414779139,5.832400818715031,1265,-3.0000352685157585,-5.009892910270546
2466,246.86499999999998,10.433089401592792,2541.7210840744297,180.85359120365464,1939.9918124390267,2544.2969382890396,98.06881235857071,81.2544433732043,564.4254549096046,5.8326262433365255,1265,-3.0000352825957957,-5.009375649775523
2467,246.875,10.433473546651552,2541.720906076027,180.847063182869,1939.9964558827369,2544.2968204478584,98.06876537148882,81.25164660515411,564.3536708135218,5.832851660194831,1265,-3.0000352966756134,-5.008858434815707
2468,246.885,10.433857650795629,2541.720728074439,180.8405374389757,1940.001099174049,2544.2967026057863,98.06871838430789,81.2488503551388,564.2818891892073,5.833077069291386,1265,-3.0000353107552122,-5.008341265380698
2469,246.89499999999998,10.434241714035927,2541.7205500696723,180.83401397102506,1940.0057423129915,2544.2965847628275,98.06867139702791,81.24605462298463,564.210110036203,5.833302470627629,1265,-3.0000353248345903,-5.007824141460022
2470,246.90499999999997,10.434625736383342,2541.7203720617235,180.82749277814628,1940.0103852995933,2544.2964669189787,98.06862440964889,81.24325940851791,564.1383333540509,5.8335278642049975,1265,-3.0000353389137495,-5.007307063043271
2471,246.915,10.43500971784877,2541.7201940505975,180.8209738593811,1940.0150281338833,2544.2963490742427,98.06857742217086,81.2404647115651,564.0665591422934,5.833753250024928,1265,-3.000035352992689,-5.006790030119991
2472,246.92499999999998,10.435393658443104,2541.720016036294,180.81445721380402,1940.0196708158905,2544.296231228619,98.0685304345938,81.23767053195265,563.9947874004727,5.833978628088858,1265,-3.0000353670714097,-5.006273042679756
2473,246.93499999999997,10.435777558177236,2541.719838018813,180.80794284047815,1940.0243133456443,2544.2961133821054,98.0684834469177,81.2348768695071,563.9230181281313,5.834203998398224,1265,-3.00003538114991,-5.005756100712153
2474,246.945,10.436161417062046,2541.719659998157,180.8014307385259,1940.0289557231717,2544.295995534705,98.06843645914259,81.23208372405509,563.8512513248118,5.834429360954462,1265,-3.0000353952281915,-5.005239204206725
2475,246.95499999999998,10.436545235108422,2541.719481974328,180.794920906979,1940.0335979485026,2544.295877686418,98.06838947126846,81.22929109542329,563.7794869900571,5.834654715759006,1265,-3.000035409306253,-5.004722353153057
2476,246.96499999999997,10.436929012327255,2541.7193039473264,180.7884133449108,1940.0382400216668,2544.2957598372427,98.06834248329532,81.22649898343849,563.7077251234102,5.834880062813292,1265,-3.0000354233840953,-5.004205547540717
2477,246.975,10.43731274872941,2541.7191259171536,180.78190805143257,1940.0428819426913,2544.2956419871803,98.06829549522317,81.22370738792749,563.6359657244141,5.835105402118755,1265,-3.000035437461719,-5.003688787359287
2478,246.98499999999999,10.43769644432577,2541.718947883808,180.77540502563247,1940.0475237116057,2544.2955241362283,98.06824850705202,81.2209163087172,563.5642087926121,5.835330733676828,1265,-3.0000354515391225,-5.003172072598339
2479,246.99499999999998,10.438080099127207,2541.7187698472962,180.76890426661885,1940.0521653284386,2544.295406284392,98.06820151878186,81.21812574563458,563.4924543275476,5.835556057488942,1265,-3.000035465616307,-5.002655403247436
2480,247.005,10.438463713144595,2541.7185918076157,180.7624057733208,1940.0568067932197,2544.295288431667,98.0681545304127,81.21533569850669,563.4207023287645,5.835781373556534,1265,-3.0000354796932722,-5.002138779296173
2481,247.015,10.438847286388803,2541.718413764768,180.75590954497008,1940.0614481059772,2544.2951705780542,98.06810754194456,81.21254616716061,563.348952795806,5.8360066818810346,1265,-3.0000354937700173,-5.001622200734128
2482,247.02499999999998,10.43923081887069,2541.7182357187557,180.7494155805942,1940.0660892667386,2544.295052723556,98.0680605533774,81.20975715142353,563.2772057282162,5.836231982463875,1265,-3.0000355078465444,-5.001105667550861
2483,247.035,10.439614310601126,2541.718057669578,180.74292387926403,1940.0707302755343,2544.2949348681705,98.0680135647113,81.20696865112271,563.2054611255394,5.836457275306488,1265,-3.000035521922852,-5.000589179735982
2484,247.045,10.439997761590966,2541.717879617238,180.73643444010898,1940.0753711323923,2544.2948170118984,98.06796657594616,81.20418066608545,563.1337189873193,5.8366825604103045,1265,-3.0000355359989404,-5.000072737279058
2485,247.05499999999998,10.440381171851064,2541.717701561736,180.7299472621439,1940.0800118373402,2544.2946991547396,98.06791958708206,81.20139319613915,563.0619793131007,5.836907837776755,1265,-3.0000355500748097,-4.999556340169663
2486,247.065,10.440764541392287,2541.7175235030727,180.72346234446934,1940.0846523904095,2544.2945812966946,98.06787259811898,81.19860624111126,562.9902421024278,5.837133107407268,1265,-3.0000355641504597,-4.999039988397405
2487,247.075,10.441147870225482,2541.7173454412505,180.71697968623317,1940.089292791627,2544.294463437763,98.06782560905691,81.1958198008293,562.9185073548454,5.837358369303274,1265,-3.000035578225891,-4.998523681951853
2488,247.08499999999998,10.441531158361487,2541.7171673762705,180.71049928637672,1940.0939330410204,2544.294345577946,98.06777861989589,81.19303387512088,562.8467750698982,5.8375836234662035,1265,-3.0000355923011033,-4.998007420822601
2489,247.09499999999997,10.441914405811168,2541.716989308134,180.70402114418758,1940.0985731386213,2544.294227717243,98.06773163063588,81.19024846381365,562.7750452471312,5.837808869897484,1265,-3.0000356063760965,-4.997491204999229
2490,247.105,10.442297612585357,2541.71681123684,180.69754525856987,1940.1032130844558,2544.2941098556526,98.06768464127691,81.18746356673535,562.7033178860894,5.838034108598544,1265,-3.0000356204508707,-4.996975034471348
2491,247.11499999999998,10.442680778694891,2541.7166331623916,180.69107162866874,1940.1078528785529,2544.2939919931778,98.06763765181896,81.1846791837138,562.6315929863182,5.83825933957081,1265,-3.000035634525426,-4.9964589092285365
2492,247.125,10.443063904150621,2541.7164550847897,180.6846002535785,1940.112492520943,2544.293874129816,98.06759066226208,81.18189531457685,562.559870547363,5.83848456281571,1265,-3.000035648599762,-4.995942829260383
2493,247.135,10.443446988963371,2541.7162770040363,180.67813113235428,1940.1171320116523,2544.2937562655698,98.0675436726062,81.17911195915246,562.4881505687692,5.838709778334671,1265,-3.0000356626738798,-4.99542679455648
2494,247.14499999999998,10.443830033143986,2541.7160989201307,180.67166426418706,1940.1217713507117,2544.2936384004374,98.0674966828514,81.17632911726862,562.4164330500828,5.838934986129119,1265,-3.0000356767477787,-4.994910805106441
2495,247.15499999999997,10.444213036703287,2541.715920833077,180.6651996480655,1940.126410538148,2544.29352053442,98.06744969299763,81.17354678875344,562.3447179908493,5.839160186200479,1265,-3.0000356908214583,-4.9943948608998445
2496,247.165,10.44459599965211,2541.7157427428724,180.65873728307403,1940.1310495739917,2544.2934026675175,98.06740270304492,81.17076497343507,562.273005390615,5.839385378550177,1265,-3.0000357048949193,-4.99387896192629
2497,247.17499999999998,10.444978922001269,2541.715564649521,180.65227716831757,1940.1356884582694,2544.29328479973,98.06735571299325,81.16798367114171,562.2012952489259,5.839610563179638,1265,-3.000035718968162,-4.993363108175391
2498,247.18499999999997,10.445361803761598,2541.715386553024,180.64581930293716,1940.1403271910112,2544.2931669310574,98.06730872284267,81.16520288170166,562.1295875653286,5.839835740090285,1265,-3.0000357330411855,-4.992847299636727
2499,247.195,10.445744644943906,2541.715208453382,180.6393636858971,1940.1449657722444,2544.2930490615,98.06726173259312,81.16242260494327,562.0578823393693,5.840060909283543,1265,-3.0000357471139907,-4.992331536299917
2500,247.20499999999998,10.44612744555902,2541.7150303505946,180.63291031643976,1940.1496042019992,2544.2929311910575,98.06721474224467,81.15964284069497,561.9861795705946,5.840286070760835,1265,-3.000035761186577,-4.991815818154559
2501,247.21499999999997,10.446510205617747,2541.714852244664,180.6264591935269,1940.1542424803022,2544.29281331973,98.06716775179727,81.15686358878527,561.9144792585514,5.840511224523585,1265,-3.0000357752589446,-4.991300145190256
2502,247.225,10.446892925130902,2541.714674135594,180.62001031632306,1940.1588806071832,2544.2926954475192,98.06712076125095,81.1540848490427,561.8427814027866,5.8407363705732145,1265,-3.000035789331094,-4.9907845173966
2503,247.23499999999999,10.44727560410929,2541.7144960233823,180.61356368385995,1940.1635185826701,2544.2925775744234,98.0670737706057,81.15130662129594,561.7710860028473,5.840961508911144,1265,-3.000035803403024,-4.990268934763216
2504,247.24499999999998,10.447658242563724,2541.7143179080313,180.60711929530942,1940.1681564067924,2544.2924597004435,98.06702677986154,81.14852890537367,561.6993930582806,5.8411866395387975,1265,-3.000035817474737,-4.989753397279701
2505,247.255,10.448040840505001,2541.7141397895425,180.600677149678,1940.1727940795774,2544.2923418255796,98.06697978901843,81.14575170110466,561.6277025686342,5.841411762457593,1265,-3.00003583154623,-4.989237904935674
2506,247.265,10.448423397943927,2541.7139616679174,180.59423724611656,1940.1774316010544,2544.2922239498316,98.06693279807642,81.14297500831776,561.5560145334553,5.841636877668954,1265,-3.000035845617505,-4.988722457720739
2507,247.27499999999998,10.448805914891302,2541.7137835431554,180.58779958369982,1940.1820689712529,2544.292106073199,98.0668858070355,81.14019882684188,561.4843289522917,5.841861985174299,1265,-3.0000358596885617,-4.988207055624508
2508,247.285,10.449188391357913,2541.7136054152593,180.58136416149367,1940.186706190199,2544.291988195683,98.06683881589568,81.137423156506,561.4126458246913,5.842087084975048,1265,-3.0000358737594,-4.987691698636596
2509,247.295,10.449570827354554,2541.713427284229,180.57493097863443,1940.1913432579222,2544.291870317283,98.06679182465696,81.13464799713917,561.3409651502019,5.842312177072619,1265,-3.0000358878300197,-4.987176386746617
2510,247.30499999999998,10.449953222892026,2541.713249150068,180.56850003417668,1940.1959801744522,2544.291752438,98.06674483331933,81.13187334857048,561.2692869283718,5.842537261468433,1265,-3.0000359019004206,-4.986661119944183
2511,247.315,10.450335577981102,2541.713071012775,180.56207132723205,1940.2006169398153,2544.2916345578337,98.06669784188279,81.12909921062915,561.1976111587493,5.842762338163906,1265,-3.000035915970604,-4.986145898218902
2512,247.325,10.45071789263258,2541.7128928723523,180.55564485689197,1940.2052535540422,2544.291516676784,98.06665085034734,81.1263255831444,561.1259378408828,5.842987407160456,1265,-3.000035930040569,-4.9856307215604145
2513,247.33499999999998,10.451100166857234,2541.7127147288024,180.54922062228204,1940.2098900171595,2544.2913987948514,98.06660385871302,81.1235524659456,561.0542669743209,5.843212468459502,1265,-3.0000359441103157,-4.985115589958321
2514,247.34499999999997,10.451482400665846,2541.7125365821244,180.5427986224213,1940.214526329197,2544.2912809120357,98.06655686697981,81.12077985886211,560.9825985586123,5.843437522062458,1265,-3.0000359581798435,-4.984600503402247
2515,247.355,10.45186459406919,2541.712358432319,180.53637885653563,1940.219162490182,2544.291163028336,98.06650987514772,81.11800776172338,560.9109325933059,5.843662567970741,1265,-3.0000359722491536,-4.984085461881823
2516,247.36499999999998,10.452246747078043,2541.7121802793886,180.5299613235453,1940.2237985001434,2544.291045143754,98.06646288321673,81.11523617435897,560.8392690779509,5.843887606185767,1265,-3.0000359863182458,-4.9835704653866575
2517,247.375,10.452628859703179,2541.712002123334,180.52354602272348,1940.2284343591102,2544.2909272582892,98.06641589118688,81.11246509659844,560.7676080120963,5.844112636708952,1265,-3.0000360003871203,-4.98305551390639
2518,247.385,10.453010931955358,2541.7118239641577,180.51713295300038,1940.2330700671096,2544.2908093719425,98.06636889905813,81.1096945282715,560.6959493952914,5.8443376595417105,1265,-3.000036014455776,-4.982540607430627
2519,247.39499999999998,10.453392963845346,2541.7116458018595,180.51072211364513,1940.2377056241698,2544.290691484713,98.06632190683052,81.10692446920784,560.624293227086,5.844562674685457,1265,-3.0000360285242134,-4.982025745949015
2520,247.40499999999997,10.453774955383926,2541.7114676364404,180.50431350358457,1940.2423410303218,2544.290573596601,98.06627491450402,81.10415491923729,560.5526395070295,5.844787682141604,1265,-3.0000360425924333,-4.981510929451168
2521,247.415,10.454156906581835,2541.7112894679026,180.49790712209116,1940.246976285591,2544.290455707607,98.06622792207868,81.1013858781897,560.4809882346717,5.845012681911565,1265,-3.0000360566604347,-4.980996157926712
2522,247.42499999999998,10.454538817449839,2541.711111296246,180.49150296810868,1940.2516113900065,2544.2903378177307,98.06618092955446,81.09861734589504,560.4093394095628,5.845237673996755,1265,-3.0000360707282185,-4.980481431365298
2523,247.43499999999997,10.454920687998701,2541.710933121473,180.4851010408398,1940.2562463435981,2544.2902199269724,98.06613393693138,81.09584932218328,560.3376930312526,5.845462658398585,1265,-3.0000360847957843,-4.9799667497565405
2524,247.445,10.455302518239163,2541.7107549435846,180.47870133930593,1940.2608811463924,2544.2901020353333,98.06608694420943,81.09308180688454,560.2660490992913,5.845687635118467,1265,-3.0000360988631325,-4.979452113090074
2525,247.45499999999998,10.455684308181985,2541.710576762581,180.4723038626164,1940.2655157984188,2544.289984142811,98.06603995138865,81.09031479982893,560.1944076132296,5.845912604157813,1265,-3.000036112930263,-4.978937521355541
2526,247.46499999999997,10.456066057837907,2541.7103985784634,180.46590860997367,1940.2701502997056,2544.289866249407,98.06599295846901,81.08754830084666,560.1227685726179,5.846137565518034,1265,-3.000036126997175,-4.978422974542569
2527,247.475,10.456447767217675,2541.710220391234,180.45951558042535,1940.2747846502803,2544.289748355122,98.06594596545052,81.08478230976804,560.051131977007,5.8463625192005395,1265,-3.0000361410638696,-4.977908472640798
2528,247.48499999999999,10.456829436332027,2541.710042200893,180.4531247729866,1940.2794188501714,2544.2896304599553,98.0658989723332,81.0820168264234,559.9794978259475,5.84658746520674,1265,-3.0000361551303465,-4.977394015639868
2529,247.49499999999998,10.457211065191713,2541.7098640074423,180.44673618684016,1940.2840528994077,2544.2895125639075,98.06585197911704,81.07925185064313,559.9078661189907,5.846812403538046,1265,-3.0000361691966053,-4.976879603529415
2530,247.505,10.457592653807465,2541.709685810882,180.44034982109537,1940.2886867980176,2544.289394666978,98.06580498580203,81.07648738225775,559.8362368556876,5.847037334195866,1265,-3.0000361832626465,-4.97636523629908
2531,247.515,10.45797420219001,2541.709507611216,180.43396567477708,1940.293320546028,2544.289276769169,98.06575799238819,81.07372342109781,559.7646100355895,5.847262257181608,1265,-3.00003619732847,-4.975850913938503
2532,247.52499999999998,10.45835571035009,2541.709329408443,180.42758374712,1940.2979541434693,2544.289158870479,98.0657109988755,81.07095996699393,559.6929856582477,5.847487172496683,1265,-3.000036211394076,-4.975336636437326
2533,247.535,10.45873717829843,2541.7091512025645,180.42120403709745,1940.3025875903681,2544.2890409709075,98.06566400526398,81.06819701977679,559.6213637232141,5.847712080142495,1265,-3.0000362254594646,-4.974822403785203
2534,247.545,10.459118606045752,2541.70897299358,180.4148265439376,1940.3072208867534,2544.2889230704545,98.06561701155367,81.06543457927715,559.5497442300403,5.847936980120454,1265,-3.0000362395246354,-4.974308215971777
2535,247.55499999999998,10.459499993602781,2541.7087947814944,180.4084512666459,1940.3118540326525,2544.2888051691216,98.06557001774449,81.06267264532585,559.4781271782782,5.848161872431965,1265,-3.000036253589589,-4.973794072986681
2536,247.565,10.459881340980244,2541.7086165663063,180.40207820437456,1940.3164870280955,2544.2886872669087,98.06552302383652,81.05991121775375,559.4065125674798,5.848386757078435,1265,-3.0000362676543246,-4.973279974819584
2537,247.575,10.460262648188843,2541.708438348017,180.39570735617355,1940.3211198731076,2544.2885693638145,98.06547602982971,81.05715029639184,559.3349003971974,5.848611634061269,1265,-3.000036281718842,-4.972765921460115
2538,247.58499999999998,10.460643915239316,2541.7082601266284,180.3893387212017,1940.3257525677207,2544.2884514598404,98.06542903572412,81.05438988107115,559.2632906669834,5.848836503381875,1265,-3.0000362957831435,-4.972251912897948
2539,247.59499999999997,10.461025142142358,2541.708081902141,180.38297229857267,1940.33038511196,2544.288333554986,98.0653820415197,81.05162997162276,559.1916833763902,5.849061365041655,1265,-3.000036309847227,-4.971737949122711
2540,247.605,10.461406328908682,2541.707903674557,180.3766080874073,1940.3350175058545,2544.288215649253,98.06533504721648,81.04887056787781,559.1200785249704,5.849286219042016,1265,-3.000036323911093,-4.97122403012407
2541,247.61499999999998,10.461787475549011,2541.7077254438773,180.37024608673707,1940.3396497494343,2544.2880977426394,98.06528805281447,81.04611166966758,559.0484761122768,5.849511065384361,1265,-3.0000363379747417,-4.97071015589168
2542,247.625,10.46216858207403,2541.7075472101014,180.36388629573287,1940.3442818427254,2544.2879798351455,98.06524105831365,81.04335327682335,558.9768761378624,5.8497359040700925,1265,-3.0000363520381734,-4.970196326415186
2543,247.635,10.462549648494447,2541.707368973233,180.35752871347367,1940.3489137857557,2544.2878619267726,98.06519406371402,81.04059538917649,558.9052786012804,5.8499607351006135,1265,-3.0000363661013876,-4.969682541684258
2544,247.64499999999998,10.462930674820962,2541.7071907332706,180.35117333904495,1940.3535455785545,2544.28774401752,98.06514706901561,81.03783800655843,558.8336835020839,5.850185558477328,1265,-3.0000363801643846,-4.9691688016885465
2545,247.65499999999997,10.463311661064278,2541.7070124902175,180.34482017165868,1940.3581772211503,2544.287626107388,98.06510007421842,81.03508112880066,558.7620908398263,5.850410374201637,1265,-3.000036394227164,-4.968655106417724
2546,247.665,10.463692607235082,2541.7068342440734,180.3384692103165,1940.36280871357,2544.2875081963766,98.06505307932241,81.03232475573478,558.6905006140612,5.850635182274943,1265,-3.0000364082897266,-4.968141455861423
2547,247.67499999999998,10.464073513344065,2541.7066559948403,180.33212045412162,1940.3674400558423,2544.2873902844867,98.06500608432765,81.02956888719238,558.6189128243423,5.850859982698646,1265,-3.0000364223520717,-4.967627850009337
2548,247.68499999999997,10.464454379401921,2541.7064777425194,180.3257739022987,1940.372071247995,2544.287272371717,98.06495908923411,81.02681352300522,558.5473274702232,5.851084775474148,1265,-3.0000364364142,-4.967114288851112
2549,247.695,10.464835205419336,2541.7062994871103,180.31942955388072,1940.3767022900572,2544.287154458068,98.06491209404177,81.02405866300504,558.4757445512582,5.851309560602848,1265,-3.0000364504761117,-4.966600772376415
2550,247.70499999999998,10.465215991406984,2541.7061212286167,180.31308740796206,1940.3813331820554,2544.287036543541,98.06486509875069,81.02130430702368,558.4041640670014,5.8515343380861475,1265,-3.000036464537806,-4.966087300574916
2551,247.71499999999997,10.465596737375556,2541.7059429670376,180.30674746367546,1940.3859639240193,2544.286918628135,98.0648181033608,81.01855045489305,558.332586017007,5.851759107925444,1265,-3.000036478599283,-4.96557387343628
2552,247.725,10.465977443335728,2541.7057647023753,180.30040972016752,1940.3905945159759,2544.2868007118514,98.06477110787216,81.01579710644512,558.2610104008294,5.851983870122137,1265,-3.000036492660543,-4.965060490950165
2553,247.73499999999999,10.466358109298175,2541.7055864346307,180.29407417647613,1940.3952249579534,2544.286682794688,98.06472411228476,81.01304426151195,558.1894372180233,5.852208624677624,1265,-3.000036506721587,-4.964547153106255
2554,247.74499999999998,10.466738735273575,2541.705408163805,180.28774083181958,1940.399855249981,2544.286564876647,98.06467711659859,81.01029191992562,558.1178664681433,5.852433371593306,1265,-3.0000365207824133,-4.964033859894212
2555,247.755,10.46711932127259,2541.7052298898984,180.28140968522948,1940.4044853920852,2544.2864469577275,98.06463012081366,81.00754008151834,558.0462981507444,5.8526581108705775,1265,-3.000036534843023,-4.963520611303711
2556,247.765,10.467499867305886,2541.705051612913,180.2750807358419,1940.409115384294,2544.2863290379305,98.06458312492997,81.00478874612233,557.9747322653816,5.8528828425108355,1265,-3.0000365489034158,-4.963007407324437
2557,247.77499999999998,10.467880373384135,2541.7048733328493,180.26875398276883,1940.4137452266366,2544.2862111172544,98.06453612894754,81.00203791356991,557.90316881161,5.853107566515478,1265,-3.000036562963591,-4.962494247946049
2558,247.785,10.468260839518,2541.7046950497097,180.2624294251155,1940.418374919141,2544.2860931957016,98.06448913286636,80.99928758369344,557.8316077889849,5.8533322828859,1265,-3.0000365770235504,-4.961981133158218
2559,247.795,10.468641265718135,2541.7045167634938,180.25610706200996,1940.4230044618337,2544.2859752732697,98.06444213668642,80.9965377563254,557.760049197062,5.853556991623496,1265,-3.000036591083293,-4.961468062950641
2560,247.80499999999998,10.469021651995206,2541.704338474204,180.24978689257154,1940.4276338547445,2544.2858573499616,98.06439514040775,80.99378843129826,557.6884930353967,5.8537816927296635,1265,-3.0000366051428196,-4.9609550373129805
2561,247.815,10.469401998359858,2541.704160181841,180.24346891592674,1940.4322630979004,2544.285739425776,98.06434814403035,80.99103960844462,557.616939303545,5.854006386205796,1265,-3.000036619202128,-4.960442056234925
2562,247.825,10.469782304822747,2541.7039818864046,180.2371531311823,1940.4368921913297,2544.2856215007114,98.06430114755422,80.98829128759712,557.5453880010625,5.854231072053289,1265,-3.0000366332612205,-4.959929119706155
2563,247.83499999999998,10.470162571394523,2541.7038035878986,180.23083953740206,1940.4415211350602,2544.285503574771,98.06425415097934,80.98554346858849,557.4738391275055,5.854455750273534,1265,-3.000036647320097,-4.959416227716343
2564,247.84499999999997,10.470542798085827,2541.7036252863218,180.22452813381278,1940.446149929119,2544.285385647953,98.06420715430573,80.9827961512515,557.4022926824301,5.8546804208679255,1265,-3.000036661378756,-4.9589033802551805
2565,247.855,10.470922984907308,2541.703446981675,180.21821891943023,1940.4507785735354,2544.285267720257,98.06416015753341,80.980049335419,557.3307486653928,5.854905083837855,1265,-3.000036675437199,-4.958390577312363
2566,247.86499999999998,10.47130313186961,2541.7032686739612,180.21191189348383,1940.4554070683378,2544.2851497916845,98.06411316066233,80.97730302092388,557.25920707595,5.855129739184718,1265,-3.000036689495425,-4.957877818877555
2567,247.875,10.471683238983367,2541.703090363183,180.20560705492773,1940.4600354135523,2544.2850318622377,98.06406616369256,80.97455720759915,557.1876679136584,5.855354386909902,1265,-3.0000367035534348,-4.957365104940445
2568,247.885,10.472063306259217,2541.702912049337,180.199304403027,1940.4646636092084,2544.284913931911,98.06401916662408,80.97181189527784,557.1161311780747,5.855579027014801,1265,-3.0000367176112284,-4.95685243549074
2569,247.89499999999998,10.472443333707792,2541.702733732427,180.19300393686154,1940.4692916553329,2544.284796000709,98.06397216945689,80.96906708379306,557.0445968687561,5.855803659500805,1265,-3.0000367316688052,-4.956339810518119
2570,247.90499999999997,10.47282332133972,2541.7025554124543,180.18670565550605,1940.473919551954,2544.2846780686305,98.06392517219098,80.96632277297802,556.9730649852595,5.856028284369306,1265,-3.0000367457261663,-4.9558272300122725
2571,247.915,10.473203269165637,2541.70237708942,180.1804095581402,1940.4785472991002,2544.284560135676,98.06387817482637,80.96357896266592,556.9015355271422,5.856252901621692,1265,-3.000036759783311,-4.95531469396289
2572,247.92499999999998,10.473583177196158,2541.7021987633225,180.17411564390252,1940.483174896798,2544.2844422018443,98.06383117736304,80.96083565269012,556.8300084939616,5.856477511259355,1265,-3.000036773840239,-4.95480220235968
2573,247.93499999999997,10.473963045441915,2541.702020434167,180.16782391186786,1940.4878023450767,2544.284324267137,98.06378417980102,80.95809284288397,556.7584838852752,5.856702113283681,1265,-3.0000367878969505,-4.954289755192314
2574,247.945,10.47434287391353,2541.7018421019534,180.16153436105387,1940.4924296439644,2544.284206331555,98.06373718214029,80.95535053308095,556.6869617006407,5.856926707696061,1265,-3.0000368019534465,-4.953777352450504
2575,247.95499999999998,10.474722662621613,2541.701663766681,180.15524699076488,1940.4970567934881,2544.284088395096,98.06369018438087,80.95260872311452,556.6154419396161,5.857151294497882,1265,-3.0000368160097266,-4.95326499412394
2576,247.96499999999997,10.47510241157678,2541.701485428353,180.14896180005587,1940.5016837936753,2544.2839704577614,98.06364318652278,80.94986741281832,556.5439246017592,5.857375873690532,1265,-3.0000368300657896,-4.9527526802023285
2577,247.975,10.475482120789646,2541.7013070869684,180.14267878804407,1940.5063106445546,2544.283852519551,98.063596188566,80.94712660202596,556.4724096866281,5.8576004452753985,1265,-3.000036844121637,-4.952240410675367
2578,247.98499999999999,10.475861790270816,2541.70112874253,180.1363979538836,1940.5109373461532,2544.283734580465,98.06354919051053,80.94438629057117,556.4008971937811,5.857825009253867,1265,-3.0000368581772685,-4.951728185532756
2579,247.99499999999998,10.476241420030908,2541.7009503950385,180.13011929665603,1940.5155638985,2544.2836166405036,98.06350219235635,80.94164647828772,556.3293871227769,5.858049565627327,1265,-3.000036872232684,-4.951216004764194
2580,248.005,10.476621010080516,2541.700772044496,180.12384281547625,1940.5201903016218,2544.283498699668,98.06345519410351,80.93890716500945,556.2578794731738,5.85827411439716,1265,-3.0000368862878837,-4.9507038683593825
2581,248.015,10.477000560430245,2541.7005936909018,180.11756850950047,1940.5248165555467,2544.283380757957,98.06340819575199,80.9361683505703,556.1863742445306,5.8584986555647545,1265,-3.000036900342867,-4.9501917763080385
2582,248.02499999999998,10.477380071090693,2541.7004153342577,180.11129637787596,1940.5294426603023,2544.28326281537,98.0633611973018,80.93343003480422,556.1148714364062,5.858723189131495,1265,-3.000036914397634,-4.949679728599855
2583,248.035,10.477759542072459,2541.7002369745646,180.10502641968043,1940.5340686159166,2544.283144871908,98.06331419875296,80.93069221754527,556.0433710483595,5.858947715098765,1265,-3.0000369284521855,-4.949167725224546
2584,248.045,10.47813897338614,2541.700058611824,180.09875863408854,1940.538694422418,2544.2830269275714,98.06326720010544,80.92795489862755,555.9718730799498,5.859172233467948,1265,-3.0000369425065214,-4.94865576617182
2585,248.05499999999998,10.478518365042316,2541.6998802460366,180.09249302009698,1940.5433200798325,2544.2829089823604,98.06322020135926,80.92521807788528,555.9003775307363,5.8593967442404296,1265,-3.000036956560641,-4.948143851431383
2586,248.065,10.478897717051588,2541.699701877204,180.08622957705197,1940.54794558819,2544.2827910362744,98.0631732025144,80.92248175515262,555.8288844002785,5.859621247417591,1265,-3.0000369706145453,-4.947631980992954
2587,248.075,10.479277029424535,2541.699523505328,180.07996830389877,1940.5525709475164,2544.282673089315,98.06312620357092,80.91974593026397,555.7573936881361,5.859845743000815,1265,-3.0000369846682338,-4.947120154846243
2588,248.08499999999998,10.479656302171744,2541.699345130409,180.07370919986533,1940.557196157841,2544.2825551414803,98.06307920452875,80.91701060305364,555.6859053938686,5.860070230991485,1265,-3.000036998721707,-4.946608372980956
2589,248.09499999999997,10.480035535303797,2541.6991667524467,180.06745226405604,1940.5618212191903,2544.282437192771,98.06303220538794,80.91427577335612,555.6144195170361,5.860294711390981,1265,-3.0000370127749636,-4.946096635386817
2590,248.105,10.480414728831269,2541.698988371444,180.06119749552084,1940.566446131593,2544.2823192431883,98.0629852061485,80.9115414410059,555.5429360571985,5.860519184200687,1265,-3.0000370268280054,-4.945584942053536
2591,248.11499999999998,10.480793882764734,2541.698809987401,180.05494489347964,1940.5710708950762,2544.282201292731,98.0629382068104,80.90880760583754,555.4714550139163,5.8607436494219805,1265,-3.0000370408808315,-4.94507329297084
2592,248.125,10.481172997114772,2541.69863160032,180.04869445708198,1940.5756955096676,2544.2820833414003,98.06289120737365,80.9060742676857,555.3999763867495,5.860968107056244,1265,-3.0000370549334416,-4.9445616881284336
2593,248.135,10.481552071891942,2541.6984532102015,180.04244618537436,1940.580319975394,2544.2819653891966,98.06284420783831,80.90334142638508,555.3285001752586,5.861192557104856,1265,-3.0000370689858364,-4.944050127516048
2594,248.14499999999998,10.481931107106828,2541.6982748170462,180.03620007757345,1940.5849442922863,2544.281847436118,98.0627972082043,80.90060908177045,555.2570263790043,5.861416999569198,1265,-3.000037083038016,-4.943538611123402
2595,248.15499999999997,10.482310102769983,2541.698096420856,180.0299561327689,1940.5895684603688,2544.2817294821666,98.06275020847166,80.89787723367667,555.1855549975475,5.861641434450647,1265,-3.00003709708998,-4.9430271389402165
2596,248.165,10.482689058891971,2541.6979180216294,180.02371435001163,1940.5941924796703,2544.281611527341,98.06270320864041,80.89514588193862,555.114086030449,5.861865861750581,1265,-3.0000371111417286,-4.942515710956217
2597,248.17499999999998,10.483067975483353,2541.697739619371,180.01747472856445,1940.5988163502184,2544.281493571642,98.06265620871052,80.89241502639128,555.0426194772699,5.862090281470379,1265,-3.0000371251932614,-4.942004327161134
2598,248.18499999999997,10.483446852554687,2541.697561214081,180.01123726750276,1940.603440072041,2544.2813756150704,98.06260920868202,80.88968466686967,554.9711553375713,5.8623146936114185,1265,-3.0000371392445797,-4.941492987544677
2599,248.195,10.483825690116529,2541.697382805759,180.00500196596084,1940.6080636451654,2544.2812576576257,98.0625622085549,80.88695480320891,554.8996936109147,5.862539098175078,1265,-3.0000371532956827,-4.940981692096585
2600,248.20499999999998,10.484204488179433,2541.6972043944083,179.99876882310807,1940.6126870696198,2544.281139699309,98.06251520832916,80.88422543524418,554.8282342968615,5.862763495162731,1265,-3.0000371673465693,-4.940470440806589
2601,248.21499999999997,10.484583246753942,2541.697025980028,179.99253783799367,1940.6173103454312,2544.2810217401184,98.0624682080048,80.88149656281068,554.7567773949735,5.862987884575756,1265,-3.000037181397241,-4.939959233664417
2602,248.225,10.484961965850603,2541.69684756262,179.98630900983406,1940.6219334726268,2544.280903780055,98.06242120758183,80.87876818574372,554.6853229048123,5.8632122664155295,1265,-3.000037195447698,-4.939448070659801
2603,248.23499999999999,10.48534064547997,2541.696669142185,179.98008233775548,1940.6265564512355,2544.2807858191186,98.06237420706027,80.87604030387867,554.6138708259399,5.863436640683425,1265,-3.00003720949794,-4.938936951782465
2604,248.24499999999998,10.485719285652578,2541.6964907187253,179.9738578207705,1940.6311792812842,2544.2806678573106,98.0623272064401,80.87331291705097,554.5424211579185,5.863661007380817,1265,-3.000037223547967,-4.938425877022151
2605,248.255,10.48609788637897,2541.6963122922393,179.96763545822765,1940.635801962801,2544.280549894629,98.06228020572134,80.87058602509609,554.4709739003102,5.863885366509081,1265,-3.000037237597778,-4.937914846368603
2606,248.265,10.486476447669675,2541.6961338627325,179.96141524908168,1940.640424495812,2544.280431931077,98.06223320490396,80.86785962784963,554.3995290526774,5.8641097180695905,1265,-3.000037251647375,-4.937403859811539
2607,248.27499999999998,10.48685496953523,2541.6959554302016,179.95519719258414,1940.6450468803457,2544.2803139666516,98.062186203988,80.86513372514719,554.3280866145826,5.86433406206372,1265,-3.0000372656967564,-4.936892917340705
2608,248.285,10.48723345198617,2541.6957769946503,179.9489812877638,1940.6496691164302,2544.2801960013544,98.06213920297346,80.86240831682446,554.2566465855887,5.86455839849284,1265,-3.0000372797459227,-4.9363820189458405
2609,248.295,10.487611895033021,2541.695598556079,179.9427675338932,1940.6542912040925,2544.2800780351854,98.06209220186032,80.85968340271721,554.1852089652581,5.8647827273583255,1265,-3.000037293794875,-4.935871164616697
2610,248.30499999999998,10.487990298686313,2541.6954201144886,179.93655592997274,1940.6589131433607,2544.279960068145,98.06204520064861,80.85695898266127,554.1137737531541,5.865007048661547,1265,-3.0000373078436113,-4.935360354342997
2611,248.315,10.488368662956558,2541.6952416698796,179.9303464752091,1940.6635349342605,2544.279842100232,98.06199819933832,80.8542350564925,554.0423409488396,5.865231362403878,1265,-3.0000373218921337,-4.93484958811449
2612,248.325,10.488746987854297,2541.6950632222542,179.92413916873986,1940.6681565768224,2544.279724131448,98.06195119792946,80.85151162404688,553.970910551878,5.865455668586687,1265,-3.0000373359404406,-4.934338865920919
2613,248.33499999999998,10.489125273390027,2541.694884771613,179.91793400970747,1940.672778071071,2544.279606161792,98.061904196422,80.84878868516043,553.8994825618327,5.865679967211347,1265,-3.000037349988533,-4.933828187752041
2614,248.34499999999997,10.489503519574273,2541.6947063179578,179.9117309972779,1940.6773994170348,2544.2794881912655,98.061857194816,80.84606623966923,553.828056978267,5.865904258279227,1265,-3.0000373640364106,-4.933317553597583
2615,248.355,10.489881726417556,2541.6945278612884,179.90553013052076,1940.6820206147431,2544.2793702198674,98.06181019311141,80.84334428740942,553.7566338007448,5.866128541791697,1265,-3.0000373780840737,-4.932806963447309
2616,248.36499999999998,10.49025989393037,2541.694349401607,179.8993314086142,1940.6866416642204,2544.2792522475984,98.06176319130826,80.84062282821722,553.6852130288299,5.866352817750126,1265,-3.000037392131522,-4.9322964172909565
2617,248.375,10.490638022123235,2541.694170938914,179.89313483069125,1940.6912625654957,2544.2791342744586,98.06171618940657,80.83790186192893,553.6137946620863,5.866577086155885,1265,-3.000037406178756,-4.931785915118286
2618,248.385,10.491016111006651,2541.693992473209,179.8869403958869,1940.6958833185963,2544.2790163004465,98.0616691874063,80.83518138838087,553.5423787000781,5.86680134701034,1265,-3.000037420225775,-4.9312754569190425
2619,248.39499999999998,10.491394160591124,2541.6938140044967,179.88074810335078,1940.7005039235496,2544.2788983255646,98.06162218530748,80.83246140740945,553.4709651423694,5.86702560031486,1265,-3.000037434272579,-4.930765042682981
2620,248.40499999999997,10.491772170887154,2541.6936355327757,179.87455795223633,1940.7051243803833,2544.2787803498118,98.06157518311011,80.82974191885117,553.3995539885249,5.867249846070812,1265,-3.000037448319169,-4.930254672399854
2621,248.415,10.492150141905238,2541.693457058048,179.8683699417177,1940.7097446891246,2544.2786623731895,98.06152818081421,80.82702292254254,553.3281452381088,5.867474084279564,1265,-3.0000374623655452,-4.929744346059416
2622,248.42499999999998,10.492528073655873,2541.6932785803147,179.86218407080983,1940.7143648498013,2544.2785443956964,98.06148117841973,80.82430441832021,553.2567388906862,5.867698314942483,1265,-3.0000374764117064,-4.929234063651432
2623,248.43499999999997,10.492905966149548,2541.693100099574,179.8560003387964,1940.7189848624407,2544.2784264173315,98.06143417592673,80.82158640602081,553.1853349458216,5.867922538060933,1265,-3.0000374904576534,-4.928723825165651
2624,248.445,10.493283819396748,2541.692921615832,179.84981874478618,1940.7236047270687,2544.278308438098,98.06138717333519,80.8188688854811,553.1139334030801,5.868146753636281,1265,-3.000037504503386,-4.92821363059183
2625,248.45499999999998,10.493661633407969,2541.6927431290865,179.84363928786695,1940.728224443715,2544.278190457994,98.06134017064511,80.81615185653787,553.042534262027,5.868370961669893,1265,-3.0000375185489037,-4.927703479919744
2626,248.46499999999997,10.494039408193695,2541.6925646393393,179.83746196724394,1940.7328440124058,2544.27807247702,98.0612931678565,80.81343531902799,552.9711375222272,5.868595162163132,1265,-3.000037532594208,-4.927193373139137
2627,248.475,10.494417143764405,2541.69238614659,179.8312867820475,1940.7374634331686,2544.2779544951754,98.06124616496935,80.81071927278838,552.8997431832465,5.868819355117363,1265,-3.0000375466392977,-4.926683310239791
2628,248.48499999999999,10.494794840130579,2541.692207650844,179.82511373138453,1940.7420827060307,2544.277836512463,98.0611991619837,80.80800371765605,552.8283512446503,5.869043540533951,1265,-3.0000375606841736,-4.926173291211441
2629,248.49499999999998,10.495172497302695,2541.6920291520973,179.81894281442726,1940.7467018310201,2544.2777185288796,98.0611521588995,80.80528865346805,552.7569617060043,5.869267718414259,1265,-3.0000375747288346,-4.925663316043888
2630,248.505,10.495550115291223,2541.6918506503553,179.81277403036592,1940.751320808163,2544.277600544428,98.06110515571679,80.80257408006153,552.6855745668744,5.86949188875965,1265,-3.000037588773282,-4.9251533847268725
2631,248.515,10.495927694106639,2541.6916721456146,179.80660737820367,1940.7559396374872,2544.2774825591055,98.06105815243555,80.79985999727366,552.6141898268264,5.869716051571486,1265,-3.000037602817515,-4.924643497250175
2632,248.52499999999998,10.496305233759418,2541.6914936378794,179.80044285731233,1940.7605583190216,2544.277364572914,98.06101114905582,80.79714640494167,552.5428074854268,5.86994020685113,1265,-3.0000376168615337,-4.924133653603558
2633,248.535,10.496682734260016,2541.6913151271506,179.79428046664572,1940.7651768527912,2544.277246585854,98.06096414557757,80.79443330290295,552.4714275422416,5.870164354599941,1265,-3.0000376309053394,-4.9236238537767925
2634,248.545,10.497060195618893,2541.691136613428,179.78812020541346,1940.7697952388232,2544.2771285979243,98.0609171420008,80.79172069099481,552.4000499968373,5.8703884948192835,1265,-3.0000376449489305,-4.923114097759665
2635,248.55499999999998,10.497437617846531,2541.690958096714,179.78196207283762,1940.774413477148,2544.2770106091266,98.06087013832554,80.78900856905474,552.3286748487805,5.870612627510517,1265,-3.0000376589923077,-4.922604385541932
2636,248.565,10.497815000953365,2541.6907795770085,179.77580606798222,1940.7790315677892,2544.2768926194594,98.06082313455177,80.78629693692025,552.2573020976379,5.870836752675001,1265,-3.000037673035471,-4.922094717113374
2637,248.575,10.498192344949866,2541.690601054313,179.7696521899558,1940.7836495107765,2544.2767746289232,98.0607761306795,80.7835857944289,552.1859317429763,5.871060870314096,1265,-3.000037687078421,-4.921585092463765
2638,248.58499999999998,10.498569649846486,2541.6904225286276,179.76350043800363,1940.7882673061367,2544.2766566375176,98.06072912670874,80.78087514141835,552.1145637843629,5.871284980429162,1265,-3.000037701121157,-4.921075511582885
2639,248.59499999999997,10.498946915653669,2541.690243999957,179.7573508113214,1940.7928849538957,2544.276538645246,98.06068212263949,80.7781649777263,552.0431982213646,5.871509083021557,1265,-3.0000377151636783,-4.920565974460493
2640,248.605,10.499324142381871,2541.690065468298,179.75120330884405,1940.7975024540824,2544.276420652105,98.06063511847174,80.77545530319054,551.9718350535487,5.871733178092641,1265,-3.000037729205987,-4.9200564810864025
2641,248.61499999999998,10.499701330041539,2541.689886933653,179.7450579299452,1940.8021198067245,2544.276302658095,98.06058811420553,80.77274611764885,551.9004742804829,5.871957265643769,1265,-3.000037743248081,-4.919547031450372
2642,248.625,10.500078478643115,2541.689708396024,179.73891467364908,1940.8067370118476,2544.2761846632175,98.06054110984083,80.77003742093919,551.8291159017346,5.872181345676302,1265,-3.000037757289962,-4.919037625542188
2643,248.635,10.500455588197028,2541.6895298554114,179.73277353913667,1940.8113540694787,2544.2760666674717,98.06049410537764,80.7673292128995,551.7577599168715,5.872405418191595,1265,-3.00003777133163,-4.918528263351624
2644,248.64499999999998,10.50083265871373,2541.6893513118166,179.7266345256364,1940.8159709796464,2544.2759486708587,98.06044710081598,80.76462149336781,551.6864063254613,5.872629483191004,1265,-3.0000377853730833,-4.918018944868481
2645,248.65499999999997,10.501209690203655,2541.6891727652387,179.72049763218791,1940.8205877423777,2544.2758306733767,98.06040009615583,80.76191426218223,551.6150551270724,5.872853540675888,1265,-3.0000377994143235,-4.9175096700825325
2646,248.665,10.501586682677232,2541.688994215683,179.71436285796153,1940.8252043576995,2544.275712675029,98.06035309139722,80.7592075191809,551.5437063212727,5.873077590647601,1265,-3.00003781345535,-4.917000438983577
2647,248.67499999999998,10.501963636144897,2541.6888156631467,179.70823020217898,1940.8298208256394,2544.275594675812,98.06030608654017,80.75650126420204,551.4723599076306,5.873301633107499,1265,-3.0000378274961634,-4.916491251561397
2648,248.68499999999997,10.502340550617067,2541.688637107632,179.70209966395868,1940.834437146223,2544.2754766757284,98.06025908158463,80.75379549708396,551.4010158857143,5.873525668056937,1265,-3.0000378415367637,-4.915982107805774
2649,248.695,10.502717426104176,2541.688458549139,179.69597124241807,1940.83905331948,2544.2753586747767,98.06021207653063,80.75109021766497,551.3296742550926,5.873749695497267,1265,-3.00003785557715,-4.915473007706521
2650,248.70499999999998,10.503094262616647,2541.6882799876707,179.6898449367515,1940.8436693454355,2544.275240672958,98.0601650713782,80.74838542578351,551.2583350153342,5.8739737154298455,1265,-3.0000378696173233,-4.914963951253406
2651,248.71499999999997,10.5034710601649,2541.6881014232285,179.6837207461286,1940.848285224118,2544.275122670273,98.06011806612729,80.74568112127807,551.1869981660079,5.874197727856025,1265,-3.000037883657283,-4.914454938436221
2652,248.725,10.503847818759349,2541.687922855812,179.67759866970425,1940.8529009555537,2544.2750046667206,98.06007106077794,80.74297730398717,551.1156637066829,5.87442173277716,1265,-3.00003789769703,-4.913945969244781
2653,248.73499999999999,10.504224538410414,2541.6877442854216,179.6714787065483,1940.8575165397706,2544.274886662302,98.06002405533015,80.74027397374944,551.044331636928,5.874645730194602,1265,-3.000037911736563,-4.9134370436688695
2654,248.74499999999998,10.5046012191285,2541.687565712058,179.6653608559081,1940.8621319767947,2544.2747686570146,98.0599770497839,80.73757113040352,550.9730019563127,5.874869720109703,1265,-3.0000379257758834,-4.912928161698294
2655,248.755,10.504977860924022,2541.687387135725,179.6592451169111,1940.8667472666534,2544.274650650862,98.05993004413921,80.73486877378816,550.9016746644065,5.875093702523816,1265,-3.00003793981499,-4.912419323322837
2656,248.765,10.50535446380739,2541.687208556422,179.65313148871252,1940.871362409375,2544.2745326438426,98.0598830383961,80.73216690374217,550.830349760779,5.87531767743829,1265,-3.0000379538538846,-4.911910528532307
2657,248.77499999999998,10.505731027789006,2541.687029974151,179.64701997050133,1940.8759774049859,2544.274414635958,98.05983603255451,80.72946552010441,550.7590272449997,5.8755416448544775,1265,-3.0000379678925655,-4.911401777316499
2658,248.785,10.506107552879271,2541.6868513889117,179.6409105613999,1940.8805922535128,2544.274296627206,98.05978902661452,80.72676462271379,550.6877071166388,5.875765604773729,1265,-3.000037981931034,-4.910893069665226
2659,248.795,10.506484039088583,2541.6866728007053,179.63480326054759,1940.8852069549828,2544.2741786175875,98.0597420205761,80.72406421140931,550.6163893752658,5.875989557197395,1265,-3.000037995969289,-4.910384405568276
2660,248.80499999999998,10.506860486427348,2541.686494209533,179.6286980671498,1940.8898215094237,2544.2740606071034,98.05969501443924,80.72136428603002,550.5450740204514,5.876213502126823,1265,-3.0000380100073314,-4.909875785015469
2661,248.815,10.50723689490595,2541.686315615396,179.62259498034896,1940.8944359168618,2544.273942595753,98.05964800820396,80.71866484641505,550.4737610517655,5.876437439563363,1265,-3.0000380240451605,-4.909367207996607
2662,248.825,10.507613264534788,2541.686137018296,179.61649399929928,1940.8990501773249,2544.273824583537,98.05960100187029,80.71596589240357,550.4024504687786,5.876661369508364,1265,-3.0000380380827774,-4.908858674501497
2663,248.83499999999998,10.507989595324245,2541.6859584182325,179.61039512310703,1940.9036642908386,2544.273706570454,98.05955399543818,80.71326742383484,550.3311422710614,5.876885291963174,1265,-3.000038052120181,-4.908350184519943
2664,248.84499999999997,10.508365887284722,2541.685779815209,179.60429835108312,1940.9082782574326,2544.273588556508,98.05950698890766,80.71056944054814,550.2598364581845,5.877109206929141,1265,-3.000038066157372,-4.907841738041746
2665,248.855,10.508742140426584,2541.6856012092244,179.59820368224334,1940.9128920771311,2544.273470541695,98.05945998227874,80.70787194238288,550.188533029719,5.8773331144076115,1265,-3.00003808019435,-4.907333335056739
2666,248.86499999999998,10.509118354760224,2541.685422600282,179.59211111581,1940.9175057499624,2544.273352526018,98.05941297555141,80.70517492917847,550.1172319852355,5.877557014399933,1265,-3.0000380942311153,-4.906824975554709
2667,248.875,10.509494530296026,2541.6852439883783,179.58602065095852,1940.9221192759546,2544.2732345094737,98.05936596872567,80.70247840077442,550.0459333243056,5.877780906907452,1265,-3.000038108267668,-4.906316659525505
2668,248.885,10.509870667044353,2541.6850653735187,179.57993228681966,1940.9267326551324,2544.273116492065,98.05931896180155,80.69978235701032,549.9746370465002,5.878004791931514,1265,-3.0000381223040087,-4.905808386958905
2669,248.89499999999998,10.51024676501559,2541.684886755703,179.5738460225432,1940.9313458875247,2544.2729984737916,98.059271954779,80.69708679772575,549.903343151391,5.878228669473464,1265,-3.0000381363401365,-4.905300157844742
2670,248.90499999999997,10.5106228242201,2541.6847081349306,179.56776185734665,1940.9359589731566,2544.2728804546527,98.05922494765808,80.69439172276041,549.8320516385495,5.878452539534647,1265,-3.000038150376052,-4.90479197217284
2671,248.915,10.510998844668263,2541.6845295112053,179.5616797902993,1940.9405719120573,2544.272762434649,98.05917794043874,80.69169713195409,549.7607625075472,5.87867640211641,1265,-3.0000381644117544,-4.904283829932996
2672,248.92499999999998,10.511374826370439,2541.6843508845277,179.55559982065267,1940.9451847042526,2544.272644413782,98.05913093312103,80.68900302514656,549.6894757579562,5.878900257220095,1265,-3.000038178447245,-4.903775731115047
2673,248.93499999999997,10.511750769336992,2541.684172254896,179.54952194754586,1940.9497973497694,2544.2725263920493,98.05908392570494,80.68630940217774,549.6181913893483,5.879124104847046,1265,-3.0000381924825232,-4.903267675708821
2674,248.945,10.512126673578287,2541.6839936223137,179.54344617016568,1940.9544098486351,2544.2724083694507,98.05903691819046,80.68361626288755,549.5469094012959,5.879347944998605,1265,-3.000038206517589,-4.902759663704117
2675,248.95499999999998,10.512502539104673,2541.6838149867826,179.53737248766504,1940.9590222008758,2544.2722903459903,98.0589899105776,80.68092360711603,549.4756297933711,5.879571777676117,1265,-3.000038220552442,-4.902251695090769
2676,248.96499999999997,10.51287836592652,2541.683636348301,179.53130089917295,1940.9636344065195,2544.2721723216646,98.05894290286636,80.67823143470322,549.4043525651464,5.8797956028809235,1265,-3.000038234587084,-4.901743769858605
2677,248.975,10.513254154054172,2541.683457706872,179.52523140381763,1940.9682464655928,2544.2720542964744,98.05889589505675,80.67553974548926,549.3330777161942,5.880019420614366,1265,-3.0000382486215127,-4.901235887997458
2678,248.98499999999999,10.513629903497982,2541.683279062495,179.51916400091045,1940.9728583781218,2544.2719362704197,98.05884888714877,80.67284853931434,549.2618052460873,5.880243230877788,1265,-3.0000382626557296,-4.900728049497147
2679,248.99499999999998,10.514005614268305,2541.6831004151736,179.51309868947703,1940.9774701441347,2544.2718182435024,98.05880187914244,80.67015781601876,549.1905351543986,5.880467033672528,1265,-3.0000382766897338,-4.90022025434749
2680,249.005,10.514381286375478,2541.682921764906,179.50703546877546,1940.9820817636573,2544.27170021572,98.05875487103775,80.6674675754428,549.1192674407012,5.880690828999929,1265,-3.000038290723526,-4.8997125025383355
2681,249.015,10.51475691982985,2541.6827431116953,179.5009743378982,1940.9866932367174,2544.271582187075,98.0587078628347,80.6647778174269,549.0480021045678,5.880914616861328,1265,-3.0000383047571066,-4.899204794059497
2682,249.02499999999998,10.51513251464176,2541.6825644555415,179.49491529608486,1940.9913045633411,2544.271464157566,98.05866085453327,80.66208854181144,548.9767391455721,5.881138397258066,1265,-3.0000383187904758,-4.898697128900825
2683,249.035,10.51550807082155,2541.6823857964464,179.48885834246755,1940.9959157435562,2544.271346127194,98.0586138461335,80.659399748437,548.9054785632873,5.881362170191484,1265,-3.000038332823632,-4.898189507052141
2684,249.045,10.515883588379548,2541.6822071344095,179.4828034762866,1941.0005267773881,2544.2712280959586,98.05856683763537,80.65671143714411,548.834220357287,5.881585935662919,1265,-3.0000383468565763,-4.8976819285032915
2685,249.05499999999998,10.516259067326098,2541.6820284694327,179.4767506965675,1941.0051376648653,2544.271110063859,98.0585198290389,80.65402360777345,548.7629645271448,5.88180969367371,1265,-3.0000383608893095,-4.897174393244101
2686,249.065,10.516634507671522,2541.6818498015186,179.47070000258375,1941.009748406014,2544.2709920308976,98.05847282034408,80.65133626016569,548.6917110724347,5.882033444225195,1265,-3.00003837492183,-4.896666901264412
2687,249.075,10.51700990942615,2541.6816711306665,179.46465139344022,1941.01435900086,2544.2708739970735,98.05842581155092,80.64864939416161,548.6204599927306,5.882257187318712,1265,-3.000038388954139,-4.896159452554057
2688,249.08499999999998,10.517385272600318,2541.6814924568766,179.45860486842423,1941.0189694494325,2544.2707559623855,98.05837880265942,80.64596300960204,548.5492112876066,5.882480922955596,1265,-3.000038402986237,-4.895652047102878
2689,249.09499999999997,10.517760597204333,2541.681313780151,179.4525604265819,1941.0235797517555,2544.270637926834,98.0583317936696,80.64327710632787,548.4779649566369,5.882704651137186,1265,-3.0000384170181222,-4.895144684900728
2690,249.105,10.518135883248526,2541.681135100492,179.4465180671547,1941.0281899078577,2544.270519890421,98.05828478458143,80.64059168418005,548.4067209993959,5.882928371864818,1265,-3.0000384310497963,-4.894637365937438
2691,249.11499999999998,10.518511130743214,2541.680956417898,179.4404777892477,1941.0327999177653,2544.270401853145,98.05823777539496,80.6379067429996,548.3354794154584,5.883152085139827,1265,-3.0000384450812585,-4.894130090202857
2692,249.125,10.518886339698707,2541.680777732371,179.43443959213437,1941.0374097815043,2544.2702838150058,98.05819076611013,80.63522228262761,548.2642402043987,5.883375790963547,1265,-3.000038459112509,-4.89362285768683
2693,249.135,10.519261510125324,2541.680599043913,179.42840347485156,1941.0420194991032,2544.2701657760053,98.05814375672699,80.63253830290522,548.1930033657918,5.883599489337315,1265,-3.0000384731435483,-4.893115668379195
2694,249.14499999999998,10.51963664203338,2541.680420352525,179.42236943672637,1941.0466290705883,2544.2700477361423,98.05809674724554,80.62985480367361,548.1217688992126,5.883823180262465,1265,-3.0000384871743764,-4.892608522269807
2695,249.15499999999997,10.520011735433176,2541.6802416582073,179.4163374768239,1941.0512384959857,2544.269929695418,98.05804973766577,80.62717178477409,548.0505368042363,5.88404686374033,1265,-3.000038501204992,-4.8921014193485135
2696,249.165,10.520386790335019,2541.68006296096,179.41030759432226,1941.0558477753227,2544.2698116538304,98.05800272798767,80.62448924604797,547.979307080438,5.884270539772244,1265,-3.000038515235397,-4.891594359605167
2697,249.17499999999998,10.52076180674921,2541.6798842607864,179.40427978844943,1941.0604569086254,2544.2696936113816,98.05795571821128,80.62180718733666,547.9080797273932,5.8844942083595395,1265,-3.0000385292655904,-4.891087343029608
2698,249.18499999999997,10.521136784686052,2541.6797055576853,179.39825405836984,1941.0650658959214,2544.269575568071,98.05790870833657,80.61912560848158,547.8368547446775,5.88471786950355,1265,-3.0000385432955725,-4.890580369611707
2699,249.195,10.521511724155845,2541.67952685166,179.39223040322187,1941.0696747372367,2544.269457523899,98.05786169836357,80.61644450932428,547.7656321318663,5.884941523205608,1265,-3.0000385573253436,-4.890073439341304
2700,249.20499999999998,10.521886625168879,2541.679348142708,179.38620882220724,1941.0742834325981,2544.269339478864,98.05781468829227,80.61376388970635,547.6944118885356,5.885165169467045,1265,-3.000038571354903,-4.889566552208263
2701,249.21499999999997,10.522261487735452,2541.6791694308345,179.38018931448966,1941.0788919820332,2544.26922143297,98.05776767812266,80.6110837494694,547.6231940142612,5.885388808289191,1265,-3.0000385853842513,-4.889059708202428
2702,249.225,10.522636311865847,2541.678990716037,179.37417187925132,1941.0835003855666,2544.269103386212,98.05772066785478,80.60840408845517,547.5519785086193,5.885612439673379,1265,-3.0000385994133887,-4.888552907313674
2703,249.23499999999999,10.523011097570363,2541.678811998318,179.36815651562134,1941.0881086432278,2544.2689853385937,98.05767365748859,80.60572490650542,547.4807653711861,5.885836063620937,1265,-3.0000386134423147,-4.888046149531844
2704,249.24499999999998,10.523385844859279,2541.6786332776796,179.36214322285113,1941.0927167550417,2544.268867290115,98.0576266470241,80.60304620346197,547.4095546015379,5.886059680133198,1265,-3.00003862747103,-4.887539434846804
2705,249.255,10.523760553742875,2541.678454554122,179.35613200012926,1941.0973247210347,2544.268749240776,98.05757963646133,80.60036797916675,547.3383461992512,5.886283289211489,1265,-3.000038641499534,-4.887032763248417
2706,249.265,10.524135224231438,2541.678275827645,179.3501228465642,1941.1019325412356,2544.268631190575,98.0575326258003,80.59769023346168,547.2671401639027,5.886506890857141,1265,-3.0000386555278276,-4.886526134726541
2707,249.27499999999998,10.524509856335238,2541.678097098251,179.34411576136378,1941.1065402156682,2544.2685131395133,98.05748561504096,80.59501296618879,547.1959364950691,5.886730485071481,1265,-3.0000386695559094,-4.886019549271059
2708,249.285,10.524884450064556,2541.6779183659405,179.33811074371917,1941.111147744361,2544.268395087591,98.05743860418336,80.59233617719016,547.1247351923273,5.886954071855838,1265,-3.0000386835837807,-4.885513006871806
2709,249.295,10.525259005429664,2541.677739630714,179.33210779282766,1941.1157551273402,2544.2682770348074,98.05739159322748,80.58965986630795,547.0535362552546,5.88717765121154,1265,-3.000038697611441,-4.885006507518669
2710,249.30499999999998,10.52563352244083,2541.6775608925736,179.32610690780177,1941.1203623646322,2544.268158981165,98.05734458217334,80.58698403338435,546.982339683428,5.887401223139915,1265,-3.0000387116388905,-4.884500051201506
2711,249.315,10.526008001108323,2541.67738215152,179.3201080878235,1941.1249694562644,2544.2680409266613,98.05729757102092,80.58430867826164,546.9111454764247,5.887624787642288,1265,-3.0000387256661294,-4.883993637910198
2712,249.325,10.52638244144241,2541.6772034075525,179.3141113321595,1941.1295764022625,2544.267922871297,98.05725055977027,80.58163380078213,546.8399536338226,5.887848344719988,1265,-3.000038739693158,-4.883487267634605
2713,249.33499999999998,10.526756843453352,2541.6770246606743,179.30811663992117,1941.134183202654,2544.267804815073,98.05720354842133,80.57895940078824,546.7687641551988,5.888071894374339,1265,-3.000038753719975,-4.882980940364602
2714,249.34499999999997,10.527131207151406,2541.676845910886,179.302124010291,1941.1387898574644,2544.2676867579894,98.05715653697413,80.5762854781224,546.6975770401315,5.8882954366066675,1265,-3.000038767746582,-4.882474656090054
2715,249.355,10.52750553254684,2541.676667158188,179.29613344244567,1941.1433963667216,2544.2675687000456,98.05710952542869,80.57361203262714,546.6263922881983,5.888518971418298,1265,-3.000038781772978,-4.881968414800842
2716,249.36499999999998,10.527879819649895,2541.6764884025824,179.29014493561726,1941.1480027304506,2544.2674506412427,98.057062513785,80.57093906414505,546.5552098989774,5.888742498810557,1265,-3.000038795799164,-4.881462216486849
2717,249.375,10.528254068470831,2541.676309644069,179.28415848895764,1941.1526089486788,2544.2673325815795,98.05701550204304,80.56826657251875,546.4840298720469,5.888966018784767,1265,-3.0000388098251385,-4.880956061137937
2718,249.385,10.528628279019905,2541.676130882649,179.27817410163624,1941.157215021434,2544.2672145210568,98.05696849020286,80.56559455759097,546.4128522069851,5.889189531342253,1265,-3.0000388238509035,-4.880449948743994
2719,249.39499999999998,10.529002451307349,2541.675952118323,179.27219177283652,1941.1618209487406,2544.2670964596746,98.05692147826443,80.56292301920445,546.3416769033705,5.889413036484338,1265,-3.000038837876458,-4.879943879294899
2720,249.40499999999997,10.52937658534342,2541.6757733510935,179.26621150184485,1941.1664267306262,2544.266978397434,98.05687446622777,80.56025195720203,546.2705039607816,5.889636534212344,1265,-3.000038851901802,-4.879437852780525
2721,249.415,10.529750681138353,2541.67559458096,179.26023328765254,1941.171032367117,2544.266860334333,98.05682745409287,80.55758137142661,546.1993333787973,5.889860024527596,1265,-3.0000388659269355,-4.878931869190749
2722,249.42499999999998,10.530124738702389,2541.6754158079243,179.254257129584,1941.17563785824,2544.2667422703735,98.05678044185974,80.5549112617211,546.1281651569964,5.890083507431413,1265,-3.0000388799518594,-4.878425928515486
2723,249.43499999999997,10.530498758045772,2541.675237031986,179.2482830268066,1941.180243204021,2544.2666242055543,98.05673342952838,80.55224162792857,546.0569992949578,5.890306982925119,1265,-3.000038893976572,-4.877920030744582
2724,249.445,10.530872739178736,2541.6750582531477,179.24231097842747,1941.184848404488,2544.2665061398766,98.05668641709879,80.54957246989207,545.9858357922608,5.890530451010035,1265,-3.0000389080010748,-4.877414175867934
2725,249.45499999999998,10.531246682111503,2541.674879471411,179.23634098377033,1941.1894534596652,2544.2663880733407,98.05663940457097,80.54690378745472,545.9146746484845,5.890753911687481,1265,-3.0000389220253676,-4.876908363875438
2726,249.46499999999997,10.531620586854313,2541.6747006867754,179.23037304181946,1941.1940583695807,2544.2662700059464,98.05659239194493,80.54423558045976,545.8435158632085,5.890977364958778,1265,-3.0000389360494504,-4.876402594756976
2727,249.475,10.531994453417397,2541.674521899242,179.22440715196663,1941.198663134262,2544.266151937693,98.0565453792207,80.54156784875039,545.7723594360123,5.8912008108252465,1265,-3.0000389500733227,-4.875896868502441
2728,249.48499999999999,10.532368281810971,2541.6743431088125,179.2184433133203,1941.2032677537334,2544.266033868581,98.05649836639822,80.53890059216998,545.7012053664755,5.891424249288204,1265,-3.000038964096986,-4.875391185101708
2729,249.49499999999998,10.532742072045258,2541.6741643154874,179.2124815250275,1941.2078722280219,2544.265915798611,98.05645135347754,80.53623381056191,545.6300536541783,5.891647680348971,1265,-3.000038978120439,-4.8748855445446875
2730,249.505,10.533115824130478,2541.6739855192664,179.2065217863149,1941.2124765571536,2544.2657977277822,98.05640434045864,80.53356750376962,545.5589042987002,5.8918711040088665,1265,-3.0000389921436814,-4.874379946821261
2731,249.515,10.533489538076854,2541.6738067201536,179.20056409634844,1941.2170807411565,2544.265679656096,98.05635732734157,80.5309016716366,545.4877572996215,5.892094520269208,1265,-3.000039006166715,-4.873874391921332
2732,249.52499999999998,10.533863213894602,2541.6736279181478,179.19460845437942,1941.2216847800566,2544.265561583552,98.05631031412628,80.52823631400643,545.4166126565227,5.8923179291313135,1265,-3.0000390201895377,-4.8733688798347945
2733,249.535,10.534236851593928,2541.67344911325,179.1886548595051,1941.2262886738795,2544.2654435101495,98.0562633008128,80.52557143072276,545.3454703689838,5.8925413305965,1265,-3.0000390342121506,-4.872863410551537
2734,249.545,10.53461045118504,2541.673270305462,179.18270331098378,1941.2308924226516,2544.26532543589,98.05621628740111,80.52290702162927,545.2743304365857,5.892764724666085,1265,-3.0000390482345547,-4.872357984061456
2735,249.55499999999998,10.534984012678152,2541.6730914947843,179.1767538079657,1941.2354960263992,2544.2652073607724,98.05616927389124,80.52024308656969,545.2031928589089,5.892988111341385,1265,-3.000039062256748,-4.8718526003544635
2736,249.565,10.535357536083467,2541.6729126812174,179.17080634966095,1941.24009948515,2544.2650892847964,98.05612226028317,80.51757962538787,545.132057635534,5.893211490623717,1265,-3.000039076278732,-4.87134725942046
2737,249.575,10.535731021411193,2541.6727338647647,179.16486093527885,1941.2447027989306,2544.264971207965,98.05607524657694,80.51491663792767,545.0609247660424,5.893434862514393,1265,-3.000039090300507,-4.870841961249326
2738,249.58499999999998,10.536104468671516,2541.672555045423,179.15891756392762,1941.249305967765,2544.264853130275,98.05602823277249,80.51225412403303,544.9897942500147,5.893658227014732,1265,-3.0000391043220724,-4.870336705830996
2739,249.59499999999997,10.536477877874642,2541.672376223197,179.1529762348793,1941.2539089916809,2544.2647350517277,98.05598121886989,80.50959208354794,544.9186660870325,5.893881584126046,1265,-3.0000391183434276,-4.869831493155347
2740,249.605,10.53685124903077,2541.6721973980857,179.14703694731918,1941.2585118707054,2544.2646169723234,98.0559342048691,80.50693051631649,544.847540276677,5.894104933849652,1265,-3.0000391323645736,-4.869326323212299
2741,249.61499999999998,10.537224582150081,2541.67201857009,179.14109970038191,1941.2631146048636,2544.264498892062,98.05588719077014,80.50426942218279,544.7764168185297,5.894328276186862,1265,-3.0000391463855105,-4.868821195991757
2742,249.625,10.537597877242778,2541.6718397392137,179.13516449331453,1941.2677171941832,2544.2643808109456,98.05584017657301,80.50160880099101,544.7052957121723,5.89455161113899,1265,-3.0000391604062377,-4.868316111483627
2743,249.635,10.537971134319042,2541.671660905454,179.12923132531157,1941.2723196386896,2544.2642627289697,98.05579316227772,80.49894865258538,544.6341769571866,5.894774938707349,1265,-3.0000391744267554,-4.867811069677822
2744,249.64499999999998,10.538344353389055,2541.671482068814,179.12330019553593,1941.276921938409,2544.264144646139,98.05574614788426,80.49628897681025,544.5630605531544,5.894998258893251,1265,-3.0000391884470643,-4.867306070564245
2745,249.65499999999997,10.538717534463004,2541.671303229295,179.11737110321502,1941.281524093368,2544.2640265624514,98.05569913339266,80.49362977350995,544.4919464996577,5.895221571698008,1265,-3.000039202467163,-4.8668011141328105
2746,249.665,10.53909067755107,2541.6711243868963,179.11144404748586,1941.2861261035932,2544.263908477907,98.05565211880287,80.49097104252894,544.4208347962789,5.895444877122934,1265,-3.0000392164870533,-4.866296200373439
2747,249.67499999999998,10.539463782663425,2541.670945541618,179.1055190275585,1941.2907279691105,2544.263790392505,98.05560510411495,80.48831278371168,544.3497254426002,5.895668175169337,1265,-3.0000392305067343,-4.865791329276042
2748,249.68499999999997,10.539836849810253,2541.670766693466,179.099596042715,1941.295329689947,2544.2636723062496,98.05555808932884,80.48565499690272,544.278618438204,5.895891465838531,1265,-3.000039244526207,-4.86528650083052
2749,249.695,10.540209879001718,2541.670587842435,179.09367509202787,1941.299931266128,2544.2635542191356,98.0555110744446,80.48299768194671,544.207513782673,5.896114749131824,1265,-3.0000392585454696,-4.864781715026819
2750,249.70499999999998,10.540582870247995,2541.670408988531,179.08775617475658,1941.3045326976808,2544.263436131167,98.05546405946221,80.48034083868829,544.1364114755899,5.896338025050527,1265,-3.000039272564523,-4.864276971854829
2751,249.71499999999997,10.540955823559242,2541.670230131753,179.08183929011298,1941.3091339846294,2544.2633180423427,98.05541704438168,80.47768446697222,544.0653115165376,5.8965612935959495,1265,-3.0000392865833683,-4.863772271304489
2752,249.725,10.54132873894564,2541.670051272102,179.07592443729678,1941.3137351270034,2544.263199952662,98.05537002920302,80.47502856664326,543.9942139050992,5.896784554769401,1265,-3.000039300602004,-4.863267613365702
2753,249.73499999999999,10.541701616417344,2541.6698724095795,179.07001161540276,1941.318336124827,2544.263081862127,98.05532301392621,80.4723731375463,543.9231186408575,5.897007808572189,1265,-3.000039314620431,-4.862762998028408
2754,249.74499999999998,10.542074455984507,2541.669693544184,179.06410082371835,1941.3229369781266,2544.2629637707346,98.05527599855127,80.46971817952624,543.8520257233962,5.897231055005624,1265,-3.0000393286386493,-4.862258425282526
2755,249.755,10.54244725765729,2541.6695146759193,179.0581920614461,1941.3275376869276,2544.2628456784873,98.05522898307821,80.46706369242804,543.7809351522985,5.897454294071011,1265,-3.000039342656659,-4.8617538951179755
2756,249.765,10.54282002144586,2541.669335804786,179.05228532773054,1941.3321382512588,2544.262727585385,98.05518196750702,80.46440967609678,543.7098469271481,5.897677525769658,1265,-3.00003935667446,-4.861249407524683
2757,249.77499999999998,10.543192747360354,2541.669156930785,179.04638062184878,1941.336738671144,2544.2626094914285,98.05513495183772,80.46175613037752,543.6387610475285,5.897900750102874,1265,-3.0000393706920527,-4.860744962492566
2758,249.785,10.543565435410931,2541.668978053916,179.0404779429037,1941.3413389466104,2544.2624913966156,98.05508793607028,80.45910305511545,543.5676775130238,5.898123967071964,1265,-3.0000393847094364,-4.8602405600115715
2759,249.795,10.543938085607742,2541.66879917418,179.0345772901419,1941.345939077685,2544.2623733009477,98.05504092020473,80.45645045015577,543.4965963232178,5.898347176678233,1265,-3.000039398726611,-4.859736200071625
2760,249.80499999999998,10.54431069796092,2541.6686202915803,179.02867866278564,1941.3505390643923,2544.2622552044254,98.05499390424106,80.45379831534378,543.4255174776946,5.898570378922989,1265,-3.0000394127435777,-4.859231882662652
2761,249.815,10.54468327248062,2541.668441406115,179.02278205999198,1941.3551389067597,2544.262137107048,98.05494688817929,80.4511466505248,543.3544409760385,5.898793573807536,1265,-3.000039426760335,-4.858727607774579
2762,249.825,10.545055809176974,2541.6682625177864,179.01688748100983,1941.3597386048127,2544.262019008816,98.05489987201939,80.44849545554426,543.2833668178339,5.89901676133318,1265,-3.0000394407768844,-4.858223375397346
2763,249.83499999999998,10.545428308060123,2541.6680836265955,179.01099492497178,1941.364338158578,2544.2619009097293,98.05485285576138,80.44584473024761,543.2122950026653,5.899239941501224,1265,-3.0000394547932254,-4.857719185520894
2764,249.84499999999997,10.5458007691402,2541.6679047325447,179.0051043911753,1941.3689375680817,2544.261782809789,98.05480583940528,80.44319447448038,543.1412255301174,5.899463114312972,1265,-3.000039468809358,-4.857215038135148
2765,249.855,10.546173192427341,2541.6677258356317,178.99921587867942,1941.3735368333491,2544.261664708994,98.05475882295109,80.44054468808817,543.0701583997749,5.899686279769728,1265,-3.000039482825283,-4.856710933230043
2766,249.86499999999998,10.54654557793167,2541.66754693586,178.9933293868251,1941.3781359544068,2544.2615466073444,98.05471180639877,80.43789537091658,542.9990936112227,5.899909437872797,1265,-3.000039496840999,-4.8562068707955355
2767,249.875,10.54691792566333,2541.667368033229,178.98744491471862,1941.3827349312826,2544.2614285048408,98.0546647897484,80.43524652281137,542.928031164046,5.900132588623478,1265,-3.0000395108565066,-4.855702850821547
2768,249.885,10.547290235632431,2541.6671891277415,178.98156246164575,1941.3873337640005,2544.2613104014836,98.05461777299992,80.43259814361826,542.8569710578299,5.900355732023074,1265,-3.000039524871806,-4.855198873298032
2769,249.89499999999998,10.5476625078491,2541.6670102193966,178.97568202677041,1941.391932452587,2544.2611922972724,98.05457075615335,80.42995023318313,542.7859132921599,5.9005788680728894,1265,-3.0000395388868974,-4.854694938214918
2770,249.90499999999997,10.548034742323452,2541.666831308196,178.96980360927805,1941.3965309970674,2544.2610741922067,98.05452373920872,80.42730279135182,542.7148578666213,5.9008019967742245,1265,-3.0000395529017814,-4.8541910455621595
2771,249.915,10.548406939065623,2541.6666523941403,178.96392720834137,1941.4011293974709,2544.260956086288,98.05447672216599,80.4246558179703,542.6438047807997,5.901025118128379,1265,-3.000039566916457,-4.8536871953296945
2772,249.92499999999998,10.548779098085713,2541.6664734772326,178.95805282326845,1941.4057276538208,2544.2608379795165,98.05442970502516,80.42200931288458,542.5727540342809,5.901248232136654,1265,-3.000039580930924,-4.853183387507476
2773,249.93499999999997,10.549151219393837,2541.6662945574694,178.95218045319484,1941.4103257661436,2544.2607198718893,98.05438268778629,80.41936327594073,542.501705626651,5.9014713388003495,1265,-3.000039594945183,-4.852679622085446
2774,249.945,10.54952330300011,2541.6661156348555,178.94631009734306,1941.4149237344661,2544.26060176341,98.05433567044933,80.41671770698487,542.4306595574957,5.901694438120766,1265,-3.000039608959235,-4.852175899053554
2775,249.95499999999998,10.549895348914635,2541.665936709391,178.94044175485425,1941.4195215588138,2544.2604836540777,98.0542886530143,80.41407260586321,542.3596158264012,5.901917530099203,1265,-3.0000396229730786,-4.85167221840175
2776,249.96499999999997,10.550267357147522,2541.665757781077,178.93457542510765,1941.4241192392135,2544.260365543893,98.0542416354812,80.41142797242198,542.288574432954,5.9021406147369575,1265,-3.0000396369867146,-4.8511685801199915
2777,249.975,10.550639327708877,2541.6655788499133,178.92871110708091,1941.428716775691,2544.260247432854,98.05419461785006,80.4087838065075,542.2175353767403,5.90236369203533,1265,-3.000039651000143,-4.850664984198219
2778,249.98499999999999,10.55101126060879,2541.6653999159025,178.92284880011897,1941.4333141682716,2544.260129320963,98.05414760012086,80.40614010796614,542.1464986573468,5.902586761995615,1265,-3.000039665013363,-4.85016143062638
2779,249.99499999999998,10.55138315585737,2541.665220979042,178.91698850345972,1941.437911416982,2544.260011208218,98.05410058229359,80.40349687664431,542.0754642743602,5.902809824619115,1265,-3.0000396790263757,-4.8496579193944624
2780,250.005,10.551755013464705,2541.665042039337,178.9111302161894,1941.4425085218477,2544.259893094621,98.05405356436827,80.40085411238854,542.0044322273673,5.903032879907124,1265,-3.0000396930391813,-4.849154450492387
2781,250.015,10.552126833440886,2541.664863096787,178.9052739375655,1941.4471054828944,2544.259774980172,98.0540065463449,80.39821181504536,541.9334025159551,5.903255927860938,1265,-3.0000397070517786,-4.848651023910125
2782,250.02499999999998,10.552498615796017,2541.664684151393,178.89941966689045,1941.4517023001495,2544.25965686487,98.05395952822347,80.39556998446137,541.8623751397106,5.903478968481855,1265,-3.0000397210641685,-4.848147639637631
2783,250.035,10.552870360540176,2541.6645052031554,178.89356740322646,1941.456298973638,2544.2595387487163,98.05391251000401,80.39292862048329,541.7913500982212,5.903702001771172,1265,-3.000039735076351,-4.84764429766487
2784,250.045,10.55324206768345,2541.6643262520747,178.88771714582612,1941.4608955033862,2544.2594206317094,98.0538654916865,80.3902877229578,541.7203273910742,5.903925027730181,1265,-3.0000397490883266,-4.847140997981811
2785,250.05499999999998,10.553613737235935,2541.664147298153,178.88186889398003,1941.4654918894212,2544.259302513851,98.05381847327097,80.38764729173171,541.649307017857,5.90414804636018,1265,-3.0000397631000943,-4.846637740578391
2786,250.065,10.553985369207687,2541.6639683413905,178.87602264681166,1941.4700881317658,2544.2591843951395,98.05377145475738,80.38500732665187,541.5782889781576,5.904371057662462,1265,-3.000039777111655,-4.846134525444605
2787,250.075,10.554356963608807,2541.6637893817892,178.87017840353235,1941.4746842304496,2544.2590662755774,98.05372443614577,80.3823678275652,541.5072732715635,5.9045940616383215,1265,-3.0000397911230086,-4.845631352570384
2788,250.08499999999998,10.554728520449355,2541.6636104193485,178.86433616340685,1941.4792801854956,2544.258948155163,98.05367741743612,80.37972879431867,541.4362598976626,5.904817058289052,1265,-3.0000398051341546,-4.84512822194573
2789,250.09499999999997,10.555100039739415,2541.663431454071,178.8584959255868,1941.4838759969316,2544.2588300338975,98.05363039862847,80.37709022675931,541.3652488560431,5.905040047615948,1265,-3.0000398191450937,-4.84462513356058
2790,250.105,10.555471521489059,2541.663252485955,178.85265768933246,1941.4884716647832,2544.258711911779,98.05358337972278,80.37445212473419,541.2942401462931,5.905263029620301,1265,-3.000039833155825,-4.844122087404919
2791,250.11499999999998,10.555842965708349,2541.6630735150056,178.84682145381825,1941.4930671890759,2544.2585937888107,98.05353636071906,80.37181448809051,541.2232337680009,5.905486004303403,1265,-3.0000398471663496,-4.843619083468711
2792,250.125,10.556214372407357,2541.6628945412194,178.84098721828852,1941.4976625698364,2544.25847566499,98.05348934161734,80.36917731667543,541.1522297207551,5.905708971666548,1265,-3.0000398611766674,-4.843116121741933
2793,250.135,10.55658574159614,2541.662715564601,178.8351549819786,1941.502257807089,2544.2583575403187,98.0534423224176,80.36654061033626,541.0812280041441,5.9059319317110255,1265,-3.0000398751867787,-4.842613202214554
2794,250.14499999999998,10.556957073284764,2541.662536585147,178.82932474398908,1941.5068529008613,2544.2582394147944,98.05339530311986,80.36390436892032,541.010228617757,5.906154884438128,1265,-3.0000398891966817,-4.842110324876546
2795,250.15499999999997,10.557328367483287,2541.662357602864,178.82349650361928,1941.5114478511787,2544.258121288422,98.05334828372409,80.36126859227498,540.9392315611822,5.906377829849146,1265,-3.000039903206379,-4.841607489717883
2796,250.165,10.557699624201767,2541.662178617748,178.81767026014273,1941.5160426580665,2544.258003161197,98.05330126423033,80.35863328024772,540.8682368340089,5.90660076794537,1265,-3.0000399172158696,-4.841104696728539
2797,250.17499999999998,10.558070843450254,2541.6619996298027,178.81184601261143,1941.520637321551,2544.257885033121,98.05325424463855,80.35599843268604,540.7972444358264,5.906823698728088,1265,-3.0000399312251527,-4.8406019458985
2798,250.18499999999997,10.558442025238806,2541.6618206390276,178.80602376035117,1941.5252318416588,2544.257766904195,98.05320722494879,80.35336404943749,540.7262543662238,5.907046622198592,1265,-3.0000399452342297,-4.840099237217742
2799,250.195,10.558813169577464,2541.6616416454244,178.80020350256626,1941.5298262184142,2544.257648774418,98.05316020516103,80.35073013034972,540.6552666247904,5.90726953835817,1265,-3.0000399592430993,-4.839596570676244
2800,250.20499999999998,10.559184276476278,2541.661462648994,178.79438523845317,1941.534420451844,2544.257530643791,98.0531131852753,80.34809667527043,540.584281211116,5.90749244720811,1265,-3.000039973251763,-4.839093946263981
2801,250.21499999999997,10.559555345945299,2541.6612836497375,178.78856896725185,1941.5390145419747,2544.2574125123133,98.05306616529155,80.34546368404735,540.5132981247901,5.9077153487497025,1265,-3.000039987260219,-4.8385913639709495
2802,250.225,10.559926377994561,2541.661104647654,178.7827546881324,1941.543608488831,2544.257294379985,98.05301914520983,80.34283115652828,540.4423173654026,5.907938242984233,1265,-3.0000400012684696,-4.838088823787122
2803,250.23499999999999,10.5602973726341,2541.660925642747,178.77694240033983,1941.5482022924389,2544.2571762468065,98.05297212503012,80.34019909256111,540.3713389325434,5.9081611299129895,1265,-3.0000400152765136,-4.837586325702481
2804,250.24499999999998,10.560668329873954,2541.6607466350156,178.77113210313087,1941.5527959528235,2544.257058112778,98.05292510475243,80.33756749199374,540.3003628258025,5.908384009537258,1265,-3.0000400292843503,-4.8370838697070235
2805,250.255,10.56103924972417,2541.6605676244617,178.76532379564452,1941.5573894700128,2544.2569399778995,98.05287808437677,80.33493635467418,540.2293890447704,5.9086068818583275,1265,-3.000040043291981,-4.836581455790727
2806,250.265,10.561410132194771,2541.6603886110865,178.75951747709502,1941.5619828440317,2544.256821842172,98.05283106390313,80.33230568045047,540.1584175890372,5.9088297468774815,1265,-3.0000400572994055,-4.836079083943582
2807,250.27499999999998,10.561780977295783,2541.6602095948906,178.7537131467972,1941.5665760749048,2544.256703705594,98.05278404333153,80.32967546917072,540.0874484581934,5.909052604596007,1265,-3.0000400713066235,-4.83557675415558
2808,250.285,10.562151785037234,2541.6600305758734,178.74791080391273,1941.5711691626582,2544.256585568166,98.05273702266196,80.3270457206831,540.0164816518297,5.90927545501519,1265,-3.000040085313636,-4.835074466416726
2809,250.295,10.562522555429155,2541.6598515540377,178.7421104475893,1941.5757621073192,2544.256467429889,98.05269000189442,80.32441643483581,539.9455171695367,5.909498298136314,1265,-3.0000400993204415,-4.834572220716991
2810,250.30499999999998,10.562893288481563,2541.6596725293853,178.73631207719657,1941.580354908912,2544.256349290764,98.05264298102892,80.32178761147713,539.8745550109056,5.909721133960662,1265,-3.0000401133270413,-4.83407001704638
2811,250.315,10.56326398420448,2541.6594935019143,178.73051569182064,1941.5849475674634,2544.2562311507872,98.05259596006547,80.31915925045544,539.8035951755271,5.909943962489522,1265,-3.0000401273334347,-4.833567855394883
2812,250.325,10.563634642607921,2541.6593144716276,178.72472129073367,1941.589540082998,2544.256113009963,98.05254893900405,80.31653135161912,539.7326376629925,5.910166783724174,1265,-3.000040141339622,-4.8330657357525
2813,250.33499999999998,10.5640052637019,2541.6591354385255,178.71892887316673,1941.594132455542,2544.2559948682892,98.0525019178447,80.31390391481663,539.6616824728931,5.910389597665903,1265,-3.0000401553456038,-4.8325636581092235
2814,250.34499999999997,10.564375847496438,2541.658956402608,178.71313843835208,1941.5987246851225,2544.255876725765,98.05245489658739,80.3112769398965,539.5907296048201,5.910612404315991,1265,-3.0000401693513794,-4.832061622455063
2815,250.355,10.564746394001535,2541.658777363877,178.70734998540573,1941.6033167717637,2544.2557585823934,98.05240787523213,80.3086504267073,539.5197790583654,5.91083520367572,1265,-3.0000401833569494,-4.831559628780015
2816,250.36499999999998,10.565116903227198,2541.6585983223354,178.70156351370449,1941.6079087154906,2544.2556404381735,98.05236085377894,80.30602437509766,539.4488308331206,5.911057995746372,1265,-3.000040197362313,-4.831057677074065
2817,250.375,10.56548737518344,2541.65841927798,178.6957790223623,1941.6125005163312,2544.255522293104,98.05231383222778,80.3033987849163,539.3778849286774,5.911280780529229,1265,-3.000040211367471,-4.830555767327245
2818,250.385,10.565857809880262,2541.6582402308145,178.6899965106652,1941.6170921743098,2544.2554041471863,98.0522668105787,80.30077365601196,539.3069413446278,5.911503558025572,1265,-3.0000402253724228,-4.830053899529533
2819,250.39499999999998,10.566228207327658,2541.65806118084,178.68421597777242,1941.6216836894516,2544.2552860004203,98.05221978883168,80.29814898823346,539.2360000805638,5.911726328236682,1265,-3.00004023937717,-4.829552073670944
2820,250.40499999999997,10.566598567535632,2541.657882128056,178.67843742293667,1941.6262750617836,2544.2551678528057,98.05217276698673,80.29552478142969,539.165061136078,5.911949091163838,1265,-3.0000402533817105,-4.829050289741479
2821,250.415,10.566968890514174,2541.6577030724625,178.67266084536084,1941.6308662913302,2544.255049704342,98.05212574504384,80.29290103544956,539.0941245107623,5.912171846808321,1265,-3.0000402673860456,-4.828548547731167
2822,250.42499999999998,10.56733917627328,2541.6575240140637,178.66688624436904,1941.635457378118,2544.254931555032,98.05207872300304,80.29027775014207,539.0231902042094,5.91239459517141,1265,-3.0000402813901754,-4.828046847629984
2823,250.43499999999997,10.567709424822942,2541.6573449528587,178.66111361899408,1941.6400483221723,2544.2548134048734,98.05203170086429,80.28765492535628,538.9522582160121,5.912617336254382,1265,-3.0000402953940997,-4.82754518942796
2824,250.445,10.56807963617315,2541.657165888848,178.65534296862307,1941.6446391235197,2544.2546952538664,98.05198467862766,80.28503256094129,538.8813285457628,5.912840070058518,1265,-3.0000403093978183,-4.8270435731151045
2825,250.45499999999998,10.56844981033388,2541.656986822032,178.64957429247784,1941.6492297821835,2544.254577102011,98.05193765629309,80.2824106567463,538.8104011930546,5.913062796585096,1265,-3.0000403234013318,-4.8265419986814315
2826,250.46499999999997,10.568819947315127,2541.6568077524134,178.64380758969605,1941.653820298192,2544.2544589493086,98.05189063386062,80.27978921262049,538.7394761574807,5.913285515835392,1265,-3.00004033740464,-4.8260404661169485
2827,250.475,10.569190047126863,2541.6566286799925,178.63804285952924,1941.658410671569,2544.254340795759,98.05184361133024,80.27716822841317,538.6685534386339,5.913508227810685,1265,-3.0000403514077427,-4.825538975411674
2828,250.48499999999999,10.569560109779069,2541.6564496047704,178.6322801012575,1941.6630009023406,2544.2542226413616,98.05179658870196,80.27454770397368,538.5976330361077,5.913730932512251,1265,-3.0000403654106402,-4.82503752655562
2829,250.49499999999998,10.569930135281721,2541.656270526747,178.62651931403065,1941.6675909905323,2544.2541044861173,98.05174956597578,80.27192763915144,538.5267149494955,5.913953629941367,1265,-3.000040379413332,-4.824536119538811
2830,250.505,10.570300123644799,2541.656091445924,178.62076049725698,1941.6721809361707,2544.2539863300262,98.05170254315169,80.26930803379588,538.4557991783909,5.914176320099307,1265,-3.000040393415819,-4.824034754351265
2831,250.515,10.570670074878265,2541.655912362302,178.61500365004486,1941.67677073928,2544.2538681730866,98.0516555202297,80.26668888775654,538.3848857223874,5.914399002987349,1265,-3.0000404074181013,-4.823533430983
2832,250.52499999999998,10.57103998899209,2541.655733275881,178.60924877158618,1941.6813603998862,2544.2537500153003,98.05160849720981,80.264070200883,538.313974581079,5.914621678606767,1265,-3.0000404214201786,-4.82303214942403
2833,250.535,10.571409865996248,2541.655554186664,178.60349586124704,1941.6859499180152,2544.253631856667,98.05156147409203,80.26145197302485,538.2430657540597,5.914844346958836,1265,-3.0000404354220507,-4.82253090966439
2834,250.545,10.571779705900703,2541.655375094652,178.59774491826926,1941.690539293693,2544.253513697188,98.05151445087637,80.2588342040318,538.1721592409235,5.915067008044831,1265,-3.000040449423718,-4.82202971169408
2835,250.55499999999998,10.572149508715414,2541.6551959998424,178.5919959417866,1941.6951285269447,2544.2533955368613,98.05146742756283,80.25621689375363,538.1012550412646,5.915289661866025,1265,-3.00004046342518,-4.82152855550314
2836,250.565,10.572519274450336,2541.6550169022394,178.58624893108075,1941.699717617795,2544.253277375688,98.05142040415137,80.2536000420401,538.0303531546775,5.915512308423692,1265,-3.000040477426437,-4.8210274410816005
2837,250.575,10.572889003115435,2541.6548378018433,178.5805038854348,1941.7043065662704,2544.253159213669,98.05137338064208,80.2509836487411,537.9594535807565,5.915734947719105,1265,-3.0000404914274896,-4.820526368419469
2838,250.58499999999998,10.573258694720664,2541.654658698653,178.57476080402097,1941.7088953723962,2544.2530410508016,98.05132635703487,80.24836771370656,537.8885563190964,5.9159575797535355,1265,-3.0000405054283377,-4.820025337506795
2839,250.59499999999997,10.573628349275976,2541.6544795926725,178.56901968615824,1941.713484036198,2544.25292288709,98.05127933332982,80.24575223678642,537.8176613692918,5.916180204528258,1265,-3.000040519428981,-4.819524348333582
2840,250.605,10.573997966791321,2541.654300483902,178.56328053104738,1941.7180725577011,2544.252804722532,98.05123230952687,80.24313721783074,537.7467687309377,5.916402822044542,1265,-3.000040533429419,-4.819023400889874
2841,250.61499999999998,10.574367547276646,2541.6541213723413,178.55754333794522,1941.722660936931,2544.252686557128,98.05118528562606,80.2405226566896,537.6758784036291,5.916625432303662,1265,-3.000040547429653,-4.818522495165692
2842,250.625,10.5747370907419,2541.6539422579904,178.5518081060486,1941.727249173913,2544.2525683908775,98.05113826162739,80.23790855321317,537.6049903869612,5.916848035306887,1265,-3.0000405614296826,-4.8180216311510815
2843,250.635,10.575106597197033,2541.6537631408514,178.54607483466998,1941.7318372686736,2544.2524502237807,98.05109123753087,80.23529490725166,537.5341046805291,5.917070631055487,1265,-3.000040575429507,-4.81752080883606
2844,250.64499999999998,10.575476066651976,2541.653584020926,178.5403435230015,1941.7364252212371,2544.2523320558385,98.05104421333648,80.23268171865531,537.4632212839285,5.917293219550733,1265,-3.0000405894291275,-4.817020028210666
2845,250.65499999999997,10.575845499116676,2541.6534048982135,178.5346141703359,1941.7410130316302,2544.2522138870504,98.05099718904422,80.23006898727446,537.3923401967548,5.917515800793894,1265,-3.000040603428544,-4.816519289264935
2846,250.665,10.576214894601065,2541.6532257727176,178.5288867758589,1941.7456006998773,2544.252095717419,98.05095016465414,80.2274567129595,537.3214614186037,5.91773837478624,1265,-3.0000406174277554,-4.816018591988901
2847,250.67499999999998,10.57658425311508,2541.6530466444347,178.52316133879685,1941.7501882260033,2544.2519775469395,98.05090314016618,80.22484489556084,537.2505849490709,5.91796094152904,1265,-3.000040631426763,-4.815517936372609
2848,250.68499999999997,10.576953574668655,2541.65286751337,178.51743785852253,1941.7547756100353,2544.251859375616,98.0508561155804,80.22223353492898,537.1797107877526,5.918183501023563,1265,-3.0000406454255666,-4.815017322406079
2849,250.695,10.577322859271725,2541.652688379521,178.51171633417124,1941.7593628519987,2544.251741203446,98.05080909089676,80.2196226309145,537.1088389342447,5.9184060532710765,1265,-3.0000406594241658,-4.814516750079369
2850,250.70499999999998,10.577692106934201,2541.652509242891,178.50599676504527,1941.7639499519169,2544.251623030432,98.0507620661153,80.217012183368,537.0379693881433,5.918628598272848,1265,-3.0000406734225598,-4.814016219382501
2851,250.71499999999997,10.57806131766603,2541.6523301034804,178.50027915033536,1941.7685369098178,2544.2515048565733,98.05071504123597,80.21440219214013,536.9671021490451,5.918851136030145,1265,-3.0000406874207513,-4.813515730305523
2852,250.725,10.578430491477118,2541.65215096129,178.4945634893286,1941.7731237257246,2544.251386681869,98.05066801625884,80.21179265708162,536.8962372165463,5.919073666544234,1265,-3.000040701418738,-4.813015282838485
2853,250.73499999999999,10.578799628377391,2541.6519718163195,178.48884978128194,1941.7777103996636,2544.2512685063193,98.05062099118386,80.20918357804325,536.8253745902437,5.919296189816381,1265,-3.000040715416521,-4.812514876971423
2854,250.74499999999998,10.57916872837678,2541.6517926685715,178.48313802537768,1941.7822969316617,2544.2511503299265,98.05057396601106,80.20657495487588,536.7545142697337,5.919518705847854,1265,-3.0000407294141,-4.8120145126943745
2855,250.755,10.579537791485185,2541.6516135180473,178.47742822093878,1941.7868833217417,2544.2510321526893,98.05052694074044,80.20396678743037,536.6836562546137,5.9197412146399175,1265,-3.0000407434114753,-4.811514189997396
2856,250.765,10.579906817712526,2541.651434364743,178.4717203671767,1941.7914695699305,2544.2509139746057,98.050479915372,80.2013590755577,536.6128005444801,5.919963716193836,1265,-3.0000407574086467,-4.811013908870532
2857,250.77499999999998,10.580275807068723,2541.651255208667,178.4660144633169,1941.796055676254,2544.25079579568,98.05043288990572,80.19875181910886,536.5419471389306,5.920186210510876,1265,-3.0000407714056143,-4.810513669303818
2858,250.785,10.58064475956367,2541.6510760498145,178.46031050868632,1941.8006416407354,2544.2506776159084,98.05038586434165,80.19614501793494,536.4710960375621,5.920408697592299,1265,-3.000040785402378,-4.81001347128731
2859,250.795,10.58101367520729,2541.6508968881885,178.45460850243623,1941.8052274634022,2544.250559435294,98.05033883867975,80.19353867188705,536.4002472399723,5.920631177439371,1265,-3.000040799398938,-4.809513314811064
2860,250.80499999999998,10.581382554009476,2541.65071772379,178.44890844393447,1941.8098131442785,2544.250441253835,98.05029181292004,80.19093278081637,536.3294007457584,5.920853650053355,1265,-3.0000408133952945,-4.80901319986512
2861,250.815,10.58175139598014,2541.6505385566174,178.44321033226325,1941.8143986833904,2544.250323071531,98.05024478706252,80.18832734457415,536.2585565545183,5.921076115435515,1265,-3.0000408273914476,-4.808513126439544
2862,250.825,10.582120201129175,2541.650359386676,178.43751416689335,1941.818984080763,2544.250204888384,98.05019776110721,80.18572236301164,536.1877146658497,5.921298573587113,1265,-3.000040841387397,-4.808013094524373
2863,250.83499999999998,10.582488969466487,2541.650180213963,178.43181994686753,1941.8235693364213,2544.2500867043937,98.0501507350541,80.18311783598025,536.1168750793505,5.921521024509411,1265,-3.0000408553831432,-4.807513104109666
2864,250.84499999999997,10.582857701001965,2541.6500010384816,178.42612767153568,1941.8281544503911,2544.24996851956,98.05010370890318,80.18051376333136,536.0460377946189,5.921743468203672,1265,-3.000040869378686,-4.807013155185475
2865,250.855,10.583226395745509,2541.6498218602305,178.42043734013055,1941.8327394226978,2544.2498503338816,98.05005668265446,80.17791014491645,535.975202811253,5.921965904671156,1265,-3.0000408833740257,-4.806513247741867
2866,250.86499999999998,10.583595053707,2541.649642679212,178.4147489519672,1941.8373242533648,2544.2497321473597,98.05000965630796,80.17530698058701,535.9043701288512,5.922188333913124,1265,-3.000040897369162,-4.806013381768892
2867,250.875,10.583963674896344,2541.6494634954265,178.40906250618508,1941.8419089424208,2544.2496139599953,98.04996262986369,80.17270427019466,535.8335397470116,5.922410755930839,1265,-3.0000409113640947,-4.805513557256601
2868,250.885,10.584332259323407,2541.649284308875,178.40337800203025,1941.8464934898877,2544.249495771787,98.0499156033216,80.170102013591,535.7627116653332,5.922633170725558,1265,-3.0000409253588245,-4.805013774195068
2869,250.89499999999998,10.584700806998093,2541.649105119559,178.39769543896918,1941.8510778957934,2544.249377582736,98.04986857668175,80.16750021062774,535.6918858834147,5.9228555782985435,1265,-3.0000409393533505,-4.804514032574339
2870,250.90499999999997,10.585069317930275,2541.648925927479,178.3920148159846,1941.8556621601617,2544.2492593928423,98.0498215499441,80.16489886115663,535.6210624008546,5.923077978651055,1265,-3.0000409533476744,-4.8040143323844795
2871,250.915,10.585437792129829,2541.648746732636,178.3863361324839,1941.860246283018,2544.2491412021063,98.0497745231087,80.16229796502947,535.5502412172523,5.923300371784348,1265,-3.0000409673417945,-4.803514673615559
2872,250.92499999999998,10.585806229606643,2541.6485675350305,178.38065938770185,1941.8648302643878,2544.2490230105277,98.04972749617552,80.15969752209813,535.4794223322066,5.9235227576996845,1265,-3.0000409813357125,-4.803015056257627
2873,250.93499999999997,10.586174630370586,2541.6483883346623,178.37498458082558,1941.8694141042965,2544.2489048181046,98.04968046914456,80.15709753221452,535.4086057453169,5.923745136398322,1265,-3.0000409953294267,-4.8025154803007615
2874,250.945,10.586542994431525,2541.648209131535,178.3693117112173,1941.8739978027684,2544.2487866248407,98.04963344201583,80.15449799523063,535.3377914561825,5.9239675078815175,1265,-3.000041009322939,-4.802015945735013
2875,250.95499999999998,10.586911321799349,2541.6480299256464,178.3636407780768,1941.8785813598304,2544.2486684307332,98.04958641478935,80.1518989109985,535.266979464403,5.924189872150529,1265,-3.0000410233162476,-4.801516452550474
2876,250.96499999999997,10.587279612483911,2541.6478507169995,178.35797178060503,1941.8831647755067,2544.248550235783,98.04953938746509,80.14930027937018,535.1961697695779,5.924412229206613,1265,-3.0000410373093542,-4.801017000737186
2877,250.975,10.587647866495079,2541.6476715055956,178.35230471810758,1941.8877480498218,2544.248432039992,98.04949236004309,80.14670210019784,535.125362371307,5.924634579051027,1265,-3.0000410513022575,-4.800517590285232
2878,250.98499999999999,10.588016083842726,2541.647492291433,178.346639589914,1941.8923311828025,2544.2483138433586,98.04944533252332,80.14410437333369,535.0545572691902,5.924856921685025,1265,-3.0000410652949587,-4.800018221184677
2879,250.99499999999998,10.588384264536701,2541.6473130745144,178.34097639516557,1941.896914174472,2544.248195645883,98.04939830490581,80.14150709862997,534.9837544628276,5.925079257109865,1265,-3.0000410792874566,-4.799518893425599
2880,251.005,10.588752408586876,2541.6471338548413,178.33531513315612,1941.9014970248575,2544.2480774475653,98.04935127719054,80.13891027593901,534.9129539518193,5.925301585326801,1265,-3.000041093279752,-4.7990196069980575
2881,251.015,10.589120516003103,2541.646954632413,178.32965580314516,1941.9060797339835,2544.2479592484056,98.04930424937753,80.13631390511317,534.8421557357656,5.925523906337089,1265,-3.000041107271846,-4.798520361892135
2882,251.02499999999998,10.589488586795238,2541.646775407232,178.32399840442181,1941.9106623018747,2544.2478410484055,98.04925722146677,80.1337179860049,534.7713598142668,5.925746220141983,1265,-3.000041121263737,-4.798021158097895
2883,251.035,10.589856620973128,2541.646596179297,178.31834293622885,1941.9152447285562,2544.2477228475627,98.04921019345826,80.13112251846664,534.7005661869237,5.925968526742737,1265,-3.000041135255425,-4.797521995605429
2884,251.045,10.590224618546634,2541.6464169486103,178.312689397754,1941.919827014054,2544.2476046458783,98.04916316535203,80.12852750235098,534.6297748533367,5.926190826140604,1265,-3.0000411492469112,-4.7970228744048
2885,251.05499999999998,10.59059257952559,2541.646237715172,178.307037788395,1941.9244091583914,2544.247486443353,98.04911613714806,80.12593293751048,534.5589858131067,5.926413118336837,1265,-3.000041163238195,-4.7965237944860935
2886,251.065,10.590960503919856,2541.646058478984,178.30138810725697,1941.9289911615958,2544.2473682399855,98.04906910884637,80.12333882379782,534.4881990658347,5.926635403332691,1265,-3.000041177229277,-4.796024755839381
2887,251.075,10.59132839173927,2541.6458792400463,178.29574035374458,1941.9335730236915,2544.247250035778,98.04902208044695,80.12074516106568,534.4174146111219,5.926857681129416,1265,-3.000041191220156,-4.7955257584547555
2888,251.08499999999998,10.591696242993674,2541.645699998361,178.29009452698256,1941.9381547447035,2544.2471318307294,98.04897505194978,80.11815194916686,534.3466324485692,5.927079951728266,1265,-3.000041205210833,-4.795026802322276
2889,251.09499999999997,10.592064057692903,2541.645520753927,178.2844506263318,1941.9427363246564,2544.247013624839,98.04892802335492,80.11555918795415,534.2758525777781,5.927302215130491,1265,-3.000041219201308,-4.79452788743204
2890,251.105,10.592431835846806,2541.6453415067467,178.27880865098615,1941.9473177635768,2544.2468954181086,98.04888099466233,80.11296687728044,534.20507499835,5.927524471337344,1265,-3.0000412331915816,-4.794029013774125
2891,251.11499999999998,10.592799577465204,2541.645162256821,178.2731686002105,1941.951899061488,2544.2467772105374,98.04883396587202,80.11037501699867,534.1342997098866,5.927746720350074,1265,-3.0000412471816533,-4.79353018133862
2892,251.125,10.593167282557928,2541.644983004149,178.26753047334367,1941.956480218415,2544.246659002124,98.048786936984,80.10778360696183,534.0635267119895,5.927968962169932,1265,-3.0000412611715226,-4.793031390115611
2893,251.135,10.593534951134824,2541.644803748734,178.261894269609,1941.9610612343852,2544.2465407928717,98.04873990799827,80.10519264702296,533.9927560042606,5.928191196798168,1265,-3.0000412751611902,-4.792532640095169
2894,251.14499999999998,10.593902583205706,2541.644624490576,178.25625998821658,1941.965642109421,2544.24642258278,98.04869287891485,80.10260213703516,533.921987586302,5.928413424236032,1265,-3.000041289150656,-4.792033931267387
2895,251.15499999999997,10.594270178780404,2541.644445229674,178.25062762842052,1941.9702228435492,2544.2463043718462,98.0486458497337,80.10001207685161,533.8512214577155,5.928635644484773,1265,-3.0000413031399207,-4.791535263622368
2896,251.165,10.594637737868744,2541.6442659660306,178.24499718959646,1941.9748034367944,2544.246186160072,98.04859882045484,80.09742246632548,533.7804576181036,5.92885785754564,1265,-3.0000413171289826,-4.791036637150196
2897,251.17499999999998,10.595005260480544,2541.6440866996477,178.2393686709054,1941.9793838891817,2544.246067947459,98.04855179107831,80.0948333053101,533.7096960670685,5.929080063419879,1265,-3.0000413311178433,-4.790538051840944
2898,251.18499999999997,10.59537274662562,2541.643907430524,178.23374207168766,1941.983964200735,2544.245949734005,98.04850476160406,80.09224459365876,533.638936804213,5.929302262108742,1265,-3.000041345106503,-4.7900395076847255
2899,251.195,10.595740196313793,2541.643728158661,178.2281173911249,1941.9885443714813,2544.245831519711,98.04845773203212,80.08965633122484,533.5681798291395,5.929524453613474,1265,-3.00004135909496,-4.789541004671614
2900,251.20499999999998,10.596107609554876,2541.64354888406,178.2224946285214,1941.993124401444,2544.2457133045777,98.0484107023625,80.0870685178618,533.4974251414507,5.929746637935322,1265,-3.0000413730832163,-4.789042542791715
2901,251.21499999999997,10.596474986358682,2541.643369606722,178.21687378314695,1941.9977042906496,2544.245595088605,98.04836367259519,80.0844811534231,533.4266727407496,5.929968815075534,1265,-3.0000413870712714,-4.788544122035125
2902,251.225,10.59684232673502,2541.6431903266466,178.2112548542488,1942.0022840391216,2544.245476871792,98.0483166427302,80.08189423776233,533.3559226266392,5.930190985035355,1265,-3.0000414010591254,-4.788045742391937
2903,251.23499999999999,10.597209630693694,2541.6430110438364,178.20563784110865,1942.0068636468852,2544.2453586541405,98.04826961276753,80.07930777073307,533.2851747987227,5.930413147816032,1265,-3.000041415046777,-4.787547403852239
2904,251.24499999999998,10.597576898244514,2541.642831758291,178.20002274296252,1942.0114431139662,2544.245240435649,98.04822258270718,80.07672175218899,533.2144292566032,5.93063530341881,1265,-3.000041429034228,-4.78704910640614
2905,251.255,10.597944129397279,2541.6426524700114,178.19440955916045,1942.0160224403885,2544.245122216318,98.04817555254915,80.07413618198379,533.1436859998843,5.930857451844934,1265,-3.0000414430214777,-4.786550850043731
2906,251.265,10.598311324161793,2541.6424731789994,178.18879828882575,1942.020601626178,2544.2450039961486,98.04812852229345,80.07155105997127,533.0729450281694,5.931079593095649,1265,-3.0000414570085265,-4.78605263475512
2907,251.27499999999998,10.598678482547854,2541.6422938852547,178.18318893136097,1942.0251806713595,2544.24488577514,98.04808149194008,80.06896638600524,533.0022063410623,5.931301727172198,1265,-3.0000414709953738,-4.785554460530394
2908,251.285,10.599045604565262,2541.6421145887775,178.17758148598878,1942.0297595759582,2544.2447675532912,98.04803446148905,80.0663821599396,532.9314699381667,5.931523854075828,1265,-3.0000414849820207,-4.785056327359681
2909,251.295,10.599412690223803,2541.6419352895714,178.17197595188733,1942.0343383399982,2544.2446493306047,98.04798743094037,80.06379838162827,532.8607358190866,5.93174597380778,1265,-3.0000414989684665,-4.7845582352330585
2910,251.30499999999998,10.599779739533277,2541.6417559876336,178.1663723284521,1942.0389169635057,2544.2445311070787,98.04794040029402,80.06121505092528,532.790003983426,5.931968086369297,1265,-3.000041512954711,-4.784060184140646
2911,251.315,10.600146752503468,2541.641576682969,178.16077061491083,1942.0434954465043,2544.244412882715,98.04789336955001,80.05863216768465,532.719274430789,5.932190191761622,1265,-3.000041526940755,-4.783562174072532
2912,251.325,10.600513729144163,2541.6413973755757,178.1551708105089,1942.0480737890196,2544.2442946575125,98.04784633870835,80.0560497317605,532.64854716078,5.932412289985998,1265,-3.000041540926598,-4.783064205018841
2913,251.33499999999998,10.600880669465143,2541.641218065455,178.14957291454346,1942.0526519910752,2544.2441764314717,98.04779930776907,80.05346774300699,532.5778221730035,5.932634381043666,1265,-3.0000415549122406,-4.782566276969678
2914,251.34499999999997,10.601247573476204,2541.641038752608,178.14397692622913,1942.0572300526987,2544.2440582045924,98.0477522767321,80.05088620127833,532.507099467064,5.9328564649358695,1265,-3.0000415688976823,-4.782068389915148
2915,251.355,10.601614441187115,2541.6408594370364,178.138382844905,1942.0618079739124,2544.2439399768755,98.0477052455975,80.04830510642883,532.4363790425662,5.933078541663846,1265,-3.000041582882923,-4.781570543845353
2916,251.36499999999998,10.601981272607661,2541.640680118739,178.13279066973428,1942.0663857547431,2544.2438217483195,98.04765821436524,80.04572445831276,532.3656608991148,5.933300611228839,1265,-3.000041596867963,-4.781072738750415
2917,251.375,10.602348067747608,2541.640500797718,178.12720040011652,1942.0709633952138,2544.243703518926,98.04761118303537,80.04314425678456,532.2949450363151,5.933522673632087,1265,-3.0000416108528034,-4.780574974620444
2918,251.385,10.602714826616744,2541.640321473973,178.12161203530476,1942.0755408953512,2544.2435852886942,98.04756415160784,80.04056450169863,532.2242314537718,5.9337447288748315,1265,-3.0000416248374426,-4.780077251445547
2919,251.39499999999998,10.60308154922483,2541.6401421475066,178.1160255744822,1942.080118255179,2544.2434670576245,98.04751712008272,80.03798519290949,532.1535201510904,5.933966776958311,1265,-3.0000416388218816,-4.779579569215849
2920,251.40499999999997,10.603448235581638,2541.639962818319,178.11044101698974,1942.0846954747226,2544.2433488257175,98.04747008845993,80.03540633027168,532.0828111278761,5.934188817883764,1265,-3.00004165280612,-4.779081927921456
2921,251.415,10.603814885696936,2541.6397834864106,178.1048583620606,1942.0892725540064,2544.2432305929724,98.04742305673952,80.03282791363982,532.0121043837344,5.93441085165243,1265,-3.0000416667901586,-4.778584327552484
2922,251.42499999999998,10.60418149958049,2541.639604151783,178.09927760895758,1942.0938494930558,2544.24311235939,98.04737602492149,80.03024994286856,531.9413999182708,5.934632878265546,1265,-3.0000416807739967,-4.778086768099054
2923,251.43499999999997,10.60454807724206,2541.6394248144366,178.09369875700799,1942.0984262918953,2544.242994124971,98.04732899300585,80.02767241781262,531.8706977310912,5.934854897724351,1265,-3.0000416947576345,-4.77758924955128
2924,251.445,10.604914618691407,2541.639245474372,178.08812180546929,1942.1030029505496,2544.2428758897145,98.04728196099258,80.02509533832678,531.7999978218014,5.935076910030082,1265,-3.000041708741073,-4.777091771899291
2925,251.45499999999998,10.605281123938285,2541.63906613159,178.08254675354678,1942.1075794690435,2544.242757653621,98.04723492888171,80.02251870426585,531.7293001900074,5.935298915183976,1265,-3.0000417227243106,-4.776594335133199
2926,251.46499999999997,10.60564759299246,2541.638886786093,178.0769736006275,1942.1121558474022,2544.2426394166905,98.04718789667322,80.01994251548471,531.6586048353153,5.93552091318727,1265,-3.0000417367073484,-4.776096939243126
2927,251.475,10.606014025863672,2541.6387074378777,178.07140234588738,1942.1167320856493,2544.2425211789214,98.04714086436712,80.01736677183834,531.5879117573312,5.9357429040411995,1265,-3.0000417506901864,-4.775599584219196
2928,251.48499999999999,10.606380422561681,2541.63852808695,178.06583298863774,1942.1213081838107,2544.242402940317,98.04709383196342,80.01479147318169,531.5172209556616,5.935964887747001,1265,-3.0000417646728246,-4.7751022700515415
2929,251.49499999999998,10.606746783096241,2541.638348733308,178.06026552819964,1942.1258841419117,2544.2422847008756,98.04704679946211,80.01221661936982,531.4465324299131,5.936186864305909,1265,-3.000041778655262,-4.774604996730264
2930,251.505,10.607113107477089,2541.638169376953,178.05469996374634,1942.1304599599762,2544.242166460597,98.04699976686321,80.00964221025784,531.3758461796921,5.9364088337191605,1265,-3.0000417926375005,-4.774107764245515
2931,251.515,10.607479395713975,2541.6379900178854,178.04913629460648,1942.1350356380292,2544.2420482194825,98.04695273416671,80.00706824570089,531.3051622046055,5.936630795987988,1265,-3.000041806619539,-4.773610572587407
2932,251.52499999999998,10.607845647816635,2541.637810656108,178.0435745200983,1942.1396111760948,2544.241929977532,98.04690570137262,80.00449472555421,531.2344805042602,5.9368527511136255,1265,-3.000041820601378,-4.773113421746068
2933,251.535,10.608211863794823,2541.6376312916186,178.03801463940772,1942.1441865741997,2544.241811734745,98.04685866848092,80.00192164967305,531.1638010782632,5.937074699097309,1265,-3.0000418345830173,-4.772616311711629
2934,251.545,10.608578043658259,2541.6374519244187,178.03245665186586,1942.1487618323656,2544.2416934911203,98.04681163549165,79.99934901791273,531.0931239262217,5.93729663994027,1265,-3.000041848564457,-4.772119242474238
2935,251.55499999999998,10.608944187416693,2541.637272554511,178.02690055673506,1942.1533369506199,2544.241575246661,98.0467646024048,79.99677683012865,531.0224490477427,5.937518573643741,1265,-3.0000418625456966,-4.7716222140239966
2936,251.565,10.609310295079856,2541.6370931818956,178.02134635331777,1942.1579119289866,2544.2414570013657,98.04671756922036,79.99420508617624,530.9517764424339,5.937740500208957,1265,-3.0000418765267383,-4.771125226351052
2937,251.575,10.609676366657466,2541.6369138065734,178.01579404082923,1942.1624867674884,2544.241338755234,98.04667053593836,79.99163378591096,530.8811061099026,5.937962419637148,1265,-3.0000418905075787,-4.770628279445531
2938,251.58499999999998,10.610042402159273,2541.636734428544,178.0102436185983,1942.1670614661539,2544.2412205082665,98.04662350255877,79.98906292918839,530.8104380497566,5.938184331929547,1265,-3.000041904488221,-4.770131373297584
2939,251.59499999999997,10.61040840159498,2541.636555047808,178.0046950858949,1942.1716360250034,2544.241102260463,98.0465764690816,79.98649251586411,530.7397722616035,5.938406237087384,1265,-3.0000419184686637,-4.769634507897334
2940,251.605,10.610774364974336,2541.636375664368,177.99914844200742,1942.1762104440654,2544.240984011824,98.04652943550688,79.98392254579377,530.6691087450514,5.938628135111892,1265,-3.0000419324489074,-4.769137683234921
2941,251.61499999999998,10.611140292307052,2541.6361962782253,177.99360368616257,1942.1807847233636,2544.2408657623505,98.04648240183458,79.9813530188331,530.5984474997083,5.9388500260043,1265,-3.0000419464289516,-4.768640899300471
2942,251.625,10.611506183602836,2541.636016889379,177.98806081772227,1942.1853588629199,2544.240747512041,98.0464353680647,79.97878393483785,530.5277885251824,5.939071909765838,1265,-3.000041960408797,-4.768144156084148
2943,251.635,10.611872038871429,2541.635837497829,177.98251983591103,1942.189932862763,2544.2406292608953,98.0463883341973,79.97621529366383,530.4571318210817,5.939293786397737,1265,-3.0000419743884432,-4.767647453576073
2944,251.64499999999998,10.612237858122528,2541.635658103578,177.976980739997,1942.1945067229146,2544.2405110089144,98.04634130023233,79.9736470951669,530.386477387015,5.939515655901227,1265,-3.00004198836789,-4.767150791766389
2945,251.65499999999997,10.61260364136586,2541.6354787066266,177.97144352924397,1942.1990804434013,2544.240392756099,98.0462942661698,79.97107933920302,530.3158252225907,5.939737518277534,1265,-3.0000420023471386,-4.7666541706452366
2946,251.665,10.612969388611125,2541.635299306976,177.9659082030149,1942.2036540242461,2544.240274502449,98.0462472320097,79.96851202562814,530.2451753274173,5.939959373527889,1265,-3.000042016326188,-4.7661575902027735
2947,251.67499999999998,10.613335099868037,2541.635119904626,177.96037476054033,1942.2082274654747,2544.2401562479645,98.04620019775207,79.96594515429834,530.1745277011038,5.9401812216535195,1265,-3.000042030305039,-4.765661050429116
2948,251.68499999999997,10.613700775146304,2541.634940499578,177.9548432010849,1942.2128007671117,2544.240037992645,98.0461531633969,79.96337872506966,530.103882343259,5.940403062655654,1265,-3.0000420442836906,-4.765164551314438
2949,251.695,10.614066414455626,2541.634761091833,177.94931352394562,1942.217373929181,2544.2399197364903,98.04610612894416,79.96081273779828,530.0332392534922,5.9406248965355175,1265,-3.0000420582621437,-4.764668092848876
2950,251.70499999999998,10.614432017805715,2541.6345816813896,177.9437857284262,1942.2219469517086,2544.2398014795003,98.04605909439388,79.95824719234038,529.9625984314123,5.9408467232943405,1265,-3.000042072240398,-4.7641716750225775
2951,251.71499999999997,10.614797585206261,2541.634402268252,177.93825981374704,1942.2265198347175,2544.2396832216778,98.04601205974608,79.95568208855224,529.8919598766287,5.941068542933347,1265,-3.000042086218454,-4.763675297825675
2952,251.725,10.615163116666967,2541.634222852418,177.9327357792565,1942.231092578233,2544.2395649630184,98.04596502500074,79.95311742629015,529.8213235887508,5.941290355453763,1265,-3.000042100196312,-4.763178961248346
2953,251.73499999999999,10.615528612197524,2541.634043433892,177.9272136242695,1942.2356651822802,2544.239446703528,98.04591799015786,79.95055320541047,529.7506895673882,5.941512160856816,1265,-3.00004211417397,-4.762682665280714
2954,251.74499999999998,10.615894071807627,2541.633864012671,177.92169334790114,1942.2402376468824,2544.2393284432005,98.04587095521747,79.94798942576963,529.6800578121507,5.94173395914373,1265,-3.0000421281514305,-4.762186409912959
2955,251.755,10.61625949550697,2541.6336845887586,177.91617494963063,1942.2448099720652,2544.239210182041,98.04582392017956,79.9454260872241,529.609428322648,5.9419557503157305,1265,-3.000042142128693,-4.761690195135212
2956,251.765,10.616624883305239,2541.633505162154,177.91065842859086,1942.249382157852,2544.2390919200466,98.0457768850441,79.94286318963043,529.53880109849,5.942177534374043,1265,-3.000042156105756,-4.761194020937624
2957,251.77499999999998,10.616990235212118,2541.633325732859,177.90514378414102,1942.253954204269,2544.2389736572195,98.04572984981114,79.94030073284515,529.4681761392868,5.942399311319891,1265,-3.000042170082622,-4.760697887310374
2958,251.785,10.617355551237301,2541.6331463008723,177.89963101558303,1942.2585261113397,2544.238855393557,98.04568281448066,79.93773871672494,529.3975534446487,5.942621081154498,1265,-3.0000421840592892,-4.760201794243593
2959,251.795,10.617720831390468,2541.6329668661974,177.89412012211443,1942.2630978790899,2544.238737129061,98.04563577905266,79.93517714112646,529.3269330141859,5.942842843879086,1265,-3.000042198035758,-4.7597057417274575
2960,251.80499999999998,10.618086075681289,2541.632787428835,177.8886111031057,1942.2676695075422,2544.2386188637333,98.04558874352716,79.93261600590648,529.2563148475089,5.943064599494881,1265,-3.0000422120120294,-4.759209729752115
2961,251.815,10.618451284119455,2541.6326079887835,177.88310395783992,1942.2722409967228,2544.2385005975702,98.04554170790416,79.93005531092179,529.1856989442283,5.943286348003103,1265,-3.000042225988103,-4.758713758307719
2962,251.825,10.61881645671463,2541.6324285460455,177.87759868556492,1942.2768123466544,2544.2383823305745,98.04549467218364,79.92749505602924,529.1150853039547,5.943508089404975,1265,-3.0000422399639786,-4.758217827384444
2963,251.83499999999998,10.619181593476492,2541.6322491006213,177.8720952856232,1942.281383557363,2544.2382640627457,98.04544763636564,79.92493524108576,529.0444739262991,5.94372982370172,1265,-3.000042253939656,-4.757721936972445
2964,251.84499999999997,10.619546694414714,2541.6320696525117,177.86659375715203,1942.2859546288728,2544.2381457940833,98.04540060045012,79.9223758659483,528.9738648108723,5.943951550894558,1265,-3.0000422679151355,-4.757226087061888
2965,251.855,10.619911759538963,2541.631890201718,177.86109409962143,1942.2905255612081,2544.2380275245882,98.0453535644371,79.91981693047384,528.9032579572855,5.94417327098471,1265,-3.000042281890417,-4.756730277642932
2966,251.86499999999998,10.620276788858904,2541.6317107482414,177.8555963121758,1942.2950963543926,2544.237909254261,98.0453065283266,79.9172584345195,528.8326533651499,5.944394983973398,1265,-3.000042295865501,-4.756234508705739
2967,251.875,10.620641782384212,2541.6315312920806,177.85010039418916,1942.2996670084528,2544.2377909831,98.0452594921186,79.91470037794237,528.7620510340766,5.944616689861841,1265,-3.000042309840388,-4.755738780240479
2968,251.885,10.621006740124535,2541.6313518332386,177.84460634496145,1942.3042375234113,2544.2376727111064,98.04521245581313,79.91214276059965,528.6914509636774,5.944838388651259,1265,-3.000042323815077,-4.7552430922373174
2969,251.89499999999998,10.621371662089546,2541.631172371715,177.83911416367096,1942.308807899294,2544.237554438281,98.04516541941017,79.90958558234857,528.6208531535639,5.94506008034287,1265,-3.000042337789568,-4.7547474446864255
2970,251.90499999999997,10.621736548288885,2541.6309929075105,177.8336238497651,1942.313378136123,2544.2374361646216,98.04511838290975,79.9070288430464,528.5502576033474,5.945281764937896,1265,-3.000042351763862,-4.75425183757797
2971,251.915,10.622101398732234,2541.630813440627,177.82813540237916,1942.3179482339262,2544.237317890131,98.04507134631183,79.90447254255052,528.4796643126401,5.945503442437554,1265,-3.0000423657379582,-4.7537562709021195
2972,251.92499999999998,10.62246621342922,2541.6306339710636,177.82264882088134,1942.3225181927248,2544.237199614807,98.04502430961645,79.90191668071829,528.4090732810539,5.945725112843062,1265,-3.000042379711857,-4.753260744649046
2973,251.93499999999997,10.622830992389511,2541.6304544988243,177.81716410457022,1942.327088012545,2544.2370813386533,98.04497727282359,79.89936125740716,528.3384845082008,5.945946776155638,1265,-3.0000423936855594,-4.7527652588089175
2974,251.945,10.623195735622751,2541.630275023906,177.81168125271702,1942.3316576934105,2544.236963061665,98.04493023593326,79.89680627247466,528.267897993693,5.946168432376499,1265,-3.0000424076590635,-4.75226981337192
2975,251.95499999999998,10.623560443138587,2541.6300955463107,177.80620026456637,1942.3362272353465,2544.2368447838453,98.04488319894546,79.89425172577833,528.1973137371432,5.9463900815068635,1265,-3.0000424216323713,-4.7517744083282185
2976,251.96499999999997,10.623925114946662,2541.629916066041,177.8007211394813,1942.3407966383768,2544.236726505194,98.04483616186019,79.89169761717575,528.1267317381634,5.946611723547948,1265,-3.0000424356054816,-4.751279043667989
2977,251.975,10.624289751056622,2541.629736583095,177.7952438767094,1942.3453659025258,2544.23660822571,98.04478912467748,79.88914394652464,528.0561519963665,5.946833358500967,1265,-3.000042449578394,-4.750783719381408
2978,251.98499999999999,10.624654351478101,2541.629557097478,177.78976847558178,1942.349935027817,2544.2364899453964,98.04474208739731,79.88659071368268,527.985574511365,5.947054986367139,1265,-3.000042463551111,-4.750288435458648
2979,251.99499999999998,10.625018916220752,2541.6293776091843,177.78429493528617,1942.3545040142776,2544.236371664249,98.04469505001968,79.88403791850766,527.9149992827719,5.947276607147676,1265,-3.0000424775236296,-4.749793191889896
2980,252.005,10.625383445294192,2541.62919811822,177.77882325522756,1942.3590728619288,2544.236253382272,98.0446480125446,79.8814855608574,527.8444263102002,5.947498220843795,1265,-3.0000424914959516,-4.749297988665329
2981,252.015,10.625747938708065,2541.629018624584,177.77335343468917,1942.3636415707965,2544.2361350994634,98.04460097497206,79.87893364058979,527.7738555932629,5.947719827456711,1265,-3.0000425054680773,-4.748802825775121
2982,252.02499999999998,10.626112396472,2541.628839128276,177.76788547287987,1942.3682101409051,2544.236016815823,98.0445539373021,79.87638215756276,527.7032871315733,5.947941426987638,1265,-3.0000425194400058,-4.748307703209475
2983,252.035,10.62647681859563,2541.6286596292985,177.76241936920997,1942.3727785722792,2544.2358985313513,98.0445068995347,79.87383111163429,527.6327209247448,5.948163019437789,1265,-3.0000425334117375,-4.747812620958554
2984,252.045,10.626841205088574,2541.6284801276524,177.7569551229172,1942.3773468649417,2544.235780246049,98.04445986166984,79.87128050266243,527.5621569723907,5.948384604808379,1265,-3.0000425473832735,-4.747317579012541
2985,252.05499999999998,10.627205555960458,2541.6283006233357,177.75149273319778,1942.3819150189172,2544.2356619599145,98.04441282370755,79.86873033050526,527.4915952741247,5.948606183100621,1265,-3.000042561354612,-4.746822577361645
2986,252.065,10.62756987122092,2541.6281211163528,177.74603219944152,1942.3864830342325,2544.2355436729513,98.04436578564783,79.86618059502092,527.4210358295607,5.948827754315726,1265,-3.0000425753257542,-4.746327615996014
2987,252.075,10.627934150879561,2541.627941606703,177.7405735210031,1942.3910509109085,2544.2354253851563,98.04431874749068,79.86363129606765,527.3504786383122,5.949049318454907,1265,-3.0000425892967,-4.7458326949058645
2988,252.08499999999998,10.628298394946011,2541.627762094386,177.7351166971049,1942.3956186489718,2544.23530709653,98.0442717092361,79.8610824335037,527.2799236999934,5.949270875519377,1265,-3.0000426032674494,-4.745337814081378
2989,252.09499999999997,10.62866260342988,2541.6275825794046,177.72966172702198,1942.4001862484458,2544.235188807074,98.04422467088409,79.85853400718736,527.2093710142185,5.949492425510346,1265,-3.000042617238002,-4.744842973512739
2990,252.105,10.629026776340782,2541.6274030617587,177.72420861008894,1942.4047537093547,2544.2350705167883,98.04417763243465,79.855986016977,527.1388205806015,5.949713968429027,1265,-3.000042631208359,-4.744348173190145
2991,252.11499999999998,10.629390913688335,2541.6272235414485,177.71875734550767,1942.4093210317235,2544.2349522256713,98.04413059388783,79.85343846273103,527.0682723987569,5.949935504276628,1265,-3.000042645178519,-4.7438534131037775
2992,252.125,10.629755015482143,2541.6270440184753,177.71330793272375,1942.413888215576,2544.234833933724,98.04408355524356,79.85089134430793,526.9977264682992,5.950157033054362,1265,-3.0000426591484834,-4.743358693243844
2993,252.135,10.630119081731817,2541.626864492838,177.70786037092162,1942.4184552609368,2544.2347156409455,98.0440365165019,79.84834466156622,526.9271827888429,5.950378554763438,1265,-3.000042673118252,-4.742864013600527
2994,252.14499999999998,10.630483112446955,2541.6266849645413,177.70241465947106,1942.4230221678292,2544.234597347339,98.04398947766283,79.84579841436448,526.8566413600028,5.950600069405064,1265,-3.0000426870878236,-4.7423693741640225
2995,252.15499999999997,10.630847107637166,2541.626505433583,177.69697079762705,1942.4275889362784,2544.234479052901,98.04394243872635,79.84325260256134,526.7861021813936,5.950821576980451,1265,-3.0000427010572,-4.74187477492453
2996,252.165,10.631211067312053,2541.6263258999657,177.6915287846919,1942.4321555663087,2544.2343607576345,98.04389539969247,79.84070722601548,526.7155652526304,5.951043077490808,1265,-3.0000427150263804,-4.741380215872236
2997,252.17499999999998,10.631574991481207,2541.6261463636883,177.68608861990847,1942.4367220579434,2544.234242461537,98.04384836056119,79.83816228458565,526.6450305733285,5.951264570937342,1265,-3.000042728995365,-4.740885696997359
2998,252.18499999999997,10.63193888015423,2541.625966824753,177.68065030272646,1942.4412884112078,2544.234124164611,98.0438013213325,79.83561777813063,526.5744981431029,5.951486057321262,1265,-3.000042742964154,-4.74039121829008
2999,252.195,10.632302733340707,2541.6257872831598,177.6752138322685,1942.4458546261242,2544.2340058668547,98.04375428200642,79.83307370650925,526.5039679615691,5.951707536643775,1265,-3.0000427569327464,-4.7398967797406
3000,252.20499999999998,10.632666551050242,2541.62560773891,177.6697792079151,1942.4504207027192,2544.2338875682694,98.04370724258294,79.83053006958043,526.4334400283424,5.951929008906088,1265,-3.0000427709011435,-4.7394023813391355
3001,252.21499999999997,10.633030333292423,2541.625428192004,177.66434642902055,1942.4549866410164,2544.2337692688548,98.04366020306209,79.82798686720312,526.3629143430385,5.952150474109409,1265,-3.0000427848693443,-4.738908023075872
3002,252.225,10.633394080076833,2541.625248642443,177.65891549479375,1942.4595524410395,2544.2336509686106,98.04361316344384,79.82544409923632,526.2923909052731,5.952371932254943,1265,-3.00004279883735,-4.738413704941023
3003,252.23499999999999,10.633757791413055,2541.6250690902266,177.653486404587,1942.4641181028119,2544.2335326675375,98.04356612372823,79.82290176553907,526.2218697146621,5.952593383343897,1265,-3.0000428128051606,-4.737919426924788
3004,252.24499999999998,10.634121467310683,2541.6248895353574,177.6480591576178,1942.46868362636,2544.233414365636,98.04351908391521,79.82035986597052,526.1513507708215,5.952814827377476,1265,-3.0000428267727757,-4.737425189017373
3005,252.255,10.634485107779286,2541.624709977835,177.64263375328164,1942.473249011706,2544.2332960629055,98.04347204400482,79.81781840038978,526.0808340733673,5.953036264356886,1265,-3.0000428407401944,-4.7369309912089905
3006,252.265,10.634848712828447,2541.624530417661,177.63721019083437,1942.4778142588743,2544.233177759346,98.04342500399707,79.81527736865611,526.010319621916,5.953257694283331,1265,-3.0000428547074187,-4.736436833489831
3007,252.27499999999998,10.635212282467744,2541.6243508548346,177.63178846963194,1942.4823793678897,2544.233059454957,98.04337796389194,79.81273677062876,525.9398074160836,5.9534791171580155,1265,-3.0000428686744485,-4.735942715850129
3008,252.285,10.635575816706751,2541.6241712893575,177.62636858885247,1942.4869443387763,2544.23294114974,98.04333092368944,79.81019660616707,525.8692974554868,5.953700532982144,1265,-3.0000428826412815,-4.735448638280073
3009,252.295,10.635939315555046,2541.623991721231,177.6209505479521,1942.4915091715586,2544.2328228436945,98.04328388338959,79.80765687513039,525.7987897397421,5.953921941756921,1265,-3.000042896607921,-4.734954600769885
3010,252.30499999999998,10.636302779022188,2541.6238121504553,177.6155343461136,1942.4960738662596,2544.2327045368206,98.04323684299237,79.80511757737818,525.7282842684663,5.9541433434835485,1265,-3.0000429105743636,-4.734460603309772
3011,252.315,10.636666207117752,2541.62363257703,177.61011998267207,1942.5006384229043,2544.2325862291173,98.04318980249779,79.80257871276991,525.6577810412762,5.954364738163229,1265,-3.0000429245406126,-4.7339666458899545
3012,252.325,10.637029599851298,2541.6234530009583,177.60470745698305,1942.5052028415157,2544.232467920587,98.04314276190586,79.8000402811651,525.5872800577888,5.954586125797167,1265,-3.000042938506666,-4.733472728500633
3013,252.33499999999998,10.637392957232397,2541.62327342224,177.5992967682551,1942.5097671221195,2544.232349611229,98.04309572121656,79.79750228242335,525.516781317621,5.954807506386563,1265,-3.000042952472525,-4.732978851132035
3014,252.34499999999997,10.637756279270612,2541.6230938408753,177.59388791583405,1942.51433126474,2544.2322313010422,98.0430486804299,79.79496471640432,525.4462848203905,5.955028879932619,1265,-3.0000429664381887,-4.732485013774378
3015,252.355,10.63811956597549,2541.6229142568654,177.58848089905558,1942.518895269399,2544.232112990028,98.0430016395459,79.79242758296768,525.3757905657143,5.955250246436536,1265,-3.0000429804036575,-4.731991216417863
3016,252.36499999999998,10.638482817356591,2541.6227346702117,177.5830757172,1942.5234591361213,2544.2319946781863,98.04295459856458,79.78989088197316,525.3052985532098,5.955471605899516,1265,-3.0000429943689317,-4.731497459052733
3017,252.375,10.63884603342348,2541.622555080913,177.5776723695752,1942.5280228649328,2544.231876365516,98.0429075574859,79.78735461328061,525.2348087824948,5.955692958322758,1265,-3.0000430083340115,-4.731003741669182
3018,252.385,10.6392092141857,2541.6223754889725,177.57227085545446,1942.5325864558552,2544.231758052019,98.04286051630989,79.78481877674986,525.1643212531869,5.9559143037074636,1265,-3.000043022298897,-4.730510064257448
3019,252.39499999999998,10.63957235965281,2541.6221958943893,177.5668711741659,1942.5371499089154,2544.2316397376944,98.04281347503652,79.7822833722408,525.0938359649042,5.956135642054833,1265,-3.000043036263587,-4.730016426807749
3020,252.40499999999997,10.639935469834349,2541.622016297164,177.5614733250203,1942.5417132241346,2544.2315214225423,98.04276643366585,79.77974839961341,525.0233529172642,5.956356973366064,1265,-3.0000430502280837,-4.729522829310305
3021,252.415,10.640298544739865,2541.6218366973,177.55607730732436,1942.5462764015379,2544.2314031065634,98.04271939219782,79.77721385872768,524.9528721098854,5.9565782976423565,1265,-3.000043064192385,-4.729029271755333
3022,252.42499999999998,10.64066158437891,2541.6216570947936,177.55068312039447,1942.5508394411502,2544.231284789756,98.04267235063251,79.7746797494437,524.8823935423859,5.9567996148849085,1265,-3.0000430781564926,-4.728535754133074
3023,252.43499999999997,10.641024588761015,2541.6214774896484,177.54529076346114,1942.5554023429943,2544.231166472122,98.04262530896983,79.77214607162156,524.811917214384,5.957020925094918,1265,-3.0000430921204058,-4.728042276433752
3024,252.445,10.641387557895724,2541.621297881866,177.53990023593167,1942.5599651070943,2544.231048153662,98.04257826720985,79.76961282512146,524.7414431254981,5.957242228273585,1265,-3.000043106084125,-4.727548838647573
3025,252.45499999999998,10.641750491792578,2541.6211182714455,177.53451153712453,1942.5645277334752,2544.2309298343744,98.04253122535253,79.76708000980359,524.670971275347,5.957463524422105,1265,-3.0000431200476494,-4.727055440764793
3026,252.46499999999997,10.642113390461107,2541.6209386583873,177.5291246662111,1942.5690902221602,2544.2308115142596,98.04248418339792,79.76454762552827,524.6005016635492,5.957684813541674,1265,-3.00004313401098,-4.726562082775626
3027,252.475,10.642476253910848,2541.620759042694,177.52373962260026,1942.5736525731738,2544.230693193319,98.04243714134597,79.76201567215577,524.5300342897235,5.95790609563349,1265,-3.0000431479741163,-4.726068764670303
3028,252.48499999999999,10.642839082151331,2541.620579424365,177.51835640560037,1942.57821478654,2544.2305748715517,98.04239009919674,79.75948414954651,524.4595691534892,5.95812737069875,1265,-3.0000431619370596,-4.725575486439053
3029,252.49499999999998,10.64320187519208,2541.620399803401,177.5129750144916,1942.5827768622817,2544.230456548957,98.04234305695019,79.75695305756089,524.389106254465,5.9583486387386495,1265,-3.000043175899808,-4.72508224807212
3030,252.505,10.643564633042628,2541.6202201798037,177.5075954485691,1942.5873388004236,2544.2303382255373,98.04229601460634,79.75442239605943,524.3186455922702,5.958569899754384,1265,-3.0000431898623625,-4.724589049559726
3031,252.515,10.643927355712497,2541.6200405535737,177.50221770716152,1942.5919006009904,2544.230219901291,98.0422489721652,79.75189216490266,524.2481871665243,5.958791153747148,1265,-3.000043203824724,-4.7240958908921025
3032,252.52499999999998,10.64429004321121,2541.6198609247094,177.49684178961428,1942.5964622640054,2544.2301015762177,98.04220192962674,79.74936236395114,524.1777309768465,5.959012400718137,1265,-3.000043217786891,-4.723602772059499
3033,252.535,10.644652695548285,2541.6196812932153,177.49146769519254,1942.6010237894918,2544.2299832503195,98.04215488699101,79.74683299306555,524.1072770228567,5.959233640668546,1265,-3.0000432317488652,-4.723109693052148
3034,252.545,10.645015312733245,2541.6195016590896,177.48609542315444,1942.6055851774756,2544.229864923595,98.04210784425798,79.74430405210659,524.0368253041743,5.959454873599567,1265,-3.0000432457106454,-4.722616653860278
3035,252.55499999999998,10.645377894775594,2541.619322022334,177.4807249729414,1942.610146427978,2544.2297465960446,98.04206080142765,79.74177554093495,523.9663758204192,5.959676099512395,1265,-3.000043259672232,-4.722123654474141
3036,252.565,10.645740441684858,2541.619142382948,177.47535634377456,1942.614707541025,2544.229628267668,98.04201375850006,79.7392474594115,523.8959285712114,5.959897318408221,1265,-3.0000432736336253,-4.721630694883962
3037,252.575,10.64610295347054,2541.618962740935,177.46998953494884,1942.6192685166393,2544.229509938466,98.04196671547516,79.73671980739707,523.8254835561709,5.960118530288241,1265,-3.0000432875948246,-4.721137775079999
3038,252.58499999999998,10.646465430142156,2541.6187830962936,177.46462454582178,1942.6238293548458,2544.2293916084386,98.04191967235299,79.73419258475253,523.7550407749179,5.960339735153646,1265,-3.0000433015558308,-4.7206448950524775
3039,252.59499999999997,10.646827871709212,2541.6186034490247,177.45926137571834,1942.6283900556687,2544.2292732775854,98.04187262913354,79.73166579133888,523.6846002270729,5.960560933005627,1265,-3.000043315516644,-4.720152054791658
3040,252.605,10.647190278181208,2541.618423799129,177.45390002388757,1942.6329506191303,2544.229154945907,98.04182558581682,79.72913942701713,523.6141619122561,5.960782123845377,1265,-3.0000433294772644,-4.719659254287771
3041,252.61499999999998,10.647552649567647,2541.6182441466085,177.44854048969174,1942.6375110452552,2544.229036613404,98.04177854240282,79.72661349164831,523.5437258300881,5.961003307674086,1265,-3.000043343437691,-4.719166493531068
3042,252.625,10.647914985878034,2541.6180644914616,177.4431827724357,1942.6420713340676,2544.228918280074,98.04173149889156,79.72408798509355,523.4732919801896,5.961224484492947,1265,-3.0000433573979244,-4.718673772511794
3043,252.635,10.648277287121866,2541.617884833692,177.43782687141658,1942.646631485592,2544.228799945921,98.04168445528305,79.72156290721402,523.4028603621815,5.961445654303148,1265,-3.000043371357965,-4.718181091220195
3044,252.64499999999998,10.64863955330864,2541.6177051732984,177.43247278592764,1942.651191499851,2544.2286816109417,98.04163741157724,79.71903825787095,523.3324309756846,5.961666817105881,1265,-3.0000433853178126,-4.71768844964652
3045,252.65499999999997,10.649001784447844,2541.6175255102835,177.42712051531706,1942.6557513768682,2544.228563275139,98.0415903677742,79.71651403692557,523.26200382032,5.961887972902335,1265,-3.0000433992774673,-4.7171958477810225
3046,252.665,10.649363980548976,2541.6173458446447,177.42177005893862,1942.6603111166687,2544.2284449385097,98.04154332387391,79.71399024423926,523.191578895709,5.9621091216936986,1265,-3.000043413236929,-4.7167032856139475
3047,252.67499999999998,10.649726141621533,2541.6171661763856,177.41642141600028,1942.6648707192771,2544.2283266010572,98.04149627987636,79.71146687967335,523.1211562014726,5.962330263481162,1265,-3.000043427196198,-4.716210763135554
3048,252.68499999999997,10.650088267674983,2541.6169865055053,177.4110745859173,1942.669430184714,2544.2282082627785,98.04144923578156,79.70894394308928,523.0507357372325,5.962551398265912,1265,-3.0000434411552748,-4.715718280336095
3049,252.695,10.65045035871883,2541.616806832007,177.40572956795506,1942.6739895130063,2544.2280899236775,98.04140219158948,79.70642143434853,522.9803175026101,5.9627725260491395,1265,-3.000043455114159,-4.715225837205803
3050,252.70499999999998,10.650812414762546,2541.616627155888,177.40038636143817,1942.6785487041764,2544.227971583751,98.0413551473002,79.70389935331262,522.9099014972271,5.96299364683203,1265,-3.00004346907285,-4.714733433734959
3051,252.71499999999997,10.651174435815618,2541.6164474771513,177.3950449656786,1942.6831077582485,2544.227853243,98.04130810291365,79.70137769984316,522.8394877207054,5.963214760615771,1265,-3.000043483031348,-4.714241069913813
3052,252.725,10.65153642188752,2541.6162677957973,177.38970537991545,1942.687666675246,2544.2277349014253,98.04126105842987,79.69885647380178,522.7690761726666,5.963435867401551,1265,-3.0000434969896546,-4.713748745732615
3053,252.73499999999999,10.651898372987734,2541.616088111827,177.38436760363413,1942.6922254551932,2544.2276165590265,98.04121401384884,79.69633567505015,522.6986668527331,5.9636569671905555,1265,-3.0000435109477683,-4.713256461181628
3054,252.74499999999998,10.652260289125735,2541.615908425241,177.3790316360627,1942.6967840981142,2544.227498215804,98.04116696917059,79.69381530345002,522.6282597605268,5.963878059983971,1265,-3.0000435249056894,-4.712764216251114
3055,252.755,10.652622170310993,2541.6157287360384,177.37369747641856,1942.7013426040323,2544.227379871757,98.0411199243951,79.69129535886319,522.5578548956701,5.964099145782984,1265,-3.000043538863419,-4.7122720109313185
3056,252.765,10.652984016552972,2541.6155490442216,177.36836512418222,1942.7059009729705,2544.2272615268867,98.04107287952239,79.68877584115147,522.4874522577852,5.9643202245887785,1265,-3.000043552820956,-4.711779845212531
3057,252.77499999999998,10.653345827861155,2541.615369349791,177.36303457858816,1942.7104592049545,2544.2271431811923,98.04102583455246,79.6862567501768,522.4170518464948,5.964541296402541,1265,-3.0000435667783005,-4.711287719084986
3058,252.785,10.653707604244998,2541.6151896527467,177.35770583894168,1942.715017300006,2544.2270248346745,98.0409787894853,79.6837380858011,522.3466536614216,5.964762361225456,1265,-3.000043580735453,-4.7107956325389715
3059,252.795,10.654069345713962,2541.615009953092,177.35237890462264,1942.7195752581495,2544.2269064873344,98.04093174432093,79.68121984788637,522.2762577021883,5.964983419058707,1265,-3.0000435946924133,-4.710303585564719
3060,252.80499999999998,10.65443105227752,2541.6148302508254,177.34705377488783,1942.72413307941,2544.2267881391704,98.04088469905933,79.67870203629467,522.2058639684177,5.965204469903479,1265,-3.0000436086491824,-4.709811578152528
3061,252.815,10.654792723945118,2541.6146505459456,177.34173044911415,1942.7286907638088,2544.226669790182,98.04083765370054,79.67618465088809,522.135472459733,5.965425513760955,1265,-3.0000436226057596,-4.7093196102926544
3062,252.825,10.655154360726222,2541.614470838458,177.3364089265183,1942.7332483113712,2544.226551440372,98.04079060824452,79.6736676915288,522.0650831757571,5.965646550632318,1265,-3.000043636562144,-4.708827681975347
3063,252.83499999999998,10.655515962630284,2541.61429112836,177.3310892065669,1942.7378057221204,2544.2264330897383,98.04074356269132,79.671151158079,521.9946961161133,5.9658675805187515,1265,-3.000043650518337,-4.708335793190911
3064,252.84499999999997,10.655877529666764,2541.614111415653,177.32577128849422,1942.7423629960808,2544.2263147382814,98.04069651704089,79.66863505040094,521.9243112804252,5.966088603421437,1265,-3.0000436644743393,-4.707843943929588
3065,252.855,10.656239061845104,2541.61393170034,177.32045517156718,1942.7469201332756,2544.226196386003,98.04064947129325,79.66611936835693,521.853928668316,5.966309619341557,1265,-3.0000436784301487,-4.707352134181654
3066,252.86499999999998,10.656600559174763,2541.6137519824165,177.31514085518978,1942.7514771337292,2544.226078032899,98.04060242544843,79.66360411180935,521.7835482794096,5.966530628280292,1265,-3.0000436923857676,-4.7068603639373965
3067,252.875,10.656962021665182,2541.6135722618887,177.30982833862444,1942.7560339974643,2544.2259596789745,98.04055537950643,79.66108928062059,521.7131701133294,5.966751630238826,1265,-3.000043706341194,-4.706368633187067
3068,252.885,10.657323449325794,2541.6133925387553,177.3045176212727,1942.7605907245036,2544.2258413242275,98.04050833346722,79.65857487465314,521.6427941696996,5.966972625218338,1265,-3.0000437202964294,-4.705876941920947
3069,252.89499999999998,10.65768484216606,2541.6132128130166,177.29920870238618,1942.7651473148733,2544.225722968658,98.0404612873308,79.65606089376949,521.572420448144,5.967193613220007,1265,-3.000043734251473,-4.7053852901293265
3070,252.90499999999997,10.658046200195415,2541.613033084672,177.2939015813013,1942.7697037685964,2544.225604612265,98.04041424109722,79.65354733783222,521.5020489482866,5.967414594245017,1265,-3.0000437482063265,-4.7048936778024695
3071,252.915,10.658407523423291,2541.612853353726,177.2885962573981,1942.7742600856952,2544.2254862550512,98.04036719476645,79.65103420670394,521.4316796697519,5.967635568294545,1265,-3.0000437621609874,-4.7044021049306455
3072,252.92499999999998,10.65876881185913,2541.6126736201754,177.28329272990172,1942.778816266194,2544.225367897014,98.0403201483385,79.64852150024734,521.3613126121639,5.967856535369772,1265,-3.0000437761154575,-4.703910571504149
3073,252.93499999999997,10.659130065512363,2541.612493884023,177.27799099818262,1942.7833723101169,2544.2252495381554,98.04027310181337,79.64600921832512,521.2909477751476,5.968077495471875,1265,-3.000043790069737,-4.703419077513249
3074,252.945,10.659491284392425,2541.612314145271,177.27269106151633,1942.7879282174874,2544.2251311784753,98.04022605519107,79.64349736080007,521.2205851583271,5.968298448602034,1265,-3.000043804023825,-4.702927622948229
3075,252.95499999999998,10.659852468508744,2541.6121344039166,177.26739291932654,1942.792483988329,2544.225012817973,98.0401790084716,79.640985927535,521.1502247613273,5.968519394761427,1265,-3.0000438179777222,-4.702436207799376
3076,252.96499999999997,10.660213617870742,2541.611954659962,177.262096570878,1942.7970396226647,2544.2248944566486,98.04013196165495,79.6384749183928,521.079866583773,5.9687403339512315,1265,-3.000043831931428,-4.701944832056973
3077,252.975,10.660574732487856,2541.6117749134096,177.25680201544495,1942.8015951205196,2544.224776094504,98.04008491474113,79.63596433323639,521.0095106252892,5.968961266172625,1265,-3.000043845884943,-4.7014534957112915
3078,252.98499999999999,10.660935812369498,2541.611595164256,177.25150925243622,1942.8061504819157,2544.224657731535,98.04003786773016,79.63345417192875,520.9391568855008,5.969182191426784,1265,-3.000043859838268,-4.700962198752632
3079,252.99499999999998,10.661296857525096,2541.611415412507,177.24621828116472,1942.8107057068778,2544.224539367747,98.03999082062204,79.63094443433292,520.8688053640333,5.969403109714887,1265,-3.0000438737914026,-4.700470941171269
3080,253.005,10.661657867964067,2541.6112356581593,177.24092910091704,1942.815260795429,2544.2244210031367,98.03994377341677,79.62843512031198,520.7984560605119,5.969624021038109,1265,-3.0000438877443454,-4.699979722957499
3081,253.015,10.662018843695822,2541.6110559012172,177.23564171099858,1942.819815747592,2544.224302637706,98.0398967261143,79.62592622972906,520.7281089745618,5.9698449253976245,1265,-3.000043901697098,-4.6994885441016
3082,253.02499999999998,10.662379784729787,2541.6108761416776,177.23035611082616,1942.8243705633922,2544.224184271453,98.0398496787147,79.62341776244735,520.6577641058088,5.970065822794613,1265,-3.0000439156496603,-4.698997404593872
3083,253.035,10.662740691075363,2541.6106963795437,177.2250722995972,1942.8289252428515,2544.224065904379,98.03980263121798,79.62090971833007,520.5874214538786,5.970286713230245,1265,-3.0000439296020316,-4.698506304424599
3084,253.045,10.663101562741971,2541.610516614815,177.21979027676807,1942.8334797859948,2544.2239475364845,98.03975558362409,79.6184020972405,520.5170810183969,5.970507596705699,1265,-3.0000439435542128,-4.698015243584079
3085,253.05499999999998,10.663462399739014,2541.6103368474933,177.21451004157146,1942.8380341928453,2544.2238291677695,98.03970853593307,79.61589489904202,520.4467427989897,5.970728473222148,1265,-3.0000439575062043,-4.697524222062587
3086,253.065,10.663823202075893,2541.610157077579,177.20923159339478,1942.842588463425,2544.2237107982332,98.0396614881449,79.61338812359799,520.3764067952831,5.970949342780766,1265,-3.0000439714580045,-4.69703323985044
3087,253.075,10.664183969762016,2541.6099773050723,177.2039549315711,1942.8471425977586,2544.223592427877,98.0396144402596,79.61088177077185,520.3060730069029,5.971170205382727,1265,-3.000043985409615,-4.696542296937917
3088,253.08499999999998,10.66454470280679,2541.6097975299745,177.1986800553284,1942.8516965958709,2544.2234740566996,98.03956739227716,79.60837584042712,520.2357414334758,5.971391061029203,1265,-3.000043999361035,-4.696051393315318
3089,253.09499999999997,10.664905401219608,2541.6096177522854,177.19340696405894,1942.8562504577837,2544.223355684702,98.03952034419758,79.6058703324273,520.1654120746282,5.971611909721369,1265,-3.0000440133122654,-4.695560528972946
3090,253.105,10.66526606500987,2541.6094379720066,177.18813565709698,1942.8608041835207,2544.2232373118836,98.03947329602089,79.60336524663602,520.0950849299863,5.971832751460396,1265,-3.000044027263305,-4.695069703901088
3091,253.11499999999998,10.665626694186976,2541.6092581891385,177.18286613384066,1942.8653577731063,2544.2231189382455,98.03942624774706,79.60086058291688,520.0247599991771,5.972053586247457,1265,-3.0000440412141556,-4.694578918090047
3092,253.125,10.665987288760313,2541.6090784036824,177.1775983934726,1942.8699112265633,2544.2230005637875,98.03937919937611,79.59835634113364,519.9544372818272,5.9722744140837225,1265,-3.000044055164816,-4.6940881715301295
3093,253.135,10.666347848739269,2541.6088986156387,177.17233243536987,1942.8744645439149,2544.2228821885096,98.03933215090807,79.59585252115,519.8841167775633,5.972495234970365,1265,-3.0000440691152863,-4.69359746421163
3094,253.14499999999998,10.666708374133245,2541.608718825007,177.16706825892484,1942.8790177251858,2544.2227638124114,98.03928510234287,79.59334912282978,519.8137984860128,5.972716048908556,1265,-3.0000440830655672,-4.693106796124852
3095,253.15499999999997,10.667068864951617,2541.608539031789,177.1618058634075,1942.8835707703977,2544.2226454354927,98.03923805368058,79.59084614603681,519.7434824068025,5.972936855899465,1265,-3.0000440970156586,-4.692616167260101
3096,253.165,10.66742932120378,2541.608359235985,177.15654524819533,1942.8881236795762,2544.2225270577546,98.03919100492116,79.588343590635,519.6731685395599,5.973157655944263,1265,-3.0000441109655593,-4.692125577607685
3097,253.17499999999998,10.667789742899101,2541.608179437597,177.15128641257837,1942.8926764527423,2544.2224086791975,98.03914395606463,79.58584145648832,519.6028568839122,5.973378449044119,1265,-3.0000441249152714,-4.691635027157894
3098,253.18499999999997,10.668150130046977,2541.6079996366234,177.14602935588437,1942.8972290899217,2544.22229029982,98.03909690711102,79.58333974346075,519.532547439487,5.9735992352002025,1265,-3.000044138864794,-4.691144515901053
3099,253.195,10.668510482656778,2541.607819833067,177.14077407743815,1942.9017815911363,2544.2221719196236,98.03904985806028,79.58083845141635,519.4622402059117,5.9738200144136835,1265,-3.0000441528141275,-4.6906540438274575
3100,253.20499999999998,10.668870800737878,2541.6076400269267,177.13552057662073,1942.9063339564102,2544.222053538607,98.03900280891246,79.57833758021921,519.3919351828143,5.974040786685731,1265,-3.0000441667632702,-4.690163610927422
3101,253.21499999999997,10.669231084299662,2541.607460218204,177.1302688527261,1942.9108861857671,2544.221935156771,98.03895575966753,79.57583712973351,519.3216323698226,5.974261552017512,1265,-3.0000441807122247,-4.689673217191257
3102,253.225,10.669591333351493,2541.607280406902,177.12501890508267,1942.91543827923,2544.221816774118,98.03890871032553,79.57333709982343,519.2513317665645,5.974482310410195,1265,-3.0000441946609904,-4.689182862609257
3103,253.23499999999999,10.669951547902741,2541.607100593018,177.11977073305448,1942.9199902368225,2544.221698390644,98.03886166088643,79.57083749035326,519.181033372668,5.9747030618649495,1265,-3.000044208609566,-4.688692547171764
3104,253.24499999999998,10.670311727962778,2541.6069207765545,177.11452433588863,1942.9245420585676,2544.2215800063523,98.03881461135023,79.56833830118727,519.1107371877614,5.9749238063829395,1265,-3.000044222557953,-4.688202270869067
3105,253.255,10.670671873540968,2541.6067409575103,177.109279713028,1942.9290937444896,2544.2214616212405,98.03876756171695,79.56583953218984,519.0404432114732,5.9751445439653335,1265,-3.0000442365061506,-4.68771203369149
3106,253.265,10.671031984646673,2541.606561135888,177.10403686378993,1942.9336452946104,2544.221343235311,98.03872051198658,79.56334118322535,518.9701514434315,5.9753652746132975,1265,-3.0000442504541596,-4.687221835629343
3107,253.27499999999998,10.671392061289252,2541.6063813116875,177.09879578743218,1942.938196708954,2544.2212248485616,98.03867346215915,79.56084325415831,518.8998618832652,5.975585998327998,1265,-3.0000442644019794,-4.686731676672941
3108,253.285,10.671752103478076,2541.60620148491,177.09355648334596,1942.9427479875453,2544.221106460995,98.03862641223463,79.55834574485318,518.8295745306028,5.9758067151106005,1265,-3.0000442783496104,-4.686241556812615
3109,253.295,10.672112111222486,2541.606021655555,177.08831895080715,1942.947299130405,2544.2209880726086,98.03857936221306,79.55584865517456,518.7592893850732,5.976027424962271,1265,-3.000044292297053,-4.68575147603867
3110,253.30499999999998,10.672472084531849,2541.605841823625,177.08308318925108,1942.9518501375585,2544.220869683404,98.0385323120944,79.55335198498702,518.6890064463054,5.976248127884174,1265,-3.000044306244307,-4.685261434341425
3111,253.315,10.672832023415518,2541.60566198912,177.0778491979283,1942.956401009029,2544.220751293382,98.03848526187868,79.55085573415525,518.6187257139283,5.976468823877474,1265,-3.000044320191372,-4.684771431711208
3112,253.325,10.67319192788284,2541.6054821520393,177.07261697619288,1942.960951744839,2544.2206329025407,98.03843821156589,79.54835990254395,518.548447187571,5.976689512943336,1265,-3.0000443341382486,-4.684281468138335
3113,253.33499999999998,10.67355179794316,2541.6053023123845,177.06738652341522,1942.9655023450116,2544.220514510882,98.03839116115604,79.54586449001789,518.478170866863,5.976910195082922,1265,-3.000044348084937,-4.683791543613129
3114,253.34499999999997,10.673911633605833,2541.605122470158,177.06215783889536,1942.9700528095716,2544.2203961184055,98.03834411064915,79.54336949644188,518.4078967514338,5.9771308702973975,1265,-3.0000443620314363,-4.683301658125915
3115,253.355,10.674271434880197,2541.6049426253594,177.05693092193928,1942.974603138541,2544.220277725112,98.03829706004518,79.5408749216808,518.3376248409126,5.977351538587924,1265,-3.000044375977748,-4.682811811667012
3116,253.36499999999998,10.674631201775597,2541.6047627779885,177.05170577192087,1942.9791533319435,2544.220159330999,98.03825000934417,79.53838076559953,518.2673551349291,5.977572199955666,1265,-3.000044389923871,-4.682322004226758
3117,253.375,10.674990934301372,2541.604582928046,177.04648238821,1942.983703389802,2544.220040936069,98.03820295854611,79.53588702806306,518.1970876331134,5.977792854401783,1265,-3.000044403869806,-4.681832235795478
3118,253.385,10.675350632466863,2541.604403075534,177.0412607701282,1942.9882533121406,2544.219922540322,98.038155907651,79.5333937089364,518.126822335095,5.97801350192744,1265,-3.0000444178155523,-4.681342506363486
3119,253.39499999999998,10.675710296281402,2541.604223220451,177.03604091695067,1942.9928030989822,2544.2198041437564,98.03810885665885,79.53090080808462,518.056559240504,5.978234142533797,1265,-3.000044431761111,-4.680852815921126
3120,253.40499999999997,10.676069925754325,2541.6040433628,177.0308228280288,1942.99735275035,2544.2196857463746,98.03806180556964,79.52840832537284,517.9862983489708,5.978454776222015,1265,-3.000044445706482,-4.680363164458717
3121,253.415,10.676429520894967,2541.60386350258,177.0256065027757,1943.0019022662677,2544.2195673481747,98.03801475438341,79.5259162606662,517.9160396601253,5.978675402993256,1265,-3.0000444596516647,-4.679873551966606
3122,253.42499999999998,10.67678908171266,2541.603683639793,177.02039194048123,1943.006451646759,2544.2194489491576,98.03796770310016,79.52342461382993,517.8457831735981,5.978896022848679,1265,-3.000044473596659,-4.679383978435109
3123,253.43499999999997,10.677148608216719,2541.603503774438,177.01517914046602,1943.0110008918455,2544.2193305493233,98.03792065171986,79.52093338472932,517.7755288890196,5.979116635789446,1265,-3.0000444875414662,-4.678894443854569
3124,253.445,10.677508100416475,2541.603323906518,177.0099681020906,1943.0155500015508,2544.219212148673,98.03787360024252,79.51844257322966,517.7052768060204,5.979337241816716,1265,-3.0000445014860855,-4.678404948215309
3125,253.45499999999998,10.677867558321262,2541.603144036032,177.00475882468498,1943.0200989759,2544.2190937472046,98.03782654866815,79.51595217919632,517.635026924231,5.979557840931647,1265,-3.000044515430517,-4.677915491507679
3126,253.46499999999997,10.678226981940387,2541.602964162981,176.99955130763698,1943.0246478149145,2544.2189753449197,98.03777949699676,79.51346220249474,517.5647792432827,5.9797784331354,1265,-3.0000445293747604,-4.677426073722006
3127,253.475,10.678586371283176,2541.6027842873664,176.99434555019855,1943.029196518618,2544.218856941819,98.03773244522836,79.51097264299034,517.4945337628062,5.979999018429131,1265,-3.000044543318817,-4.676936694848629
3128,253.48499999999999,10.678945726358943,2541.6026044091886,176.98914155177522,1943.0337450870331,2544.2187385379016,98.03768539336292,79.50848350054869,517.4242904824326,5.980219596814001,1265,-3.0000445572626857,-4.676447354877882
3129,253.49499999999998,10.679305047177014,2541.602424528446,176.98393931165222,1943.0382935201853,2544.2186201331665,98.0376383414005,79.50599477503533,517.3540494017931,5.9804401682911665,1265,-3.0000445712063675,-4.6759580538001275
3130,253.505,10.679664333746686,2541.602244645144,176.97873882921658,1943.0428418180954,2544.2185017276165,98.03759128934104,79.5035064663159,517.283810520519,5.980660732861786,1265,-3.0000445851498614,-4.67546879160567
3131,253.515,10.680023586077278,2541.6020647592786,176.97354010379013,1943.047389980787,2544.2183833212493,98.03754423718458,79.50101857425602,517.2135738382416,5.980881290527015,1265,-3.000044599093168,-4.674979568284884
3132,253.52499999999998,10.680382804178096,2541.6018848708527,176.96834313470418,1943.0519380082835,2544.2182649140655,98.03749718493111,79.49853109872146,517.1433393545927,5.981101841288011,1265,-3.000044613036288,-4.674490383828088
3133,253.535,10.680741988058456,2541.6017049798675,176.96314792133055,1943.0564859006097,2544.2181465060667,98.03745013258064,79.49604403957797,517.073107069204,5.981322385145931,1265,-3.00004462697922,-4.674001238225643
3134,253.545,10.68110113772765,2541.601525086323,176.9579544630269,1943.0610336577865,2544.2180280972516,98.03740308013316,79.49355739669137,517.0028769817071,5.981542922101929,1265,-3.0000446409219657,-4.673512131467892
3135,253.55499999999998,10.681460253194988,2541.601345190218,176.95276275910598,1943.0655812798384,2544.2179096876202,98.03735602758869,79.49107116992752,516.932649091734,5.981763452157162,1265,-3.0000446548645243,-4.673023063545179
3136,253.565,10.681819334469765,2541.6011652915563,176.94757280884065,1943.0701287667875,2544.2177912771726,98.03730897494721,79.48858535915237,516.8624233989167,5.981983975312787,1265,-3.000044668806896,-4.672534034447841
3137,253.575,10.682178381561279,2541.6009853903374,176.94238461168484,1943.0746761186576,2544.21767286591,98.03726192220876,79.48609996423184,516.7921999028874,5.982204491569955,1265,-3.0000446827490808,-4.672045044166234
3138,253.58499999999998,10.682537394478832,2541.6008054865606,176.93719816690896,1943.0792233354716,2544.217554453832,98.03721486937332,79.48361498503199,516.7219786032782,5.982425000929823,1265,-3.000044696691079,-4.671556092690717
3139,253.59499999999997,10.682896373231717,2541.600625580228,176.9320134739408,1943.0837704172538,2544.2174360409376,98.03716781644086,79.48113042141887,516.6517594997217,5.982645503393545,1265,-3.00004471063289,-4.6710671800116295
3140,253.605,10.683255317829225,2541.6004456713404,176.9268305319838,1943.0883173640266,2544.217317627228,98.03712076341145,79.4786462732586,516.5815425918504,5.982865998962274,1265,-3.0000447245745145,-4.670578306119327
3141,253.61499999999998,10.68361422828064,2541.6002657599,176.9216493404964,1943.0928641758117,2544.2171992127046,98.03707371028506,79.47616254041735,516.5113278792967,5.9830864876371646,1265,-3.000044738515952,-4.67008947100415
3142,253.625,10.683973104595259,2541.6000858459033,176.91646989885666,1943.0974108526345,2544.217080797365,98.03702665706169,79.47367922276135,516.4411153616935,5.983306969419369,1265,-3.000044752457203,-4.669600674656472
3143,253.635,10.68433194678236,2541.599905929354,176.91129220632277,1943.1019573945164,2544.2169623812097,98.03697960374133,79.47119632015684,516.3709050386738,5.98352744431004,1265,-3.0000447663982683,-4.669111917066634
3144,253.64499999999998,10.684690754851227,2541.5997260102513,176.9061162622038,1943.1065038014806,2544.2168439642396,98.036932550324,79.46871383247016,516.3006969098703,5.9837479123103305,1265,-3.0000447803391466,-4.668623198224999
3145,253.65499999999997,10.68504952881115,2541.599546088597,176.9009420659463,1943.111050073552,2544.216725546454,98.0368854968097,79.46623175956766,516.2304909749163,5.983968373421391,1265,-3.000044794279839,-4.668134518121921
3146,253.665,10.685408268671397,2541.5993661643915,176.89576961682602,1943.1155962107512,2544.2166071278543,98.03683844319842,79.46375010131578,516.1602872334448,5.984188827644373,1265,-3.0000448082203452,-4.667645876747753
3147,253.67499999999998,10.68576697444125,2541.5991862376354,176.89059891422983,1943.120142213103,2544.21648870844,98.03679138949022,79.46126885758098,516.0900856850894,5.984409274980429,1265,-3.000044822160665,-4.667157274092866
3148,253.68499999999997,10.686125646129994,2541.599006308329,176.88542995748165,1943.124688080631,2544.2163702882103,98.03674433568503,79.45878802822976,516.0198863294834,5.984629715430709,1265,-3.0000448361007988,-4.666668710147608
3149,253.695,10.686484283746887,2541.5988263764734,176.8802627459092,1943.129233813356,2544.216251867167,98.03669728178289,79.45630761312871,515.9496891662603,5.9848501489963635,1265,-3.000044850040747,-4.666180184902346
3150,253.70499999999998,10.686842887301205,2541.59864644207,176.8750972789284,1943.1337794113026,2544.216133445309,98.0366502277838,79.45382761214442,515.879494195054,5.985070575678543,1265,-3.000044863980508,-4.665691698347437
3151,253.71499999999997,10.687201456802221,2541.598466505117,176.86993355580097,1943.1383248744935,2544.2160150226364,98.03660317368774,79.4513480251436,515.8093014154981,5.985290995478397,1265,-3.0000448779200837,-4.66520325047325
3152,253.725,10.687559992259194,2541.598286565618,176.86477157596602,1943.1428702029518,2544.21589659915,98.03655611949475,79.44886885199291,515.7391108272266,5.985511408397073,1265,-3.000044891859474,-4.664714841270152
3153,253.73499999999999,10.687918493681396,2541.598106623572,176.85961133868986,1943.1474153967008,2544.2157781748497,98.0365090652048,79.44639009255917,515.6689224298735,5.985731814435723,1265,-3.000044905798678,-4.6642264707285
3154,253.74499999999998,10.688276961078087,2541.59792667898,176.8544528433332,1943.151960455763,2544.2156597497337,98.0364620108179,79.44391174670916,515.598736223073,5.9859522135954935,1265,-3.000044919737696,-4.663738138838666
3155,253.755,10.688635394458526,2541.597746731842,176.84929608926208,1943.156505380162,2544.2155413238047,98.03641495633408,79.44143381430975,515.5285522064594,5.986172605877533,1265,-3.000044933676529,-4.663249845591027
3156,253.765,10.688993793831976,2541.59756678216,176.84414107584973,1943.1610501699204,2544.2154228970626,98.03636790175332,79.43895629522785,515.458370379667,5.986392991282989,1265,-3.000044947615176,-4.6627615909759275
3157,253.77499999999998,10.689352159207688,2541.597386829934,176.83898780242893,1943.1655948250614,2544.215304469505,98.03632084707563,79.43647918933043,515.3881907423304,5.9866133698130115,1265,-3.0000449615536384,-4.662273374983759
3158,253.785,10.689710490594916,2541.597206875164,176.83383626833506,1943.170139345607,2544.215186041135,98.03627379230099,79.43400249648451,515.3180132940843,5.986833741468744,1265,-3.0000449754919143,-4.661785197604878
3159,253.795,10.690068788002922,2541.597026917853,176.828686472913,1943.1746837315825,2544.2150676119513,98.03622673742942,79.43152621655715,515.2478380345632,5.987054106251335,1265,-3.000044989430006,-4.661297058829657
3160,253.80499999999998,10.69042705144094,2541.5968469579984,176.82353841549343,1943.1792279830083,2544.2149491819546,98.03617968246094,79.42905034941543,515.1776649634022,5.987274464161931,1265,-3.0000450033679114,-4.6608089586484835
3161,253.815,10.690785280918229,2541.5966669956033,176.81839209551015,1943.1837720999088,2544.2148307511443,98.03613262739552,79.42657489492656,515.1074940802363,5.9874948152016785,1265,-3.000045017305632,-4.660320897051722
3162,253.825,10.691143476444035,2541.5964870306666,176.81324751223707,1943.1883160823065,2544.2147123195195,98.03608557223319,79.42409985295772,515.0373253847004,5.987715159371721,1265,-3.0000450312431672,-4.659832874029737
3163,253.83499999999998,10.691501638027596,2541.596307063191,176.80810466503297,1943.1928599302248,2544.214593887083,98.03603851697395,79.42162522337618,514.9671588764297,5.987935496673205,1265,-3.0000450451805176,-4.659344889572928
3164,253.84499999999997,10.691859765678162,2541.596127093176,176.8029635532568,1943.197403643687,2544.2144754538335,98.03599146161778,79.41915100604923,514.8969945550598,5.988155827107276,1265,-3.000045059117683,-4.658856943671652
3165,253.855,10.692217859404964,2541.59594712062,176.797824176274,1943.2019472227144,2544.214357019769,98.03594440616472,79.41667720084426,514.826832420226,5.9883761506750774,1265,-3.000045073054663,-4.658369036316303
3166,253.86499999999998,10.692575919217251,2541.595767145528,176.79268653340662,1943.2064906673324,2544.2142385848933,98.03589735061473,79.41420380762868,514.7566724715639,5.9885964673777545,1265,-3.0000450869914586,-4.657881167497238
3167,253.875,10.692933945124244,2541.5955871679,176.78755062405395,1943.2110339775613,2544.2141201492054,98.03585029496784,79.4117308262699,514.686514708709,5.988816777216449,1265,-3.000045100928069,-4.657393337204855
3168,253.885,10.693291937135184,2541.595407187733,176.78241644752194,1943.2155771534253,2544.214001712704,98.03580323922405,79.40925825663548,514.6163591312974,5.989037080192307,1265,-3.0000451148644953,-4.656905545429535
3169,253.89499999999998,10.693649895259307,2541.59522720503,176.77728400320836,1943.2201201949483,2544.213883275389,98.03575618338336,79.40678609859295,514.5462057389648,5.989257376306469,1265,-3.0000451288007364,-4.656417792161662
3170,253.90499999999997,10.694007819505833,2541.5950472197924,176.77215329041607,1943.2246631021512,2544.213764837263,98.03570912744576,79.4043143520099,514.4760545313474,5.989477665560079,1265,-3.000045142736793,-4.655930077391606
3171,253.915,10.694365709883991,2541.594867232019,176.76702430849627,1943.2292058750577,2544.213646398324,98.03566207141128,79.40184301675401,514.4059055080811,5.989697947954281,1265,-3.0000451566726656,-4.655442401109765
3172,253.92499999999998,10.694723566403017,2541.5946872417135,176.7618970568334,1943.233748513692,2544.2135279585727,98.0356150152799,79.39937209269297,514.3357586688024,5.989918223490213,1265,-3.0000451706083533,-4.654954763306514
3173,253.93499999999997,10.695081389072124,2541.594507248872,176.7567715348108,1943.2382910180754,2544.213409518009,98.03556795905163,79.39690157969454,514.2656140131477,5.990138492169019,1265,-3.0000451845438563,-4.654467163972241
3174,253.945,10.695439177900527,2541.5943272535,176.75164774175448,1943.2428333882303,2544.2132910766345,98.03552090272647,79.39443147762653,514.1954715407534,5.99035875399184,1265,-3.0000451984791754,-4.65397960309735
3175,253.95499999999998,10.695796932897458,2541.594147255594,176.7465256769995,1943.2473756241814,2544.213172634446,98.03547384630444,79.39196178635677,514.1253312512562,5.990579008959817,1265,-3.0000452124143098,-4.65349208067222
3176,253.96499999999997,10.696154654072133,2541.593967255158,176.7414053398889,1943.2519177259514,2544.213054191447,98.03542678978553,79.38949250575315,514.0551931442927,5.99079925707409,1265,-3.0000452263492607,-4.653004596687225
3177,253.975,10.696512341433756,2541.5937872521895,176.73628672982233,1943.2564596935613,2544.2129357476356,98.03537973316973,79.38702363568366,513.9850572194999,5.991019498335799,1265,-3.000045240284028,-4.652517151132784
3178,253.98499999999999,10.696869994991546,2541.5936072466916,176.73116984613378,1943.2610015270348,2544.2128173030123,98.03533267645707,79.38455517601626,513.9149234765148,5.9912397327460845,1265,-3.00004525421861,-4.652029743999266
3179,253.99499999999998,10.697227614754722,2541.593427238664,176.72605468815937,1943.2655432263964,2544.212698857578,98.03528561964754,79.38208712661903,513.8447919149743,5.991459960306085,1265,-3.0000452681530088,-4.6515423752770815
3180,254.005,10.697585200732473,2541.5932472281074,176.72094125525425,1943.270084791666,2544.212580411331,98.03523856274114,79.37961948736005,513.7746625345156,5.991680181016941,1265,-3.000045282087223,-4.651055044956623
3181,254.015,10.697942752934022,2541.593067215023,176.71582954685118,1943.2746262228693,2544.212461964274,98.03519150573786,79.37715225810743,513.7045353347763,5.991900394879789,1265,-3.000045296021254,-4.650567753028263
3182,254.02499999999998,10.698300271368572,2541.5928871994106,176.71071956219916,1943.2791675200278,2544.212343516405,98.03514444863771,79.37468543872943,513.6344103153938,5.992120601895767,1265,-3.0000453099551008,-4.650080499482426
3183,254.035,10.698657756045312,2541.5927071812716,176.70561130076464,1943.2837086831632,2544.2122250677253,98.0350973914407,79.37221902909424,513.5642874760053,5.992340802066016,1265,-3.000045323888764,-4.6495932843094945
3184,254.045,10.699015206973456,2541.5925271606047,176.7005047617757,1943.2882497122996,2544.2121066182326,98.03505033414685,79.36975302907018,513.4941668162489,5.99256099539167,1265,-3.000045337822244,-4.649106107499873
3185,254.05499999999998,10.699372624162201,2541.592347137414,176.6953999447066,1943.2927906074608,2544.2119881679314,98.03500327675614,79.36728743852558,513.4240483357621,5.992781181873869,1265,-3.00004535175554,-4.648618969043952
3186,254.065,10.69973000762074,2541.5921671116976,176.69029684888108,1943.297331368668,2544.211869716818,98.03495621926858,79.36482225732881,513.3539320341829,5.993001361513747,1265,-3.0000453656886523,-4.64813186893215
3187,254.075,10.700087357358262,2541.5919870834573,176.68519547359696,1943.3018719959434,2544.2117512648942,98.03490916168418,79.36235748534835,513.2838179111494,5.993221534312443,1265,-3.0000453796215822,-4.647644807154843
3188,254.08499999999998,10.700444673383966,2541.5918070526914,176.68009581829287,1943.3064124893115,2544.2116328121583,98.03486210400291,79.35989312245265,513.2137059662996,5.993441700271093,1265,-3.0000453935543283,-4.647157783702468
3189,254.09499999999997,10.700801955707044,2541.591627019404,176.67499788230663,1943.3109528487946,2544.2115143586134,98.03481504622481,79.35742916851025,513.1435961992719,5.993661859390831,1265,-3.000045407486891,-4.64667079856539
3190,254.105,10.70115920433668,2541.5914469835943,176.66990166492545,1943.315493074415,2544.2113959042576,98.03476798834987,79.35496562338975,513.0734886097046,5.993882011672793,1265,-3.0000454214192707,-4.646183851734037
3191,254.11499999999998,10.701516419282056,2541.5912669452605,176.66480716559812,1943.3200331661953,2544.2112774490897,98.0347209303781,79.35250248695978,513.0033831972362,5.994102157118113,1265,-3.0000454353514674,-4.645696943198818
3192,254.125,10.701873600552359,2541.5910869044073,176.6597143836995,1943.3245731241586,2544.211158993113,98.03467387230947,79.35003975908901,512.9332799615051,5.994322295727928,1265,-3.000045449283481,-4.645210072950131
3193,254.135,10.702230748156772,2541.590906861034,176.6546233184954,1943.3291129483275,2544.211040536326,98.03462681414405,79.34757743964619,512.8631789021505,5.9945424275033705,1265,-3.0000454632153115,-4.644723240978381
3194,254.14499999999998,10.702587862104474,2541.5907268151395,176.649533969419,1943.3336526387252,2544.2109220787283,98.03457975588177,79.34511552850007,512.7930800188108,5.994762552445575,1265,-3.0000454771469593,-4.64423644727399
3195,254.15499999999997,10.702944942404645,2541.590546766726,176.64444633576983,1943.3381921953742,2544.210803620321,98.03453269752266,79.34265402551951,512.7229833111251,5.994982670555674,1265,-3.000045491078424,-4.64374969182736
3196,254.165,10.703301989066464,2541.5903667157945,176.63936041693,1943.342731618298,2544.2106851611034,98.03448563906677,79.34019293057337,512.6528887787323,5.995202781834803,1265,-3.000045505009706,-4.643262974628891
3197,254.17499999999998,10.70365900209909,2541.590186662344,176.63427621230753,1943.3472709075177,2544.2105667010755,98.03443858051402,79.33773224353055,512.5827964212718,5.995422886284093,1265,-3.0000455189408055,-4.642776295669021
3198,254.18499999999997,10.704015981511699,2541.5900066063773,176.62919372124662,1943.3518100630552,2544.2104482402383,98.03439152186445,79.33527196426007,512.512706238383,5.995642983904675,1265,-3.0000455328717224,-4.6422896549381365
3199,254.195,10.704372927313473,2541.589826547893,176.62411294308905,1943.3563490849367,2544.2103297785925,98.03434446311807,79.33281209263093,512.442618229705,5.995863074697684,1265,-3.000045546802457,-4.641803052426674
3200,254.20499999999998,10.704729839513568,2541.5896464868933,176.6190338771885,1943.3608879731826,2544.2102113161354,98.0342974042749,79.3303526285122,512.3725323948776,5.996083158664251,1265,-3.000045560733009,-4.641316488125039
3201,254.21499999999997,10.70508671812115,2541.589466423377,176.61395652294294,1943.3654267278155,2544.210092852869,98.03425034533491,79.327893571773,512.3024487335404,5.996303235805506,1265,-3.0000455746633783,-4.640829962023654
3202,254.225,10.705443563145382,2541.5892863573463,176.60888087966015,1943.3699653488582,2544.209974388794,98.03420328629812,79.32543492228251,512.232367245333,5.99652330612258,1265,-3.000045588593565,-4.640343474112926
3203,254.23499999999999,10.705800374595432,2541.5891062888018,176.6038069467241,1943.374503836334,2544.209855923909,98.0341562271645,79.32297667990991,512.1622879298952,5.996743369616606,1265,-3.0000456025235698,-4.639857024383274
3204,254.24499999999998,10.706157152480447,2541.588926217742,176.59873472354815,1943.3790421902647,2544.209737458214,98.0341091679341,79.3205188445245,512.0922107868674,5.996963426288713,1265,-3.000045616453393,-4.639370612825137
3205,254.255,10.706513896809597,2541.588746144171,176.5936642094253,1943.3835804106739,2544.209618991711,98.03406210860692,79.31806141599557,512.0221358158896,5.997183476140029,1265,-3.0000456303830334,-4.638884239428912
3206,254.265,10.706870607592025,2541.5885660680874,176.58859540375505,1943.3881184975833,2544.2095005243996,98.03401504918293,79.3156043941925,511.95206301660164,5.997403519171685,1265,-3.0000456443124923,-4.638397904185038
3207,254.27499999999998,10.707227284836895,2541.5883859894916,176.58352830587975,1943.3926564510166,2544.2093820562777,98.03396798966213,79.3131477789847,511.8819923886442,5.99762355538481,1265,-3.0000456582417687,-4.637911607083925
3208,254.28499999999997,10.707583928553348,2541.5882059083847,176.57846291519397,1943.3971942709954,2544.209263587348,98.03392093004454,79.31069157024162,511.8119239316577,5.997843584780534,1265,-3.0000456721708635,-4.637425348116012
3209,254.295,10.707940538750538,2541.588025824768,176.57339923110075,1943.4017319575426,2544.2091451176098,98.0338738703302,79.30823576783276,511.74185764528266,5.998063607359984,1265,-3.0000456860997757,-4.636939127271713
3210,254.30499999999998,10.708297115437613,2541.587845738641,176.5683372528687,1943.4062695106816,2544.2090266470627,98.03382681051905,79.30578037162768,511.6717935291598,5.998283623124287,1265,-3.0000457000285072,-4.636452944541455
3211,254.315,10.708653658623719,2541.587665650006,176.56327697990886,1943.4108069304348,2544.2089081757076,98.03377975061112,79.30332538149597,511.6017315829299,5.998503632074573,1265,-3.0000457139570567,-4.635966799915661
3212,254.325,10.70901016831799,2541.5874855588595,176.55821841155134,1943.415344216823,2544.208789703542,98.03373269060641,79.3008707973073,511.53167180623393,5.998723634211968,1265,-3.0000457278854245,-4.6354806933847765
3213,254.33499999999998,10.709366644529574,2541.5873054652075,176.55316154724946,1943.4198813698713,2544.2086712305695,98.03368563050495,79.29841661893136,511.4616141987128,5.9989436295376,1265,-3.0000457418136106,-4.634994624939219
3214,254.34499999999997,10.709723087267605,2541.5871253690475,176.54810638625645,1943.4244183896005,2544.208552756789,98.03363857030669,79.29596284623791,511.3915587600078,5.999163618052595,1265,-3.000045755741615,-4.634508594569411
3215,254.355,10.710079496541224,2541.58694527038,176.54305292806225,1943.4289552760342,2544.2084342821995,98.03359151001168,79.29350947909673,511.3215054897601,5.999383599758079,1265,-3.000045769669439,-4.634022602265809
3216,254.36499999999998,10.71043587235956,2541.586765169208,176.53800117194058,1943.4334920291938,2544.208315806803,98.03354444961988,79.29105651737767,511.25145438761115,5.999603574655178,1265,-3.000045783597081,-4.633536648018811
3217,254.375,10.710792214731752,2541.586585065529,176.5329511172655,1943.4380286491037,2544.208197330597,98.03349738913134,79.28860396095061,511.1814054532024,5.999823542745019,1265,-3.0000457975245416,-4.633050731818885
3218,254.385,10.711148523666925,2541.586404959347,176.52790276344754,1943.442565135785,2544.208078853585,98.03345032854605,79.2861518096855,511.1113586861755,6.000043504028724,1265,-3.0000458114518214,-4.632564853656442
3219,254.39499999999998,10.711504799174218,2541.5862248506587,176.52285610982455,1943.4471014892615,2544.207960375764,98.03340326786397,79.28370006345234,511.04131408617206,6.000263458507421,1265,-3.0000458253789204,-4.632079013521923
3220,254.40499999999997,10.71186104126274,2541.5860447394675,176.5178111557967,1943.4516377095542,2544.207841897135,98.03335620708515,79.28124872212116,510.97127165283405,6.000483406182233,1265,-3.0000458393058373,-4.631593211405771
3221,254.415,10.712217249941618,2541.5858646257743,176.51276790063983,1943.456173796685,2544.2077234177,98.03330914620958,79.27879778556203,510.9012313858034,6.000703347054284,1265,-3.000045853232574,-4.631107447298424
3222,254.42499999999998,10.712573425219986,2541.585684509578,176.5077263438357,1943.4607097506791,2544.2076049374564,98.03326208523725,79.27634725364508,510.83119328472213,6.000923281124698,1265,-3.0000458671591295,-4.630621721190307
3223,254.435,10.71292956710696,2541.5855043908796,176.5026864847118,1943.465245571558,2544.2074864564047,98.03321502416817,79.27389712624053,510.76115734923246,6.001143208394598,1265,-3.0000458810855046,-4.6301360330718815
3224,254.445,10.713285675611658,2541.58532426968,176.497648322664,1943.4697812593442,2544.2073679745463,98.03316796300237,79.27144740321856,510.69112357897666,6.001363128865108,1265,-3.000045895011699,-4.62965038293358
3225,254.45499999999998,10.713641750743186,2541.58514414598,176.49261185698487,1943.4743168140585,2544.207249491881,98.0331209017398,79.26899808444948,510.6210919735972,6.00158304253735,1265,-3.0000459089377127,-4.629164770765831
3226,254.46499999999997,10.713997792510668,2541.584964019781,176.4875770871,1943.4788522357253,2544.207131008409,98.03307384038051,79.26654916980358,510.55106253273647,6.001802949412445,1265,-3.0000459228635448,-4.628679196559097
3227,254.475,10.714353800923217,2541.584783891081,176.4825440123531,1943.483387524367,2544.207012524128,98.0330267789245,79.26410065915125,510.4810352560372,6.002022849491517,1265,-3.0000459367891974,-4.628193660303811
3228,254.48499999999999,10.714709775989938,2541.584603759883,176.47751263216102,1943.4879226800056,2544.206894039042,98.03297971737175,79.26165255236293,510.4110101431422,6.002242742775687,1265,-3.0000459507146693,-4.62770816199043
3229,254.49499999999998,10.715065717719945,2541.584423626188,176.47248294580973,1943.492457702664,2544.206775553149,98.03293265572228,79.25920484930907,510.3409871936944,6.002462629266076,1265,-3.000045964639961,-4.627222701609382
3230,254.505,10.715421626122335,2541.584243489994,176.46745495275135,1943.4969925923642,2544.2066570664483,98.03288559397606,79.25675754986017,510.2709664073366,6.0026825089638045,1265,-3.0000459785650726,-4.626737279151127
3231,254.515,10.715777501206217,2541.5840633513044,176.46242865237178,1943.5015273491285,2544.2065385789415,98.03283853213311,79.25431065388682,510.200947783712,6.002902381869994,1265,-3.000045992490003,-4.62625189460611
3232,254.52499999999998,10.71613334298069,2541.5838832101167,176.45740404395417,1943.5060619729795,2544.206420090627,98.03279147019347,79.25186416125962,510.1309313224639,6.003122247985764,1265,-3.0000460064147547,-4.625766547964798
3233,254.53499999999997,10.716489151454855,2541.5837030664347,176.45238112692414,1943.5105964639395,2544.206301601507,98.03274440815709,79.24941807184923,510.0609170232354,6.003342107312234,1265,-3.0000460203393255,-4.625281239217607
3234,254.545,10.71684492663781,2541.583522920258,176.44735990065013,1943.5151308220316,2544.2061831115816,98.032697346024,79.24697238552635,509.9909048856701,6.003561959850523,1265,-3.0000460342637165,-4.624795968355019
3235,254.55499999999998,10.717200668538654,2541.583342771587,176.44234036453858,1943.5196650472776,2544.2060646208492,98.03265028379421,79.24452710216174,509.9208949094116,6.003781805601752,1265,-3.000046048187927,-4.624310735367459
3236,254.565,10.717556377166478,2541.5831626204213,176.4373225178421,1943.5241991397006,2544.20594612931,98.03260322146771,79.2420822216262,509.8508870941035,6.004001644567036,1265,-3.0000460621119585,-4.623825540245411
3237,254.575,10.717912052530371,2541.5829824667644,176.43230636007996,1943.5287330993228,2544.2058276369667,98.03255615904449,79.23963774379058,509.7808814393896,6.004221476747497,1265,-3.00004607603581,-4.623340382979317
3238,254.58499999999998,10.718267694639426,2541.582802310612,176.42729189052844,1943.5332669261659,2544.205709143815,98.03250909652458,79.23719366852579,509.71087794491376,6.004441302144251,1265,-3.0000460899594814,-4.622855263559625
3239,254.59499999999997,10.718623303502728,2541.582622151969,176.4222791086074,1943.537800620253,2544.2055906498586,98.03246203390795,79.23474999570276,509.64087661032,6.004661120758416,1265,-3.000046103882973,-4.622370181976798
3240,254.605,10.718978879129368,2541.5824419908345,176.41726801365002,1943.5423341816067,2544.205472155096,98.03241497119464,79.23230672519249,509.5708774352525,6.00488093259111,1265,-3.000046117806286,-4.621885138221303
3241,254.61499999999998,10.719334421528417,2541.5822618272095,176.41225860509488,1943.546867610248,2544.2053536595276,98.03236790838461,79.229863856866,509.5008804193555,6.005100737643451,1265,-3.0000461317294183,-4.621400132283587
3242,254.625,10.719689930708974,2541.5820816610944,176.40725088224698,1943.5514009062017,2544.205235163154,98.0323208454779,79.22742139059442,509.4308855622734,6.005320535916552,1265,-3.0000461456523717,-4.620915164154107
3243,254.635,10.720045406680102,2541.5819014924896,176.4022448445328,1943.5559340694876,2544.205116665975,98.0322737824745,79.22497932624886,509.3608928636506,6.005540327411532,1265,-3.0000461595751458,-4.620430233823344
3244,254.64499999999998,10.720400849450884,2541.581721321396,176.39724049130152,1943.5604671001297,2544.2049981679907,98.03222671937442,79.22253766370049,509.29090232313166,6.005760112129506,1265,-3.000046173497741,-4.61994534128174
3245,254.65499999999997,10.720756259030402,2541.5815411478143,176.3922378219349,1943.56499999815,2544.204879669201,98.03217965617765,79.22009640282057,509.22091394036136,6.005979890071589,1265,-3.0000461874201565,-4.619460486519772
3246,254.665,10.721111635427715,2541.581360971744,176.38723683580594,1943.5695327635694,2544.2047611696053,98.0321325928842,79.21765554348036,509.15092771498456,6.006199661238896,1265,-3.000046201342393,-4.618975669527897
3247,254.67499999999998,10.72146697865191,2541.581180793187,176.38223753229124,1943.5740653964135,2544.2046426692045,98.03208552949408,79.21521508555121,509.08094364664606,6.006419425632544,1265,-3.0000462152644505,-4.618490890296586
3248,254.685,10.721822288712042,2541.581000612144,176.37723991076695,1943.5785978967015,2544.2045241680007,98.03203846600728,79.21277502890445,509.010961734991,6.006639183253643,1265,-3.000046229186329,-4.618006148816301
3249,254.695,10.722177565617189,2541.5808204286145,176.3722439706136,1943.5831302644572,2544.2044056659897,98.0319914024238,79.21033537341152,508.9409819796644,6.006858934103312,1265,-3.000046243108029,-4.6175214450775055
3250,254.70499999999998,10.722532809376414,2541.5806402426006,176.36724971123786,1943.587662499703,2544.2042871631756,98.03194433874367,79.2078961189439,508.87100438031166,6.007078678182662,1265,-3.00004625702955,-4.617036779070688
3251,254.71499999999997,10.722888019998779,2541.5804600541005,176.36225713191303,1943.5921946024607,2544.2041686595553,98.03189727496684,79.2054572653731,508.80102893657806,6.007298415492807,1265,-3.0000462709508913,-4.616552150786287
3252,254.725,10.723243197493344,2541.580279863117,176.35726623213645,1943.596726572753,2544.2040501551314,98.03185021109336,79.20301881257068,508.73105564810925,6.00751814603486,1265,-3.000046284872055,-4.616067560214798
3253,254.73499999999999,10.723598341869168,2541.5800996696503,176.3522770111986,1943.6012584106018,2544.203931649902,98.03180314712323,79.20058076040823,508.6610845145507,6.007737869809933,1265,-3.00004629879304,-4.615583007346684
3254,254.74499999999998,10.72395345313531,2541.5799194736996,176.3472894685485,1943.6057901160302,2544.2038131438685,98.03175608305644,79.19814310875744,508.5911155355482,6.007957586819138,1265,-3.0000463127138466,-4.615098492172427
3255,254.755,10.724308531300824,2541.5797392752665,176.34230360353163,1943.6103216890592,2544.20369463703,98.03170901889297,79.19570585748998,508.5211487107475,6.008177297063588,1265,-3.0000463266344743,-4.61461401468249
3256,254.765,10.72466357637476,2541.579559074354,176.33731941552287,1943.6148531297115,2544.2035761293896,98.03166195463287,79.19326900647765,508.4511840397947,6.008397000544394,1265,-3.000046340554923,-4.614129574867343
3257,254.77499999999998,10.725018588366174,2541.5793788709584,176.3323369038817,1943.61938443801,2544.2034576209426,98.03161489027612,79.19083255559221,508.3812215223358,6.008616697262666,1265,-3.0000463544751943,-4.6136451727174785
3258,254.78499999999997,10.72537356728411,2541.579198665082,176.32735606800313,1943.6239156139766,2544.2033391116925,98.0315678258227,79.18839650470552,508.311261158017,6.008836387219518,1265,-3.000046368395288,-4.613160808223363
3259,254.795,10.725728513137621,2541.5790184567263,176.32237690734067,1943.6284466576335,2544.203220601638,98.03152076127265,79.18596085368947,508.24130294648444,6.009056070416058,1265,-3.0000463823152024,-4.612676481375479
3260,254.80499999999998,10.726083425935744,2541.578838245892,176.31739942112813,1943.6329775690028,2544.2031020907802,98.03147369662597,79.183525602416,508.1713468873847,6.009275746853397,1265,-3.000046396234939,-4.6121921921643025
3261,254.815,10.726438305687532,2541.5786580325766,176.31242360881998,1943.6375083481073,2544.2029835791177,98.03142663188265,79.1810907507571,508.10139298036415,6.009495416532643,1265,-3.0000464101544977,-4.6117079405803265
3262,254.825,10.726793152402019,2541.578477816785,176.3074494698738,1943.6420389949687,2544.2028650666516,98.03137956704268,79.17865629858478,508.03144122506956,6.0097150794549075,1265,-3.000046424073878,-4.611223726614004
3263,254.83499999999998,10.72714796608825,2541.5782975985144,176.3024770035581,1943.6465695096101,2544.202746553382,98.03133250210607,79.17622224577117,507.96149162114756,6.009934735621298,1265,-3.0000464379930816,-4.610739550255842
3264,254.84499999999997,10.72750274675525,2541.5781173777686,176.29750620928155,1943.6510998920521,2544.2026280393106,98.03128543707285,79.17378859218837,507.8915441682451,6.0101543850329255,1265,-3.000046451912106,-4.610255411496318
3265,254.855,10.727857494412065,2541.577937154545,176.29253708647187,1943.6556301423184,2544.202509524434,98.03123837194299,79.17135533770856,507.8215988660091,6.0103740276908955,1265,-3.0000464658309536,-4.609771310325923
3266,254.86499999999998,10.728212209067724,2541.5777569288457,176.2875696344094,1943.6601602604308,2544.202391008754,98.03119130671651,79.16892248220398,507.7516557140867,6.0105936635963175,1265,-3.0000464797496234,-4.609287246735125
3267,254.875,10.728566890731255,2541.5775767006708,176.282603852606,1943.6646902464108,2544.2022724922704,98.03114424139339,79.16649002554686,507.6817147121251,6.010813292750299,1265,-3.0000464936681155,-4.608803220714433
3268,254.885,10.72892153941169,2541.577396470022,176.27763974032084,1943.6692201002813,2544.202153974985,98.03109717597368,79.16405796760958,507.61177585977146,6.011032915153949,1265,-3.000046507586431,-4.608319232254313
3269,254.89499999999998,10.729276155118054,2541.577216236899,176.27267729702945,1943.6737498220646,2544.202035456896,98.03105011045736,79.16162630826443,507.5418391566734,6.011252530808371,1265,-3.0000465215045673,-4.607835281345272
3270,254.90499999999997,10.72963073785938,2541.5770360013025,176.26771652202598,1943.6782794117833,2544.2019169380037,98.0310030448444,79.15919504738388,507.47190460247833,6.011472139714674,1265,-3.000046535422528,-4.607351367977789
3271,254.915,10.729985287644679,2541.5768557632327,176.2627574147826,1943.682808869458,2544.2017984183085,98.03095597913484,79.15676418484034,507.4019721968339,6.011691741873963,1265,-3.0000465493403103,-4.606867492142357
3272,254.92499999999998,10.730339804482977,2541.5766755226914,176.2577999746924,1943.6873381951118,2544.201679897812,98.03090891332867,79.15433372050636,507.3320419393879,6.011911337287345,1265,-3.000046563257916,-4.6063836538294645
3273,254.935,10.730694288383294,2541.5764952796785,176.25284420101826,1943.6918673887674,2544.2015613765116,98.03086184742591,79.15190365425447,507.2621138297882,6.012130925955924,1265,-3.000046577175344,-4.605899853029616
3274,254.945,10.731048739354641,2541.576315034193,176.2478900932409,1943.6963964504457,2544.2014428544085,98.03081478142653,79.14947398595727,507.1921878676828,6.012350507880806,1265,-3.000046591092596,-4.605416089733304
3275,254.95499999999998,10.731403157406039,2541.5761347862376,176.2429376507915,1943.7009253801698,2544.2013243315023,98.03076771533055,79.14704471548741,507.12226405271974,6.012570083063097,1265,-3.00004660500967,-4.604932363931017
3276,254.96499999999997,10.731757542546497,2541.5759545358123,176.2379868728952,1943.7054541779612,2544.201205807795,98.03072064913799,79.14461584271758,507.05234238454733,6.012789651503899,1265,-3.000046618926568,-4.604448675613245
3277,254.975,10.732111894785026,2541.5757742829187,176.23303775909946,1943.709982843843,2544.2010872832857,98.03067358284882,79.14218736752052,506.9824228628139,6.013009213204318,1265,-3.000046632843288,-4.603965024770494
3278,254.98499999999999,10.732466214130643,2541.5755940275544,176.22809030863047,1943.714511377837,2544.2009687579725,98.03062651646307,79.13975928976903,506.9125054871677,6.013228768165457,1265,-3.000046646759832,-4.603481411393267
3279,254.99499999999998,10.732820500592343,2541.575413769723,176.22314452099818,1943.719039779965,2544.200850231859,98.03057944998072,79.1373316093359,506.8425902572574,6.013448316388419,1265,-3.0000466606761997,-4.602997835472063
3280,255.005,10.733174754179137,2541.575233509424,176.21820039554595,1943.7235680502486,2544.2007317049424,98.03053238340179,79.13490432609406,506.7726771727318,6.0136678578743075,1265,-3.00004667459239,-4.602514296997363
3281,255.015,10.73352897490002,2541.5750532466573,176.2132579316327,1943.72809618871,2544.200613177224,98.03048531672628,79.1324774399164,506.7027662332394,6.013887392624225,1265,-3.000046688508405,-4.602030795959696
3282,255.02499999999998,10.733883162764007,2541.574872981424,176.20831712874252,1943.7326241953733,2544.2004946487036,98.0304382499542,79.13005095067592,506.63285743842926,6.014106920639275,1265,-3.000046702424243,-4.601547332349553
3283,255.03499999999997,10.734237317780082,2541.574692713725,176.2033779861846,1943.7371520702575,2544.200376119382,98.03039118308554,79.12762485824562,506.5629507879504,6.014326441920558,1265,-3.000046716339904,-4.60106390615743
3284,255.045,10.734591439957251,2541.5745124435607,176.19844050326583,1943.7416798133872,2544.200257589258,98.0303441161203,79.12519916249859,506.4930462814518,6.014545956469177,1265,-3.0000467302553897,-4.600580517373845
3285,255.05499999999998,10.734945529304502,2541.574332170931,176.19350467954246,1943.746207424783,2544.2001390583328,98.03029704905849,79.1227738633079,506.4231439185828,6.0147654642862305,1265,-3.0000467441706986,-4.6000971659892995
3286,255.065,10.735299585830834,2541.57415189584,176.188570514259,1943.7507349044677,2544.200020526607,98.03024998190011,79.12034896054676,506.35324369899274,6.014984965372823,1265,-3.000046758085832,-4.599613851994284
3287,255.075,10.73565360954523,2541.573971618282,176.18363800695673,1943.7552622524622,2544.199901994079,98.03020291464517,79.11792445408832,506.28334562233096,6.015204459730052,1265,-3.0000467720007884,-4.599130575379335
3288,255.08499999999998,10.736007600456693,2541.5737913382613,176.17870715680473,1943.7597894687913,2544.1997834607496,98.03015584729367,79.1155003438059,506.21344968824707,6.01542394735902,1265,-3.0000467859155697,-4.598647336134939
3289,255.09499999999997,10.736361558574194,2541.5736110557787,176.1737779634263,1943.7643165534744,2544.199664926619,98.0301087798456,79.11307662957275,506.1435558963908,6.015643428260826,1265,-3.0000467998301747,-4.59816413425162
3290,255.105,10.73671548390672,2541.5734307708335,176.1688504260222,1943.7688435065331,2544.199546391687,98.03006171230099,79.11065331126224,506.0736642464119,6.015862902436568,1265,-3.000046813744604,-4.597680969719879
3291,255.11499999999998,10.737069376463264,2541.5732504834286,176.16392454411667,1943.7733703279926,2544.1994278559546,98.03001464465981,79.10823038874774,506.00377473796027,6.016082369887348,1265,-3.000046827658857,-4.597197842530237
3292,255.125,10.737423236252795,2541.573070193563,176.15900031699277,1943.7778970178717,2544.199309319422,98.02996757692209,79.10580786190272,505.93388737068585,6.016301830614263,1265,-3.0000468415729356,-4.596714752673199
3293,255.135,10.737777063284298,2541.5728899012356,176.15407774413296,1943.782423576194,2544.1991907820875,98.0299205090878,79.10338573060064,505.86400214423884,6.016521284618412,1265,-3.000046855486837,-4.596231700139287
3294,255.14499999999998,10.738130857566752,2541.5727096064493,176.14915682487216,1943.7869500029822,2544.1990722439523,98.02987344115698,79.10096399471503,505.7941190582694,6.016740731900893,1265,-3.000046869400564,-4.595748684919012
3295,255.15499999999997,10.73848461910912,2541.572529309205,176.14423755860471,1943.791476298256,2544.1989537050176,98.02982637312961,79.09854265411948,505.7242381124279,6.016960172462803,1265,-3.0000468833141154,-4.595265707002883
3296,255.165,10.73883834792039,2541.5723490095,176.1393199447558,1943.7960024620397,2544.1988351652813,98.02977930500569,79.09612170868762,505.6543593063649,6.017179606305241,1265,-3.000046897227491,-4.594782766381438
3297,255.17499999999998,10.739192044009522,2541.572168707339,176.1344039826176,1943.800528494354,2544.198716624745,98.02973223678525,79.09370115829311,505.5844826397308,6.017399033429302,1265,-3.000046911140692,-4.594299863045173
3298,255.185,10.739545707385481,2541.57198840272,176.12948967171783,1943.8050543952204,2544.1985980834083,98.02968516846828,79.09128100280967,505.51460811217646,6.017618453836085,1265,-3.000046925053717,-4.593816996984624
3299,255.195,10.739899338057253,2541.5718080956435,176.1245770113224,1943.809580164663,2544.198479541271,98.02963810005477,79.08886124211107,505.44473572335244,6.017837867526685,1265,-3.0000469389665674,-4.593334168190303
3300,255.20499999999998,10.74025293603378,2541.571627786113,176.11966600085188,1943.814105802702,2544.1983609983345,98.02959103154471,79.0864418760711,505.3748654729098,6.018057274502198,1265,-3.000046952879243,-4.592851376652728
3301,255.21499999999997,10.740606501324036,2541.5714474741244,176.1147566398031,1943.818631309359,2544.1982424545968,98.02954396293813,79.08402290456362,505.3049973604995,6.01827667476372,1265,-3.0000469667917433,-4.592368622362438
3302,255.225,10.740960033936984,2541.5712671596816,176.10984892743346,1943.8231566846573,2544.1981239100596,98.02949689423504,79.08160432746257,505.2351313857728,6.018496068312346,1265,-3.0000469807040684,-4.59188590530994
3303,255.23499999999999,10.741313533881577,2541.5710868427836,176.1049428632385,1943.8276819286184,2544.198005364722,98.02944982543544,79.07918614464187,505.16526754838077,6.01871545514917,1265,-3.000046994616219,-4.591403225485769
3304,255.24499999999998,10.741667001166775,2541.570906523433,176.10003844655657,1943.8322070412644,2544.197886818586,98.0294027565393,79.0767683559755,505.0954058479748,6.018934835275289,1265,-3.0000470085281945,-4.590920582880438
3305,255.255,10.742020435801528,2541.5707262016285,176.09513567676674,1943.8367320226166,2544.1977682716497,98.02935568754664,79.07435096133753,505.0255462842064,6.019154208691795,1265,-3.0000470224399955,-4.590437977484494
3306,255.265,10.742373837794798,2541.570545877371,176.09023455325587,1943.8412568726976,2544.197649723913,98.02930861845748,79.07193396060204,504.95568885672714,6.019373575399784,1265,-3.0000470363516225,-4.589955409288449
3307,255.27499999999998,10.742727207155522,2541.570365550661,176.0853350754736,1943.8457815915283,2544.1975311753777,98.0292615492718,79.06951735364314,504.8858335651886,6.019592935400347,1265,-3.0000470502630745,-4.5894728782828444
3308,255.28499999999997,10.743080543892667,2541.5701852214993,176.0804372428304,1943.850306179133,2544.1974126260425,98.02921447998963,79.06710114033503,504.8159804092427,6.019812288694579,1265,-3.0000470641743515,-4.588990384458189
3309,255.295,10.743433848015156,2541.570004889886,176.07554105458496,1943.8548306355297,2544.197294075908,98.02916741061095,79.06468532055193,504.74612938854114,6.020031635283573,1265,-3.000047078085455,-4.588507927805039
3310,255.30499999999998,10.743787119531957,2541.569824555824,176.0706465102706,1943.859354960744,2544.197175524975,98.02912034113578,79.06226989416813,504.6762805027362,6.020250975168421,1265,-3.0000470919963838,-4.588025508313906
3311,255.315,10.744140358452002,2541.5696442193102,176.0657536092326,1943.8638791547962,2544.1970569732425,98.02907327156409,79.05985486105793,504.6064337514798,6.020470308350213,1265,-3.000047105907138,-4.587543125975342
3312,255.325,10.744493564784227,2541.5694638803475,176.0608623508392,1943.8684032177075,2544.1969384207105,98.02902620189592,79.05744022109569,504.53658913442433,6.020689634830045,1265,-3.0000471198177188,-4.5870607807798685
3313,255.33499999999998,10.744846738537582,2541.569283538937,176.0559727345071,1943.8729271495017,2544.196819867381,98.02897913213125,79.05502597415582,504.46674665122214,6.0209089546090055,1265,-3.0000471337281254,-4.586578472718021
3314,255.34499999999997,10.745199879720994,2541.569103195076,176.05108475964514,1943.8774509501984,2544.1967013132507,98.0289320622701,79.05261212011278,504.3969063015256,6.021128267688186,1265,-3.000047147638358,-4.586096201780345
3315,255.355,10.745552988343404,2541.5689228487677,176.04619842563469,1943.881974619821,2544.1965827583217,98.02888499231244,79.0501986588411,504.3270680849872,6.021347574068678,1265,-3.0000471615484163,-4.585613967957375
3316,255.36499999999998,10.745906064413745,2541.568742500013,176.04131373187815,1943.8864981583918,2544.196464202595,98.02883792225832,79.0477855902153,504.2572320012598,6.021566873751572,1265,-3.000047175458301,-4.585131771239639
3317,255.375,10.74625910794094,2541.5685621488115,176.0364306777754,1943.891021565931,2544.19634564607,98.0287908521077,79.04537291410998,504.1873980499961,6.021786166737957,1265,-3.000047189368012,-4.5846496116176905
3318,255.385,10.74661211893393,2541.5683817951626,176.03154926267018,1943.895544842462,2544.1962270887457,98.02874378186061,79.04296063039976,504.11756623084904,6.022005453028925,1265,-3.0000472032775494,-4.584167489082065
3319,255.39499999999998,10.746965097401628,2541.5682014390695,176.02666948606986,1943.9000679880048,2544.196108530623,98.02869671151704,79.04054873895936,504.0477365434716,6.0222247326255625,1265,-3.0000472171869133,-4.5836854036233055
3320,255.40499999999997,10.747318043352967,2541.5680210805313,176.02179134726063,1943.9045910025825,2544.1959899717026,98.02864964107701,79.03813723966348,503.97790898751697,6.02244400552896,1265,-3.0000472310961035,-4.583203355231949
3321,255.415,10.747670956796872,2541.5678407195487,176.01691484571995,1943.909113886217,2544.1958714119846,98.0286025705405,79.03572613238691,503.90808356263835,6.022663271740206,1265,-3.0000472450051205,-4.582721343898543
3322,255.42499999999998,10.748023837742258,2541.5676603561215,176.0120399807471,1943.9136366389296,2544.195752851467,98.02855549990753,79.03331541700449,503.83826026848914,6.022882531260389,1265,-3.000047258913964,-4.582239369613634
3323,255.435,10.748376686198052,2541.5674799902517,176.00716675184853,1943.9181592607426,2544.1956342901526,98.02850842917809,79.03090509339106,503.7684391047227,6.0231017840905965,1265,-3.0000472728226337,-4.581757432367768
3324,255.445,10.748729502173164,2541.567299621939,176.00229515836193,1943.9226817516778,2544.19551572804,98.02846135835217,79.02849516142155,503.69862007099266,6.023321030231916,1265,-3.0000472867311307,-4.581275532151495
3325,255.45499999999998,10.74908228567651,2541.5671192511836,175.99742519973367,1943.927204111756,2544.1953971651287,98.02841428742983,79.02608562097093,503.6288031669527,6.0235402696854345,1265,-3.0000473006394546,-4.5807936689553514
3326,255.46499999999997,10.749435036717003,2541.5669388779847,175.99255687524342,1943.9317263410005,2544.1952786014194,98.028367216411,79.02367647191419,503.5589883922566,6.023759502452241,1265,-3.000047314547606,-4.5803118427699
3327,255.475,10.749787755303554,2541.566758502347,175.98769018443838,1943.9362484394314,2544.195160036914,98.02832014529572,79.02126771412638,503.48917574655826,6.023978728533419,1265,-3.000047328455584,-4.579830053585676
3328,255.48499999999999,10.75014044144508,2541.5665781242683,175.98282512670568,1943.9407704070725,2544.1950414716102,98.028273074084,79.01885934748262,503.41936522951164,6.024197947930056,1265,-3.0000473423633887,-4.579348301393245
3329,255.49499999999998,10.750493095150476,2541.566397743749,175.97796170127413,1943.945292243944,2544.1949229055085,98.02822600277582,79.01645137185804,503.349556840771,6.02441716064324,1265,-3.0000473562710206,-4.578866586183153
3330,255.505,10.75084571642865,2541.566217360791,175.97309990770884,1943.9498139500677,2544.19480433861,98.02817893137122,79.01404378712783,503.2797505799905,6.024636366674053,1265,-3.00004737017848,-4.578384907945957
3331,255.515,10.751198305288506,2541.566036975393,175.96823974541417,1943.9543355254655,2544.194685770915,98.02813185987014,79.01163659316722,503.20994644682446,6.024855566023583,1265,-3.0000473840857675,-4.577903266672209
3332,255.52499999999998,10.751550861738954,2541.565856587558,175.96338121368854,1943.95885697016,2544.194567202422,98.02808478827266,79.0092297898515,503.1401444409273,6.025074758692914,1265,-3.0000473979928812,-4.577421662352456
3333,255.53499999999997,10.75190338578888,2541.5656761972837,175.95852431199464,1943.9633782841724,2544.194448633132,98.02803771657872,79.006823377056,503.07034456195373,6.0252939446831295,1265,-3.000047411899823,-4.5769400949772745
3334,255.545,10.752255877447189,2541.565495804572,175.95366903972732,1943.9678994675241,2544.1943300630446,98.02799064478836,79.00441735465607,503.0005468095582,6.0255131239953155,1265,-3.0000474258065926,-4.576458564537204
3335,255.55499999999998,10.75260833672277,2541.5653154094252,175.94881539625808,1943.9724205202363,2544.1942114921612,98.02794357290155,79.00201172252713,502.93075118339567,6.025732296630554,1265,-3.0000474397131898,-4.575977071022798
3336,255.565,10.752960763624525,2541.56513501184,175.9439633810303,1943.9769414423326,2544.1940929204798,98.02789650091832,78.99960648054467,502.86095768312094,6.02595146258993,1265,-3.0000474536196142,-4.575495614424643
3337,255.575,10.753313158161342,2541.5649546118198,175.93911299341633,1943.9814622338333,2544.193974348002,98.02784942883865,78.99720162858418,502.7911663083891,6.026170621874525,1265,-3.000047467525867,-4.5750141947332725
3338,255.58499999999998,10.753665520342103,2541.5647742093643,175.93426423288045,1943.98598289476,2544.1938557747276,98.02780235666258,78.9947971665212,502.7213770588552,6.0263897744854225,1265,-3.0000474814319475,-4.574532811939268
3339,255.59499999999997,10.754017850175707,2541.564593804474,175.92941709871698,1943.990503425135,2544.193737200657,98.02775528439008,78.99239309423136,502.6515899341745,6.026608920423706,1265,-3.0000474953378555,-4.574051466033176
3340,255.605,10.75437014767103,2541.56441339715,175.92457159043926,1943.99502382498,2544.1936186257894,98.02770821202117,78.98998941159029,502.5818049340023,6.026828059690455,1265,-3.000047509243592,-4.573570157005577
3341,255.61499999999998,10.754722412836962,2541.5642329873926,175.91972770735532,1943.9995440943164,2544.193500050126,98.02766113955583,78.98758611847367,502.51202205799416,6.027047192286754,1265,-3.0000475231491572,-4.573088884847026
3342,255.625,10.755074645682383,2541.5640525752024,175.91488544889455,1944.004064233166,2544.1933814736662,98.02761406699409,78.98518321475724,502.44224130580545,6.027266318213684,1265,-3.0000475370545496,-4.572607649548083
3343,255.635,10.755426846216166,2541.5638721605796,175.91004481452111,1944.00858424155,2544.1932628964105,98.02756699433594,78.9827807003168,502.3724626770919,6.027485437472325,1265,-3.000047550959771,-4.572126451099327
3344,255.64499999999998,10.755779014447196,2541.563691743525,175.9052058035696,1944.0131041194904,2544.1931443183594,98.02751992158139,78.98037857502817,502.3026861715093,6.027704550063757,1265,-3.0000475648648206,-4.571645289491324
3345,255.65499999999997,10.756131150384345,2541.5635113240387,175.9003684154651,1944.017623867009,2544.193025739511,98.02747284873044,78.97797683876719,502.2329117887135,6.027923655989062,1265,-3.0000475787696983,-4.571164164714629
3346,255.665,10.756483254036485,2541.563330902121,175.89553264962845,1944.022143484127,2544.1929071598674,98.02742577578307,78.97557549140981,502.1631395283606,6.02814275524932,1265,-3.0000475926744046,-4.5706830767598365
3347,255.67499999999998,10.756835325412496,2541.563150477773,175.89069850537572,1944.026662970867,2544.192788579427,98.02737870273931,78.97317453283199,502.0933693901066,6.02836184784561,1265,-3.0000476065789394,-4.570202025617504
3348,255.685,10.757187364521238,2541.5629700509962,175.88586598226166,1944.0311823272498,2544.192669998192,98.02733162959917,78.97077396290972,502.0236013736078,6.028580933779011,1265,-3.0000476204833033,-4.5697210112781885
3349,255.695,10.757539371371587,2541.5627896217884,175.88103507960503,1944.035701553297,2544.1925514161603,98.02728455636263,78.96837378151908,501.95383547852043,6.028800013050603,1265,-3.0000476343874958,-4.5692400337324965
3350,255.70499999999998,10.757891345972405,2541.5626091901545,175.8762057968244,1944.0402206490312,2544.192432833335,98.0272374830297,78.96597398853615,501.88407170450097,6.029019085661464,1265,-3.0000476482915173,-4.56875909297097
3351,255.71499999999997,10.75824328833255,2541.5624287560904,175.8713781332931,1944.0447396144725,2544.1923142497126,98.02719040960037,78.96357458383707,501.81431005120595,6.029238151612671,1265,-3.000047662195368,-4.568278188984217
3352,255.725,10.758595198460888,2541.562248319598,175.86655208845497,1944.049258449643,2544.1921956652945,98.02714333607464,78.96117556729803,501.7445505182921,6.029457210905304,1265,-3.0000476760990473,-4.5677973217627885
3353,255.73499999999999,10.758947076366285,2541.562067880681,175.8617276617258,1944.0537771545655,2544.1920770800825,98.02709626245255,78.95877693879527,501.6747931054161,6.0296762635404395,1265,-3.000047690002556,-4.567316491297263
3354,255.74499999999998,10.75929892205759,2541.5618874393363,175.85690485249847,1944.05829572926,2544.191958494075,98.02704918873408,78.95637869820507,501.6050378122348,6.029895309519155,1265,-3.0000477039058935,-4.566835697578233
3355,255.755,10.759650735543664,2541.5617069955647,175.85208366015596,1944.062814173749,2544.191839907272,98.02700211491924,78.95398084540376,501.53528463840513,6.0301143488425275,1265,-3.00004771780906,-4.5663549405962724
3356,255.765,10.76000251683336,2541.561526549368,175.84726408410563,1944.0673324880538,2544.1917213196743,98.02695504100802,78.95158338026769,501.4655335835843,6.030333381511634,1265,-3.0000477317120557,-4.565874220341965
3357,255.77499999999998,10.760354265935531,2541.5613461007465,175.8424461237598,1944.071850672196,2544.1916027312823,98.02690796700044,78.94918630267328,501.39578464742954,6.03055240752755,1265,-3.0000477456148817,-4.565393536805883
3358,255.78499999999997,10.760705982859019,2541.5611656497,175.83762977861943,1944.0763687261963,2544.1914841420944,98.02686089289648,78.946789612497,501.3260378295981,6.030771426891352,1265,-3.0000477595175363,-4.564912889978613
3359,255.795,10.761057667612688,2541.560985196229,175.83281504796852,1944.0808866500786,2544.1913655521116,98.02681381869616,78.94439330961536,501.2562931297473,6.030990439604116,1265,-3.0000477734200213,-4.564432279850739
3360,255.80499999999998,10.761409320205367,2541.5608047403357,175.8280019312719,1944.085404443862,2544.1912469613344,98.02676674439948,78.9419973939049,501.18655054753475,6.031209445666915,1265,-3.0000477873223352,-4.563951706412852
3361,255.815,10.761760940645908,2541.5606242820186,175.8231904278737,1944.0899221075686,2544.1911283697627,98.02671967000643,78.9396018652422,501.11681008261814,6.031428445080826,1265,-3.000047801224479,-4.563471169655528
3362,255.825,10.762112528943154,2541.56044382128,175.81838053728515,1944.0944396412203,2544.191009777397,98.02667259551703,78.9372067235039,501.0470717346552,6.031647437846923,1265,-3.0000478151264534,-4.562990669569365
3363,255.83499999999998,10.762464085105947,2541.5602633581198,175.81357225883056,1944.0989570448394,2544.1908911842374,98.02662552093129,78.93481196856673,500.97733550330366,6.03186642396628,1265,-3.000047829028257,-4.56251020614494
3364,255.84499999999997,10.762815609143122,2541.560082892537,175.80876559198836,1944.1034743184466,2544.1907725902824,98.02657844624918,78.93241760030736,500.9076013882216,6.03208540343997,1265,-3.0000478429298907,-4.562029779372855
3365,255.855,10.763167101063512,2541.559902424535,175.80396053607572,1944.1079914620627,2544.1906539955344,98.02653137147074,78.9300236186026,500.83786938906707,6.032304376269068,1265,-3.0000478568313538,-4.561549389243684
3366,255.86499999999998,10.763518560875962,2541.5597219541114,175.79915709063656,1944.1125084757114,2544.1905353999923,98.02648429659594,78.92763002332926,500.76813950549825,6.032523342454646,1265,-3.0000478707326477,-4.561069035748034
3367,255.875,10.763869988589294,2541.5595414812688,175.79435525490203,1944.1170253594112,2544.1904168036554,98.02643722162479,78.9252368143642,500.6984117371734,6.032742301997778,1265,-3.000047884633772,-4.56058871887648
3368,255.885,10.764221384212343,2541.5593610060055,175.7895550284521,1944.121542113186,2544.1902982065244,98.02639014655732,78.92284399158434,500.6286860837509,6.0329612548995355,1265,-3.000047898534726,-4.560108438619632
3369,255.89499999999998,10.764572747753935,2541.5591805283257,175.7847564106003,1944.1260587370562,2544.190179608601,98.02634307139351,78.92045155486663,500.55896254488937,6.033180201160991,1265,-3.00004791243551,-4.55962819496807
3370,255.90499999999997,10.764924079222899,2541.559000048226,175.77995940079117,1944.1305752310436,2544.190061009883,98.02629599613336,78.91805950408806,500.4892411202473,6.0333991407832155,1265,-3.0000479263361255,-4.55914798791241
3371,255.915,10.765275378628061,2541.558819565709,175.7751639984378,1944.1350915951698,2544.1899424103713,98.02624892077688,78.91566783912567,500.4195218094835,6.033618073767282,1265,-3.000047940236571,-4.55866781744322
3372,255.92499999999998,10.765626645978239,2541.5586390807744,175.77037020292087,1944.1396078294554,2544.1898238100653,98.02620184532407,78.91327655985657,500.34980461225683,6.03383700011426,1265,-3.000047954136847,-4.558187683551129
3373,255.935,10.765977881282263,2541.5584585934243,175.7655780137014,1944.1441239339235,2544.189705208967,98.02615476977495,78.91088566615787,500.28008952822614,6.034055919825221,1265,-3.0000479680369536,-4.557707586226705
3374,255.945,10.766329084548936,2541.558278103658,175.7607874301908,1944.1486399085934,2544.1895866070754,98.0261076941295,78.90849515790677,500.21037655705055,6.034274832901235,1265,-3.0000479819368913,-4.557227525460565
3375,255.95499999999998,10.766680255787088,2541.558097611475,175.75599845171251,1944.1531557534886,2544.18946800439,98.02606061838772,78.90610503498048,500.14066569838917,6.0344937393433735,1265,-3.0000479958366593,-4.5567475012433105
3376,255.96499999999997,10.767031395005532,2541.5579171168774,175.75121107779214,1944.1576714686294,2544.1893494009114,98.02601354254962,78.90371529725627,500.07095695190134,6.034712639152704,1265,-3.000048009736259,-4.556267513565547
3377,255.975,10.767382502213072,2541.557736619867,175.74642530775935,1944.1621870540368,2544.189230796641,98.0259664666152,78.90132594461144,500.00125031724633,6.034931532330298,1265,-3.0000480236356895,-4.555787562417847
3378,255.98499999999999,10.767733577418534,2541.5575561204396,175.7416411410453,1944.166702509734,2544.189112191576,98.02591939058449,78.89893697692337,499.9315457940837,6.0351504188772225,1265,-3.0000480375349503,-4.555307647790851
3379,255.99499999999998,10.768084620630718,2541.5573756186004,175.73685857709663,1944.1712178357411,2544.1889935857193,98.02587231445746,78.89654839406944,499.86184338207306,6.035369298794548,1265,-3.000048051434043,-4.554827769675146
3380,256.005,10.768435631858429,2541.5571951143475,175.7320776153361,1944.1757330320795,2544.188874979069,98.02582523823412,78.89416019592711,499.79214308087404,6.035588172083342,1265,-3.0000480653329666,-4.55434792806134
3381,256.015,10.768786611110478,2541.557014607681,175.72729825514853,1944.180248098771,2544.1887563716255,98.02577816191447,78.89177238237386,499.7224448901465,6.035807038744673,1265,-3.000048079231722,-4.553868122940052
3382,256.025,10.769137558395663,2541.556834098606,175.7225204959312,1944.1847630358368,2544.188637763392,98.02573108549855,78.88938495328723,499.65274880955036,6.0360258987796085,1265,-3.000048093130309,-4.5533883543018625
3383,256.03499999999997,10.769488473722786,2541.5566535871158,175.71774433709098,1944.1892778432978,2544.188519154363,98.02568400898632,78.8869979085448,499.5830548387456,6.036244752189216,1265,-3.000048107028727,-4.552908622137407
3384,256.04499999999996,10.76983935710065,2541.5564730732162,175.71296977803118,1944.193792521176,2544.1884005445427,98.0256369323778,78.8846112480242,499.51336297739243,6.036463598974561,1265,-3.000048120926976,-4.55242892643728
3385,256.055,10.770190208538054,2541.5562925569066,175.7081968183074,1944.1983070694937,2544.1882819339303,98.02558985567298,78.88222497160308,499.4436732251511,6.036682439136712,1265,-3.000048134825058,-4.551949267192109
3386,256.065,10.770541028043787,2541.5561120381863,175.70342545720766,1944.2028214882705,2544.188163322525,98.02554277887187,78.87983907915917,499.37398558168184,6.036901272676735,1265,-3.0000481487229704,-4.551469644392483
3387,256.075,10.770891815626642,2541.5559315170563,175.6986556941111,1944.2073357775282,2544.188044710328,98.02549570197445,78.87745357057022,499.30430004664527,6.037120099595695,1265,-3.0000481626207147,-4.550990058029035
3388,256.085,10.771242571295424,2541.5557509935193,175.69388752856386,1944.2118499372898,2544.1879260973396,98.02544862498077,78.87506844571404,499.23461661970174,6.037338919894658,1265,-3.0000481765182916,-4.550510508092359
3389,256.09499999999997,10.771593295058906,2541.555570467571,175.68912095984405,1944.216363967574,2544.1878074835577,98.0254015478908,78.87268370446846,499.1649353005121,6.03755773357469,1265,-3.0000481904157006,-4.550030994573104
3390,256.10499999999996,10.771943986925882,2541.555389939216,175.68435598748178,1944.2208778684035,2544.1876888689844,98.02535447070456,78.87029934671139,499.0952560887372,6.037776540636856,1265,-3.0000482043129413,-4.549551517461846
3391,256.115,10.772294646905138,2541.555209408455,175.6795926108062,1944.2253916397997,2544.187570253621,98.02530739342203,78.86791537232075,499.0255789840378,6.037995341082222,1265,-3.000048218210014,-4.549072076749225
3392,256.125,10.772645275005464,2541.555028875286,175.67483082928103,1944.2299052817846,2544.1874516374646,98.02526031604323,78.86553178117452,498.95590398607493,6.038214134911848,1265,-3.000048232106919,-4.5485926724258565
3393,256.135,10.772995871235628,2541.5548483397097,175.67007064234247,1944.2344187943777,2544.187333020516,98.02521323856817,78.86314857315077,498.8862310945097,6.038432922126801,1265,-3.0000482460036566,-4.548113304482372
3394,256.145,10.77334643560442,2541.554667801728,175.66531204939804,1944.2389321776016,2544.1872144027757,98.02516616099682,78.8607657481275,498.8165603090033,6.038651702728145,1265,-3.000048259900226,-4.5476339729093755
3395,256.155,10.773696968120621,2541.5544872613423,175.66055504979076,1944.2434454314784,2544.187095784246,98.02511908332923,78.85838330598287,498.7468916292171,6.0388704767169425,1265,-3.000048273796628,-4.5471546776974785
3396,256.16499999999996,10.774047468792995,2541.554306718551,175.65579964306,1944.2479585560272,2544.186977164924,98.02507200556536,78.85600124659501,498.67722505481254,6.039089244094256,1265,-3.000048287692863,-4.546675418837329
3397,256.17499999999995,10.774397937630324,2541.5541261733533,175.6510458284917,1944.2524715512707,2544.186858544809,98.02502492770525,78.85361956984214,498.6075605854512,6.039308004861148,1265,-3.0000483015889303,-4.546196196319541
3398,256.185,10.774748374641378,2541.5539456257543,175.64629360560866,1944.25698441723,2544.1867399239045,98.02497784974888,78.85123827560248,498.5378982207946,6.039526759018682,1265,-3.0000483154848303,-4.545717010134737
3399,256.195,10.775098779834929,2541.5537650757506,175.64154297381478,1944.2614971539256,2544.186621302209,98.02493077169625,78.84885736375435,498.46823796050455,6.039745506567918,1265,-3.0000483293805638,-4.545237860273543
3400,256.205,10.775449153219752,2541.553584523344,175.63679393249956,1944.266009761381,2544.1865026797213,98.02488369354738,78.84647683417606,498.3985798042429,6.0399642475099204,1265,-3.000048343276129,-4.544758746726574
3401,256.215,10.7757994948046,2541.553403968536,175.632046481114,1944.2705222396148,2544.186384056444,98.02483661530226,78.844096686746,498.32892375167165,6.0401829818457475,1265,-3.0000483571715275,-4.544279669484483
3402,256.22499999999997,10.776149804598248,2541.5532234113252,175.62730061897997,1944.2750345886502,2544.186265432375,98.02478953696088,78.84171692134261,498.25926980245293,6.040401709576463,1265,-3.0000483710667587,-4.543800628537882
3403,256.235,10.776500082609449,2541.553042851713,175.6225563456479,1944.279546808507,2544.186146807516,98.02474245852325,78.8393375378443,498.1896179562489,6.040620430703124,1265,-3.0000483849618234,-4.543321623877411
3404,256.245,10.776850328846974,2541.552862289701,175.6178136604848,1944.2840588992076,2544.1860281818663,98.0246953799894,78.83695853612964,498.1199682127218,6.040839145226794,1265,-3.0000483988567215,-4.54284265549368
3405,256.255,10.777200543319577,2541.552681725287,175.61307256288657,1944.2885708607728,2544.1859095554255,98.0246483013593,78.83457991607716,498.05032057153403,6.041057853148532,1265,-3.0000484127514526,-4.542363723377346
3406,256.265,10.77755072603601,2541.552501158475,175.60833305232737,1944.2930826932231,2544.1857909281957,98.02460122263298,78.83220167756546,497.9806750323481,6.041276554469396,1265,-3.0000484266460177,-4.5418848275190244
3407,256.275,10.77790087700503,2541.5523205892628,175.603595128169,1944.2975943965803,2544.1856723001742,98.0245541438104,78.8298238204732,497.91103159482657,6.041495249190447,1265,-3.0000484405404158,-4.54140596790936
3408,256.28499999999997,10.7782509962354,2541.5521400176517,175.59885878987012,1944.302105970867,2544.185553671363,98.02450706489161,78.82744634467903,497.8413902586323,6.0417139373127435,1265,-3.0000484544346473,-4.5409271445389905
3409,256.29499999999996,10.778601083735857,2541.5519594436423,175.5941240368281,1944.3066174161022,2544.185435041761,98.02445998587659,78.82506925006173,497.7717510234281,6.041932618837344,1265,-3.0000484683287123,-4.540448357398545
3410,256.305,10.778951139515154,2541.551778867235,175.58939086851038,1944.311128732308,2544.18531641137,98.02441290676535,78.82269253650003,497.70211388887685,6.042151293765306,1265,-3.0000484822226117,-4.539969606478662
3411,256.315,10.77930116358205,2541.55159828843,175.58465928430388,1944.315639919506,2544.185197780188,98.02436582755789,78.82031620387275,497.63247885464165,6.0423699620976885,1265,-3.000048496116344,-4.539490891769979
3412,256.325,10.779651155945274,2541.5514177072287,175.57992928357913,1944.320150977717,2544.1850791482166,98.02431874825422,78.8179402520588,497.56284592038554,6.042588623835548,1265,-3.0000485100099104,-4.539012213263126
3413,256.335,10.780001116613573,2541.5512371236305,175.57520086588673,1944.3246619069616,2544.1849605154553,98.02427166885431,78.81556468093703,497.49321508577185,6.042807278979942,1265,-3.000048523903311,-4.538533570948768
3414,256.34499999999997,10.780351045595696,2541.551056537636,175.57047403056816,1944.3291727072622,2544.1848418819045,98.02422458935821,78.81318949038643,497.42358635046395,6.043025927531928,1265,-3.000048537796545,-4.538054964817516
3415,256.35499999999996,10.780700942900376,2541.5508759492463,175.56574877701289,1944.3336833786393,2544.1847232475634,98.02417750976589,78.81081468028599,497.3539597141254,6.043244569492562,1265,-3.0000485516896136,-4.537576394860046
3416,256.365,10.781050808536357,2541.5506953584622,175.56102510470265,1944.3381939211147,2544.1846046124333,98.02413043007736,78.80844025051472,497.28433517641963,6.0434632048629,1265,-3.000048565582516,-4.537097861066972
3417,256.375,10.781400642512363,2541.5505147652834,175.55630301307198,1944.342704334708,2544.1844859765138,98.02408335029263,78.80606620095173,497.21471273701036,6.043681833643998,1265,-3.0000485794752536,-4.536619363428954
3418,256.385,10.781750444837137,2541.550334169711,175.55158250148958,1944.3472146194417,2544.184367339805,98.02403627041168,78.80369253147614,497.14509239556145,6.043900455836912,1265,-3.000048593367825,-4.53614090193663
3419,256.395,10.782100215519407,2541.550153571745,175.54686356939462,1944.3517247753364,2544.1842487023064,98.02398919043456,78.80131924196712,497.0754741517368,6.0441190714426964,1265,-3.0000486072602306,-4.535662476580656
3420,256.405,10.782449954567909,2541.549972971385,175.54214621627384,1944.3562348024143,2544.1841300640185,98.02394211036123,78.79894633230388,497.0058580052003,6.044337680462408,1265,-3.000048621152471,-4.535184087351671
3421,256.41499999999996,10.782799661991358,2541.549792368633,175.53743044142323,1944.3607447006946,2544.1840114249417,98.02389503019171,78.79657380236569,496.93624395561613,6.044556282897099,1265,-3.0000486350445454,-4.5347057342403305
3422,256.42499999999995,10.783149337798493,2541.5496117634884,175.53271624441493,1944.3652544701997,2544.1838927850754,98.02384794992601,78.79420165203183,496.86663200264866,6.044774878747825,1265,-3.000048648936455,-4.534227417237277
3423,256.435,10.783498981998033,2541.549431155954,175.52800362460485,1944.369764110951,2544.1837741444215,98.0238008695641,78.79182988118167,496.797022145962,6.0449934680156385,1265,-3.0000486628281995,-4.5337491363331575
3424,256.445,10.7838485945987,2541.5492505460275,175.52329258140784,1944.374273622969,2544.1836555029777,98.02375378910602,78.78945848969457,496.72741438522064,6.045212050701595,1265,-3.0000486767197785,-4.533270891518644
3425,256.455,10.78419817560921,2541.5490699337106,175.51858311427947,1944.3787830062745,2544.1835368607453,98.02370670855176,78.78708747744999,496.6578087200892,6.045430626806746,1265,-3.0000486906111927,-4.5327926827843745
3426,256.465,10.784547725038292,2541.548889319004,175.51387522262908,1944.3832922608892,2544.1834182177245,98.02365962790131,78.78471684432738,496.5882051502322,6.045649196332144,1265,-3.0000487045024418,-4.532314510121003
3427,256.47499999999997,10.78489724289465,2541.5487087019083,175.50916890581345,1944.3878013868334,2544.1832995739164,98.0236125471547,78.78234659020629,496.5186036753146,6.045867759278843,1265,-3.0000487183935256,-4.531836373519175
3428,256.485,10.785246729187007,2541.5485280824214,175.50446416339852,1944.3923103841294,2544.1831809293176,98.0235654663119,78.77997671496625,496.44900429500103,6.0460863156478934,1265,-3.000048732284445,-4.531358272969575
3429,256.495,10.785596183924076,2541.5483474605476,175.49976099470166,1944.3968192527975,2544.1830622839316,98.02351838537294,78.7776072184869,496.3794070089566,6.04630486544035,1265,-3.0000487461752,-4.5308802084628335
3430,256.505,10.785945607114563,2541.548166836287,175.4950593992259,1944.401327992859,2544.182943637758,98.02347130433779,78.77523810064788,496.3098118168464,6.046523408657261,1265,-3.00004876006579,-4.5304021799896175
3431,256.515,10.786294998767183,2541.547986209636,175.4903593763219,1944.4058366043357,2544.1828249907944,98.0234242232065,78.77286936132887,496.2402187183355,6.0467419452996785,1265,-3.000048773956215,-4.5299241875405905
3432,256.525,10.786644358890628,2541.547805580599,175.48566092545724,1944.410345087246,2544.182706343044,98.02337714197904,78.77050100040964,496.17062771308923,6.046960475368655,1265,-3.0000487878464757,-4.529446231106403
3433,256.53499999999997,10.78699368749362,2541.547624949175,175.48096404607813,1944.414853441614,2544.182587694505,98.02333006065543,78.76813301776993,496.1010388007729,6.04717899886524,1265,-3.0000488017365723,-4.528968310677732
3434,256.54499999999996,10.787342984584857,2541.5474443153657,175.47626873760174,1944.4193616674597,2544.1824690451786,98.02328297923563,78.7657654132896,496.0314519810522,6.047397515790483,1265,-3.000048815626504,-4.528490426245224
3435,256.555,10.787692250173036,2541.54726367917,175.47157499944427,1944.4238697648036,2544.182350395064,98.0232358977197,78.76339818684849,495.96186725359263,6.047616026145435,1265,-3.000048829516272,-4.5280125777995455
3436,256.565,10.788041484266856,2541.5470830405898,175.4668828310185,1944.4283777336666,2544.1822317441624,98.0231888161076,78.76103133832653,495.89228461805993,6.047834529931144,1265,-3.000048843405876,-4.527534765331367
3437,256.575,10.788390686875024,2541.546902399624,175.462192231805,1944.4328855740716,2544.182113092472,98.02314173439936,78.75866486760368,495.8227040741199,6.0480530271486606,1265,-3.0000488572953157,-4.527056988831349
3438,256.585,10.78873985800622,2541.546721756274,175.4575032011701,1944.4373932860367,2544.181994439994,98.02309465259499,78.75629877455992,495.75312562143847,6.048271517799033,1265,-3.0000488711845916,-4.526579248290166
3439,256.59499999999997,10.789088997669149,2541.546541110541,175.45281573860814,1944.4419008695847,2544.18187578673,98.02304757069447,78.75393305907531,495.6835492596816,6.048490001883309,1265,-3.0000488850737033,-4.526101543698462
3440,256.60499999999996,10.789438105872502,2541.5463604624233,175.44812984346913,1944.4464083247371,2544.181757132677,98.0230004886978,78.75156772102993,495.6139749885156,6.048708479402538,1265,-3.000048898962651,-4.525623875046943
3441,256.615,10.789787182624965,2541.5461798119236,175.44344551527226,1944.4509156515142,2544.181638477837,98.02295340660498,78.7492027603039,495.5444028076066,6.048926950357767,1265,-3.0000489128514354,-4.525146242326242
3442,256.625,10.790136227935227,2541.545999159041,175.43876275339164,1944.4554228499367,2544.18151982221,98.02290632441604,78.74683817677742,495.47483271662094,6.049145414750044,1265,-3.0000489267400554,-4.524668645527056
3443,256.635,10.790485241811968,2541.545818503776,175.43408155724572,1944.4599299200247,2544.1814011657953,98.02285924213096,78.74447397033067,495.4052647152251,6.049363872580416,1265,-3.000048940628513,-4.524191084640048
3444,256.645,10.790834224263888,2541.5456378461317,175.42940192632392,1944.4644368618021,2544.1812825085954,98.02281215974975,78.74211014084392,495.3356988030856,6.04958232384993,1265,-3.000048954516806,-4.523713559655875
3445,256.655,10.79118317529965,2541.545457186106,175.42472386000495,1944.4689436752867,2544.1811638506074,98.02276507727241,78.73974668819749,495.26613497986915,6.049800768559633,1265,-3.0000489684049367,-4.523236070565227
3446,256.66499999999996,10.791532094927943,2541.5452765236987,175.42004735772863,1944.473450360501,2544.1810451918323,98.02271799469897,78.7373836122717,495.19657324524246,6.050019206710571,1265,-3.000048982292903,-4.52275861735878
3447,256.67499999999995,10.79188098315745,2541.545095858913,175.4153724189707,1944.4779569174664,2544.1809265322713,98.02267091202938,78.73502091294696,495.12701359887245,6.050237638303789,1265,-3.0000489961807064,-4.522281200027197
3448,256.685,10.792229839996839,2541.544915191746,175.41069904312275,1944.4824633462026,2544.180807871923,98.0226238292637,78.7326585901037,495.0574560404262,6.050456063340333,1265,-3.000049010068347,-4.5218038185611755
3449,256.695,10.792578665454789,2541.5447345222,175.40602722960702,1944.486969646732,2544.180689210788,98.02257674640187,78.73029664362238,494.9879005695706,6.050674481821248,1265,-3.000049023955824,-4.521326472951377
3450,256.705,10.792927459539971,2541.544553850276,175.40135697784973,1944.4914758190741,2544.180570548866,98.02252966344392,78.72793507338353,494.91834718597306,6.050892893747578,1265,-3.0000490378431386,-4.520849163188485
3451,256.715,10.793276222261058,2541.5443731759738,175.39668828734688,1944.4959818632508,2544.1804518861577,98.02248258038989,78.72557387926773,494.8487958893008,6.05111129912037,1265,-3.00004905173029,-4.520371889263171
3452,256.72499999999997,10.79362495362671,2541.5441924992942,175.39202115751826,1944.5004877792817,2544.1803332226636,98.02243549723973,78.72321306115556,494.7792466792212,6.051329697940666,1265,-3.0000490656172785,-4.519894651166138
3453,256.735,10.793973653645601,2541.544011820237,175.38735558772996,1944.5049935671889,2544.1802145583833,98.02238841399347,78.72085261892768,494.70969955540176,6.0515480902095105,1265,-3.0000490795041044,-4.519417448888051
3454,256.745,10.794322322326401,2541.543831138804,175.38269157741072,1944.5094992269944,2544.1800958933177,98.0223413306511,78.71849255246477,494.6401545175101,6.051766475927947,1265,-3.0000490933907678,-4.518940282419594
3455,256.755,10.794670959677761,2541.5436504549934,175.37802912611045,1944.5140047587163,2544.1799772274644,98.02229424721264,78.71613286164755,494.57061156521394,6.051984855097019,1265,-3.0000491072772677,-4.51846315175145
3456,256.765,10.79501956570835,2541.543469768809,175.37336823313123,1944.5185101623767,2544.1798585608267,98.0222471636781,78.71377354635685,494.5010706981812,6.052203227717769,1265,-3.000049121163606,-4.517986056874314
3457,256.775,10.795368140426826,2541.5432890802467,175.3687088980281,1944.5230154379979,2544.179739893402,98.02220008004744,78.71141460647343,494.43153191607973,6.052421593791239,1265,-3.0000491350497818,-4.517508997778861
3458,256.78499999999997,10.79571668384185,2541.543108389312,175.3640511201129,1944.5275205855996,2544.179621225192,98.02215299632068,78.7090560418782,494.36199521857765,6.052639953318473,1265,-3.0000491489357954,-4.517031974455781
3459,256.79499999999996,10.796065195962067,2541.5429276960017,175.35939489891874,1944.532025605202,2544.1795025561964,98.02210591249786,78.70669785245204,494.29246060534297,6.052858306300511,1265,-3.0000491628216466,-4.516554986895768
3460,256.805,10.796413676796139,2541.5427470003174,175.35474023383802,1944.5365304968268,2544.1793838864146,98.02205882857893,78.7043400380759,494.22292807604396,6.053076652738395,1265,-3.0000491767073356,-4.516078035089508
3461,256.815,10.796762126352716,2541.54256630226,175.35008712430448,1944.5410352604952,2544.1792652158474,98.02201174456393,78.70198259863079,494.15339763034905,6.053294992633167,1265,-3.0000491905928626,-4.515601119027688
3462,256.825,10.79711054464045,2541.5423856018297,175.3454355697526,1944.5455398962274,2544.1791465444953,98.02196466045284,78.69962553399773,494.0838692679267,6.0535133259858664,1265,-3.000049204478228,-4.515124238701004
3463,256.835,10.797458931667983,2541.542204899026,175.34078556967634,1944.5500444040447,2544.1790278723565,98.02191757624567,78.69726884405782,494.01434298844543,6.053731652797536,1265,-3.000049218363431,-4.514647394100143
3464,256.84499999999997,10.797807287443968,2541.542024193851,175.3361371234361,1944.5545487839677,2544.178909199434,98.02187049194244,78.69491252869214,493.94481879157394,6.053949973069213,1265,-3.000049232248472,-4.5141705852158
3465,256.85499999999996,10.798155611977043,2541.5418434863036,175.3314902304965,1944.559053036017,2544.178790525725,98.02182340754311,78.6925565877819,493.87529667698107,6.054168286801939,1265,-3.0000492461333526,-4.513693812038679
3466,256.865,10.798503905275853,2541.541662776385,175.3268448902768,1944.5635571602138,2544.178671851231,98.02177632304772,78.69020102120827,493.8057766443356,6.054386593996755,1265,-3.0000492600180704,-4.513217074559464
3467,256.875,10.798852167349033,2541.541482064097,175.32220110221525,1944.568061156578,2544.1785531759538,98.02172923845627,78.68784582885252,493.7362586933065,6.054604894654697,1265,-3.000049273902626,-4.512740372768854
3468,256.885,10.799200398205233,2541.541301349439,175.3175588657578,1944.5725650251322,2544.1784344998905,98.02168215376874,78.68549101059594,493.66674282356297,6.0548231887768065,1265,-3.0000492877870215,-4.512263706657539
3469,256.895,10.799548597853073,2541.5411206324106,175.31291818039256,1944.577068765895,2544.178315823043,98.02163506898516,78.68313656631987,493.59722903477416,6.055041476364122,1265,-3.000049301671255,-4.511787076216233
3470,256.905,10.79989676630121,2541.5409399130126,175.30827904550694,1944.58157237889,2544.1781971454097,98.02158798410552,78.68078249590569,493.52771732660943,6.055259757417679,1265,-3.000049315555327,-4.511310481435638
3471,256.91499999999996,10.800244903558253,2541.540759191246,175.30364146051653,1944.5860758641352,2544.1780784669922,98.02154089912982,78.67842879923481,493.45820769873797,6.0554780319385175,1265,-3.0000493294392383,-4.510833922306432
3472,256.92499999999995,10.800593009632847,2541.54057846711,175.29900542487434,1944.5905792216527,2544.1779597877903,98.02149381405808,78.6760754761887,493.38870015082955,6.055696299927676,1265,-3.000049343322988,-4.510357398819331
3473,256.935,10.800941084533621,2541.5403977406077,175.29437093804196,1944.5950824514637,2544.177841107804,98.02144672889025,78.67372252664886,493.31919468255364,6.0559145613861896,1265,-3.0000493572065774,-4.509880910965048
3474,256.945,10.801289128269193,2541.5402170117377,175.2897379994632,1944.5995855535878,2544.1777224270336,98.02139964362641,78.67136995049685,493.24969129358,6.056132816315097,1265,-3.0000493710900056,-4.509404458734262
3475,256.955,10.801637140848202,2541.5400362804994,175.2851066085088,1944.6040885280477,2544.1776037454783,98.0213525582665,78.66901774761426,493.18018998357843,6.056351064715434,1265,-3.0000493849732726,-4.508928042117705
3476,256.965,10.801985122279257,2541.539855546895,175.28047676473068,1944.6085913748618,2544.177485063138,98.02130547281055,78.66666591788272,493.11069075221883,6.056569306588237,1265,-3.0000493988563792,-4.508451661106068
3477,256.97499999999997,10.802333072570981,2541.5396748109247,175.275848467494,1944.6130940940511,2544.1773663800145,98.02125838725857,78.66431446118392,493.04119359917144,6.056787541934541,1265,-3.0000494127393247,-4.507975315690052
3478,256.985,10.802680991732007,2541.53949407259,175.27122171623282,1944.6175966856388,2544.177247696108,98.02121130161055,78.66196337739957,492.9716985241061,6.057005770755382,1265,-3.0000494266221094,-4.507499005860369
3479,256.995,10.803028879770938,2541.5393133318885,175.26659651042786,1944.6220991496425,2544.177129011417,98.02116421586649,78.65961266641143,492.9022055266933,6.057223993051797,1265,-3.0000494405047338,-4.5070227316077425
3480,257.005,10.803376736696402,2541.539132588822,175.2619728494883,1944.626601486086,2544.1770103259414,98.02111713002641,78.65726232810133,492.8327146066033,6.05744220882482,1265,-3.000049454387198,-4.506546492922862
3481,257.015,10.803724562517,2541.5389518433926,175.25735073284108,1944.6311036949878,2544.1768916396823,98.0210700440903,78.65491236235107,492.76322576350657,6.057660418075485,1265,-3.000049468269502,-4.506070289796451
3482,257.025,10.804072357241354,2541.538771095599,175.25273015996027,1944.6356057763696,2544.17677295264,98.02102295805815,78.65256276904258,492.6937389970736,6.057878620804826,1265,-3.0000494821516455,-4.505594122219221
3483,257.03499999999997,10.804420120878069,2541.538590345441,175.24811113025658,1944.640107730251,2544.176654264814,98.02097587192999,78.65021354805778,492.6242543069751,6.058096817013878,1265,-3.000049496033629,-4.505117990181885
3484,257.04499999999996,10.804767853435754,2541.538409592922,175.24349364321952,1944.6446095566544,2544.176535576205,98.02092878570582,78.64786469927864,492.55477169288184,6.0583150067036735,1265,-3.000049509915452,-4.504641893675141
3485,257.055,10.805115554923015,2541.5382288380383,175.23887769827053,1944.6491112555989,2544.1764168868112,98.02088169938561,78.64551622258719,492.48529115446473,6.058533189875246,1265,-3.000049523797115,-4.504165832689737
3486,257.065,10.805463225348458,2541.538048080794,175.23426329484968,1944.653612827106,2544.1762981966353,98.02083461296938,78.64316811786549,492.41581269139465,6.05875136652963,1265,-3.0000495376786187,-4.503689807216347
3487,257.075,10.80581086472069,2541.5378673211867,175.22965043231903,1944.658114271197,2544.176179505675,98.02078752645714,78.64082038499564,492.34633630334275,6.058969536667856,1265,-3.0000495515599614,-4.503213817245731
3488,257.085,10.806158473048301,2541.537686559219,175.22503911026212,1944.6626155878912,2544.176060813932,98.0207404398489,78.63847302385977,492.27686198998015,6.059187700290958,1265,-3.000049565441145,-4.502737862768581
3489,257.09499999999997,10.806506050339896,2541.5375057948913,175.22042932804868,1944.66711677721,2544.175942121407,98.02069335314464,78.63612603434011,492.20738975097817,6.059405857399968,1265,-3.000049579322169,-4.502261943775623
3490,257.10499999999996,10.806853596604075,2541.5373250282023,175.21582108508568,1944.6716178391746,2544.175823428098,98.02064626634439,78.63377941631884,492.1379195860083,6.059624007995916,1265,-3.000049593203033,-4.501786060257573
3491,257.115,10.807201111849421,2541.5371442591545,175.21121438095463,1944.6761187738039,2544.175704734007,98.02059917944813,78.63143316967827,492.0684514947419,6.059842152079835,1265,-3.000049607083738,-4.501310212205156
3492,257.125,10.807548596084548,2541.536963487747,175.20660921490838,1944.6806195811214,2544.175586039132,98.02055209245587,78.62908729430072,491.99898547685063,6.060060289652756,1265,-3.0000496209642833,-4.500834399609096
3493,257.135,10.807896049318028,2541.5367827139803,175.2020055865024,1944.6851202611454,2544.1754673434757,98.02050500536761,78.6267417900685,491.92952153200616,6.060278420715708,1265,-3.0000496348446695,-4.500358622460118
3494,257.145,10.808243471558459,2541.5366019378544,175.197403495154,1944.6896208138971,2544.1753486470348,98.02045791818334,78.62439665686405,491.86005965988045,6.060496545269722,1265,-3.000049648724896,-4.499882880748942
3495,257.155,10.808590862814425,2541.536421159371,175.19280294033555,1944.6941212393967,2544.1752299498125,98.0204108309031,78.62205189456981,491.79059986014516,6.060714663315831,1265,-3.0000496626049644,-4.499407174466295
3496,257.16499999999996,10.808938223094522,2541.5362403785302,175.1882039214768,1944.6986215376673,2544.175111251808,98.02036374352687,78.61970750306824,491.72114213247255,6.06093277485506,1265,-3.000049676484873,-4.498931503602907
3497,257.17499999999995,10.809285552407315,2541.536059595332,175.1836064379569,1944.7031217087256,2544.174992553021,98.02031665605465,78.6173634822419,491.65168647653456,6.061150879888443,1265,-3.000049690364623,-4.498455868149495
3498,257.185,10.809632850761401,2541.535878809777,175.1790104893209,1944.7076217525953,2544.174873853451,98.02026956848646,78.61501983197334,491.58223289200356,6.061368978417004,1265,-3.0000497042442134,-4.497980268096798
3499,257.195,10.809980118165354,2541.5356980218658,175.17441607494888,1944.7121216692954,2544.1747551531,98.02022248082226,78.61267655214516,491.5127813785517,6.061587070441775,1265,-3.000049718123646,-4.497504703435551
3500,257.205,10.810327354627761,2541.5355172316,175.16982319432702,1944.7166214588478,2544.174636451967,98.0201753930621,78.61033364264004,491.44333193585163,6.061805155963785,1265,-3.000049732002919,-4.497029174156466
3501,257.215,10.810674560157182,2541.535336438977,175.16523184692423,1944.7211211212716,2544.174517750051,98.02012830520599,78.60799110334067,491.37388456357564,6.062023234984059,1265,-3.0000497458820337,-4.496553680250288
3502,257.22499999999997,10.811021734762209,2541.5351556439996,175.16064203212372,1944.725620656589,2544.1743990473533,98.02008121725387,78.60564893412977,491.3044392613966,6.062241307503628,1265,-3.00004975976099,-4.496078221707749
3503,257.235,10.8113688784514,2541.534974846668,175.15605374932696,1944.7301200648192,2544.1742803438738,98.0200341292058,78.60330713489014,491.2349960289871,6.0624593735235175,1265,-3.000049773639787,-4.495602798519576
3504,257.245,10.811715991233331,2541.534794046982,175.15146699814238,1944.734619345983,2544.174161639613,98.01998704106174,78.60096570550459,491.1655548660201,6.0626774330447555,1265,-3.0000497875184267,-4.495127410676506
3505,257.255,10.812063073116578,2541.534613244942,175.1468817778322,1944.7391185001018,2544.17404293457,98.01993995282174,78.59862464585599,491.0961157721685,6.062895486068368,1265,-3.0000498013969077,-4.4946520581692795
3506,257.265,10.812410124109702,2541.5344324405496,175.14229808802807,1944.7436175271962,2544.173924228746,98.01989286448578,78.59628395582725,491.0266787471053,6.063113532595382,1265,-3.000049815275231,-4.494176740988637
3507,257.275,10.812757144221264,2541.5342516338046,175.13771592801567,1944.7481164272854,2544.173805522141,98.01984577605384,78.5939436353013,490.9572437905037,6.063331572626825,1265,-3.0000498291533955,-4.493701459125302
3508,257.28499999999997,10.813104133459829,2541.5340708247063,175.1331352973095,1944.7526152003904,2544.173686814753,98.01979868752596,78.59160368416116,490.887810902037,6.06354960616372,1265,-3.000049843031402,-4.493226212570026
3509,257.29499999999996,10.813451091833969,2541.5338900132574,175.12855619537982,1944.757113846533,2544.173568106585,98.01975159890213,78.58926410228983,490.8183800813786,6.063767633207094,1265,-3.000049856909251,-4.492751001313539
3510,257.305,10.813798019352227,2541.5337091994556,175.12397862166475,1944.761612365732,2544.1734493976355,98.01970451018234,78.5869248895704,490.7489513282019,6.063985653757972,1265,-3.000049870786942,-4.492275825346589
3511,257.315,10.814144916023174,2541.533528383303,175.11940257559937,1944.7661107580095,2544.173330687904,98.0196574213666,78.584586045886,490.6795246421805,6.064203667817378,1265,-3.0000498846644748,-4.491800684659917
3512,257.325,10.81449178185536,2541.5333475647994,175.11482805658144,1944.7706090233848,2544.173211977392,98.0196103324549,78.58224757111978,490.61010002298804,6.064421675386338,1265,-3.0000498985418504,-4.49132557924427
3513,257.335,10.814838616857338,2541.533166743947,175.11025506415533,1944.7751071618793,2544.1730932661,98.0195632434473,78.57990946515493,490.54067747029825,6.064639676465875,1265,-3.0000499124190676,-4.490850509090382
3514,257.34499999999997,10.815185421037661,2541.532985920744,175.10568359769718,1944.7796051735127,2544.172974554026,98.01951615434373,78.5775717278747,490.47125698378517,6.064857671057014,1265,-3.000049926296128,-4.490375474189005
3515,257.35499999999996,10.815532194404884,2541.532805095192,175.10111365672117,1944.7841030583063,2544.1728558411714,98.01946906514422,78.57523435916237,490.4018385631227,6.065075659160778,1265,-3.0000499401730307,-4.489900474530883
3516,257.365,10.81587893696755,2541.5326242672904,175.09654524061216,1944.78860081628,2544.1727371275365,98.01942197584879,78.57289735890127,490.3324222079849,6.065293640778189,1265,-3.0000499540497767,-4.489425510106769
3517,257.375,10.816225648734207,2541.532443437041,175.09197834885035,1944.793098447455,2544.1726184131203,98.01937488645743,78.57056072697476,490.2630079180459,6.065511615910272,1265,-3.0000499679263655,-4.488950580907394
3518,257.385,10.816572329713399,2541.532262604443,175.08741298087398,1944.7975959518508,2544.172499697924,98.01932779697012,78.56822446326629,490.1935956929801,6.0657295845580474,1265,-3.0000499818027966,-4.488475686923525
3519,257.395,10.81691897991367,2541.532081769499,175.08284913613275,1944.8020933294886,2544.172380981948,98.0192807073869,78.56588856765926,490.12418553246187,6.06594754672254,1265,-3.0000499956790705,-4.488000828145909
3520,257.405,10.817265599343559,2541.5319009322066,175.0782868140976,1944.8065905803885,2544.172262265191,98.01923361770776,78.56355304003719,490.05477743616575,6.06616550240477,1265,-3.0000500095551876,-4.487526004565289
3521,257.41499999999996,10.817612188011612,2541.5317200925665,175.07372601422017,1944.8110877045722,2544.1721435476534,98.0191865279327,78.5612178802836,489.98537140376635,6.066383451605758,1265,-3.000050023431148,-4.487051216172431
3522,257.42499999999995,10.817958745926353,2541.531539250582,175.06916673594574,1944.8155847020575,2544.1720248293364,98.01913943806171,78.55888308828212,489.9159674349383,6.066601394326527,1265,-3.0000500373069516,-4.486576462958072
3523,257.435,10.818305273096327,2541.5313584062505,175.06460897869988,1944.8200815728676,2544.171906110239,98.0190923480948,78.5565486639163,489.8465655293565,6.066819330568098,1265,-3.0000500511825985,-4.486101744912983
3524,257.445,10.818651769530064,2541.531177559575,175.06005274195462,1944.824578317021,2544.171787390362,98.019045258032,78.55421460706982,489.7771656866957,6.067037260331491,1265,-3.0000500650580886,-4.485627062027907
3525,257.455,10.818998235236101,2541.530996710552,175.0554980251386,1944.8290749345394,2544.171668669703,98.01899816787328,78.5518809176264,489.7077679066311,6.067255183617725,1265,-3.000050078933422,-4.485152414293609
3526,257.465,10.819344670222957,2541.530815859185,175.0509448277716,1944.833571425442,2544.171549948266,98.01895107761864,78.54954759546978,489.6383721888377,6.067473100427822,1265,-3.0000500928085994,-4.484677801700831
3527,257.47499999999997,10.819691074499174,2541.530635005474,175.04639314926186,1944.838067789751,2544.1714312260488,98.0189039872681,78.54721464048374,489.56897853299085,6.067691010762801,1265,-3.0000501066836196,-4.484203224240353
3528,257.485,10.820037448073263,2541.5304541494197,175.04184298900452,1944.842564027485,2544.171312503052,98.01885689682165,78.54488205255211,489.4995869387658,6.067908914623682,1265,-3.000050120558484,-4.4837286819029245
3529,257.495,10.820383790953757,2541.5302732910222,175.0372943465084,1944.847060138665,2544.171193779276,98.01880980627932,78.54254983155876,489.43019740583793,6.068126812011482,1265,-3.0000501344331925,-4.48325417467929
3530,257.505,10.820730103149184,2541.5300924302815,175.0327472213021,1944.8515561233125,2544.17107505472,98.01876271564109,78.5402179773876,489.3608099338828,6.068344702927222,1265,-3.000050148307745,-4.482779702560243
3531,257.515,10.821076384668054,2541.529911567198,175.02820161268207,1944.8560519814469,2544.170956329385,98.01871562490696,78.53788648992258,489.29142452257605,6.068562587371919,1265,-3.000050162182141,-4.482305265536517
3532,257.525,10.82142263551889,2541.529730701773,175.02365752025338,1944.8605477130882,2544.170837603271,98.01866853407694,78.5355553690477,489.22204117159345,6.068780465346592,1265,-3.000050176056381,-4.4818308635988995
3533,257.53499999999997,10.821768855710207,2541.5295498340065,175.01911494332097,1944.865043318258,2544.1707188763776,98.01862144315105,78.53322461464701,489.1526598806108,6.068998336852257,1265,-3.000050189930466,-4.4813564967381385
3534,257.54499999999996,10.822115045250522,2541.5293689638984,175.0145738814659,1944.8695387969756,2544.170600148705,98.01857435212924,78.53089422660456,489.0832806493041,6.069216201889933,1265,-3.000050203804394,-4.480882164944999
3535,257.555,10.822461204148349,2541.529188091449,175.01003433412288,1944.874034149262,2544.1704814202535,98.01852726101156,78.52856420480448,489.01390347734923,6.069434060460637,1265,-3.000050217678168,-4.480407868210261
3536,257.565,10.822807332412195,2541.5290072166595,175.0054963006462,1944.878529375137,2544.1703626910225,98.018480169798,78.52623454913093,488.94452836442247,6.0696519125653845,1265,-3.0000502315517847,-4.479933606524679
3537,257.575,10.82315343005057,2541.52882633953,175.0009597806185,1944.8830244746214,2544.1702439610126,98.01843307848857,78.52390525946812,488.87515531020006,6.0698697582051935,1265,-3.0000502454252467,-4.4794593798790325
3538,257.585,10.823499497071982,2541.5286454600614,174.9964247734347,1944.8875194477346,2544.1701252302246,98.01838598708326,78.52157633570027,488.80578431435833,6.07008759738108,1265,-3.0000502592985536,-4.478985188264084
3539,257.59499999999997,10.823845533484947,2541.528464578254,174.9918912785244,1944.8920142944996,2544.1700064986585,98.01833889558208,78.51924777771171,488.7364153765737,6.0703054300940575,1265,-3.0000502731717047,-4.478511031670606
3540,257.60499999999996,10.824191539297955,2541.5282836941064,174.98735929534058,1944.8965090149338,2544.1698877663125,98.01829180398502,78.51691958538673,488.66704849652274,6.070523256345143,1265,-3.000050287044701,-4.478036910089371
3541,257.615,10.824537514519513,2541.5281028076206,174.98282882340874,1944.901003609059,2544.1697690331875,98.01824471229212,78.5145917586097,488.59768367388216,6.070741076135353,1265,-3.000050300917541,-4.477562823511161
3542,257.625,10.824883459158118,2541.527921918798,174.97829986216166,1944.9054980768942,2544.1696502992854,98.01819762050333,78.51226429726503,488.52832090832874,6.0709588894657,1265,-3.000050314790227,-4.477088771926728
3543,257.635,10.825229373222276,2541.527741027637,174.97377241108182,1944.9099924184623,2544.1695315646048,98.01815052861868,78.5099372012372,488.45896019953926,6.071176696337201,1265,-3.0000503286627587,-4.476614755326862
3544,257.645,10.825575256720475,2541.5275601341395,174.9692464695167,1944.9144866337808,2544.1694128291456,98.01810343663817,78.50761047041067,488.3896015471907,6.071394496750868,1265,-3.0000503425351344,-4.47614077370234
3545,257.655,10.825921109661213,2541.5273792383055,174.96472203700472,1944.9189807228715,2544.169294092909,98.0180563445618,78.50528410466997,488.3202449509602,6.071612290707716,1265,-3.000050356407356,-4.475666827043928
3546,257.66499999999996,10.82626693205299,2541.5271983401335,174.96019911297765,1944.9234746857549,2544.169175355892,98.01800925238959,78.50295810389969,488.2508904105248,6.071830078208757,1265,-3.0000503702794226,-4.475192915342417
3547,257.67499999999995,10.826612723904288,2541.527017439628,174.9556776969294,1944.927968522451,2544.169056618099,98.01796216012153,78.50063246798445,488.1815379255619,6.072047859255006,1265,-3.0000503841513346,-4.474719038588578
3548,257.685,10.826958485223596,2541.526836536786,174.95115778826846,1944.932462232979,2544.168937879528,98.01791506775763,78.4983071968089,488.11218749574874,6.072265633847476,1265,-3.000050398023092,-4.474245196773193
3549,257.695,10.827304216019408,2541.5266556316087,174.94663938649154,1944.9369558173616,2544.1688191401786,98.01786797529786,78.49598229025773,488.04283912076284,6.072483401987177,1265,-3.0000504118946956,-4.473771389887046
3550,257.705,10.827649916300205,2541.5264747240976,174.94212249105172,1944.941449275617,2544.168700400052,98.01782088274226,78.4936577482157,487.97349280028186,6.0727011636751245,1265,-3.000050425766144,-4.473297617920914
3551,257.715,10.827995586074461,2541.5262938142528,174.93760710138483,1944.945942607765,2544.168581659148,98.01777379009083,78.49133357056758,487.9041485339834,6.072918918912329,1265,-3.000050439637439,-4.472823880865585
3552,257.72499999999997,10.828341225350682,2541.5261129020714,174.93309321697234,1944.9504358138286,2544.1684629174647,98.01772669734355,78.48900975719818,487.83480632154533,6.073136667699801,1265,-3.000050453508579,-4.4723501787118405
3553,257.735,10.828686834137327,2541.5259319875604,174.9285808372392,1944.9549288938256,2544.168344175007,98.01767960450043,78.48668630799237,487.7654661626454,6.0733544100385535,1265,-3.000050467379565,-4.471876511450449
3554,257.745,10.82903241244288,2541.5257510707147,174.92406996166247,1944.9594218477766,2544.1682254317693,98.01763251156147,78.48436322283509,487.69612805696164,6.073572145929598,1265,-3.000050481250397,-4.471402879072228
3555,257.755,10.829377960275817,2541.5255701515352,174.9195605897213,1944.9639146757027,2544.168106687755,98.0175854185267,78.48204050161124,487.6267920041722,6.073789875373943,1265,-3.0000504951210765,-4.470929281567952
3556,257.765,10.829723477644613,2541.5253892300248,174.915052720908,1944.9684073776236,2544.1679879429635,98.01753832539609,78.47971814420583,487.55745800395516,6.074007598372599,1265,-3.0000505089916003,-4.470455718928398
3557,257.775,10.830068964557743,2541.5252083061823,174.91054635460875,1944.9728999535603,2544.1678691973943,98.01749123216968,78.47739615050389,487.4881260559889,6.074225314926579,1265,-3.0000505228619714,-4.46998219114438
3558,257.78499999999997,10.830414421023674,2541.5250273800084,174.9060414903112,1944.9773924035321,2544.1677504510485,98.01744413884744,78.47507452039049,487.41879615995174,6.07444302503689,1265,-3.0000505367321884,-4.469508698206661
3559,257.79499999999996,10.830759847050876,2541.524846451503,174.90153812743222,1944.9818847275594,2544.167631703925,98.01739704542938,78.47275325375071,487.34946831552224,6.074660728704542,1265,-3.000050550602252,-4.469035240106053
3560,257.805,10.831105242647816,2541.5246655206674,174.8970362655392,1944.9863769256622,2544.167512956026,98.0173499519155,78.47043235046974,487.280142522379,6.074878425930544,1265,-3.000050564472163,-4.468561816833327
3561,257.815,10.83145060782296,2541.5244845875027,174.89253590395742,1944.9908689978615,2544.16739420735,98.01730285830581,78.46811181043276,487.2108187802006,6.075096116715905,1265,-3.0000505783419196,-4.468088428379292
3562,257.825,10.831795942584765,2541.5243036520064,174.88803704225438,1944.9953609441761,2544.167275457896,98.0172557646003,78.46579163352499,487.141497088666,6.0753138010616325,1265,-3.0000505922115233,-4.4676150747347485
3563,257.835,10.832141246941706,2541.524122714182,174.88353967984426,1944.999852764628,2544.167156707666,98.01720867079901,78.46347181963172,487.0721774474539,6.075531478968736,1265,-3.0000506060809737,-4.46714175589047
3564,257.84499999999997,10.832486520902231,2541.523941774029,174.8790438162554,1945.0043444592363,2544.1670379566604,98.01716157690188,78.46115236863825,487.00285985624356,6.075749150438222,1265,-3.0000506199502714,-4.466668471837272
3565,257.85499999999996,10.832831764474808,2541.523760831547,174.87454945081805,1945.008836028022,2544.1669192048776,98.01711448290898,78.45883328042999,486.9335443147139,6.0759668154711,1265,-3.000050633819416,-4.466195222565936
3566,257.865,10.833176977667883,2541.5235798867366,174.87005658311696,1945.0133274710042,2544.1668004523185,98.01706738882025,78.45651455489225,486.86423082254413,6.076184474068375,1265,-3.0000506476884077,-4.465722008067282
3567,257.875,10.833522160489911,2541.5233989395992,174.8655652125784,1945.0178187882034,2544.1666816989837,98.01702029463573,78.45419619191054,486.7949193794136,6.076402126231055,1265,-3.000050661557246,-4.4652488283320855
3568,257.885,10.833867312949348,2541.523217990133,174.86107533862335,1945.0223099796394,2544.166562944871,98.01697320035542,78.4518781913703,486.7256099850017,6.076619771960145,1265,-3.0000506754259324,-4.46477568335117
3569,257.895,10.834212435054646,2541.523037038341,174.8565869607861,1945.0268010453333,2544.166444189984,98.0169261059793,78.44956055315707,486.65630263898794,6.076837411256653,1265,-3.0000506892944654,-4.464302573115323
3570,257.905,10.834557526814251,2541.5228560842224,174.85210007843776,1945.031291985305,2544.1663254343202,98.01687901150741,78.4472432771564,486.5869973410519,6.077055044121584,1265,-3.0000507031628465,-4.463829497615345
3571,257.91499999999996,10.834902588236616,2541.5226751277773,174.84761469110262,1945.035782799575,2544.166206677881,98.01683191693974,78.4449263632539,486.5176940908734,6.077272670555944,1265,-3.0000507170310744,-4.46335645684204
3572,257.92499999999995,10.835247619330179,2541.522494169007,174.84313079826086,1945.0402734881623,2544.1660879206656,98.01678482227629,78.4426098113352,486.44839288813205,6.077490290560737,1265,-3.0000507308991504,-4.462883450786221
3573,257.935,10.835592620103382,2541.5223132079104,174.83864839937476,1945.0447640510872,2544.1659691626737,98.01673772751704,78.440293621286,486.3790937325079,6.07770790413697,1265,-3.000050744767074,-4.462410479438692
3574,257.945,10.83593759056467,2541.5221322444895,174.83416749387294,1945.0492544883707,2544.1658504039065,98.01669063266203,78.43797779299204,486.309796623681,6.077925511285646,1265,-3.000050758634845,-4.461937542790258
3575,257.955,10.83628253072248,2541.5219512787435,174.82968808117113,1945.053744800032,2544.1657316443643,98.01664353771123,78.43566232633906,486.24050156133137,6.078143112007771,1265,-3.000050772502465,-4.461464640831726
3576,257.965,10.836627440585255,2541.5217703106737,174.82521016087617,1945.0582349860922,2544.165612884046,98.01659644266468,78.43334722121286,486.1712085451392,6.0783607063043466,1265,-3.0000507863699326,-4.4609917735538955
3577,257.97499999999997,10.836972320161427,2541.521589340281,174.8207337323246,1945.0627250465704,2544.165494122953,98.01654934752233,78.43103247749929,486.101917574785,6.078578294176378,1265,-3.000050800237248,-4.46051894094759
3578,257.985,10.837317169459435,2541.5214083675637,174.81625879505248,1945.0672149814884,2544.165375361084,98.01650225228423,78.42871809508425,486.03262864994895,6.078795875624868,1265,-3.0000508141044118,-4.460046143003611
3579,257.995,10.8376619884877,2541.5212273925245,174.81178534846637,1945.0717047908634,2544.165256598441,98.01645515695034,78.42640407385366,485.9633417703117,6.07901345065082,1265,-3.0000508279714238,-4.45957337971278
3580,258.005,10.838006777254666,2541.5210464151623,174.80731339207503,1945.0761944747185,2544.1651378350216,98.0164080615207,78.42409041369349,485.89405693555386,6.0792310192552375,1265,-3.000050841838284,-4.459100651065898
3581,258.015,10.838351535768755,2541.5208654354765,174.8028429253269,1945.0806840330717,2544.1650190708265,98.01636096599532,78.42177711448976,485.82477414535606,6.07944858143912,1265,-3.000050855704993,-4.458627957053792
3582,258.025,10.838696264038386,2541.520684453471,174.79837394772125,1945.0851734659436,2544.164900305858,98.01631387037418,78.4194641761285,485.7554933993992,6.079666137203473,1265,-3.00005086957155,-4.458155297667265
3583,258.03499999999997,10.839040962071996,2541.5205034691435,174.79390645867653,1945.0896627733541,2544.164781540114,98.01626677465725,78.41715159849583,485.6862146973642,6.079883686549296,1265,-3.0000508834379556,-4.457682672897132
3584,258.04499999999996,10.83938562987801,2541.520322482495,174.78944045773991,1945.0941519553248,2544.164662773595,98.01621967884459,78.41483938147786,485.6169380389321,6.080101229477591,1265,-3.0000508973042104,-4.457210082734216
3585,258.055,10.839730267464839,2541.5201414935245,174.78497594425951,1945.0986410118742,2544.164544006301,98.01617258293619,78.41252752496077,485.547663423784,6.08031876598936,1265,-3.0000509111703137,-4.456737527169343
3586,258.065,10.840074874840905,2541.5199605022344,174.78051291776387,1945.1031299430222,2544.164425238233,98.01612548693203,78.41021602883077,485.47839085160115,6.080536296085603,1265,-3.0000509250362666,-4.45626500619332
3587,258.075,10.840419452014627,2541.519779508625,174.7760513777339,1945.1076187487893,2544.16430646939,98.01607839083213,78.40790489297412,485.4091203220648,6.08075381976732,1265,-3.0000509389020684,-4.455792519796967
3588,258.085,10.840763998994433,2541.5195985126966,174.77159132361564,1945.1121074291968,2544.164187699773,98.01603129463649,78.40559411727709,485.33985183485635,6.080971337035512,1265,-3.000050952767719,-4.455320067971103
3589,258.09499999999997,10.841108515788715,2541.519417514448,174.76713275493907,1945.1165959842626,2544.164068929381,98.01598419834512,78.40328370162604,485.27058538965747,6.081188847891179,1265,-3.0000509666332182,-4.454847650706562
3590,258.10499999999996,10.8414530024059,2541.51923651388,174.76267567104802,1945.1210844140076,2544.1639501582135,98.01593710195803,78.40097364590734,485.20132098614965,6.0814063523353195,1265,-3.000050980498567,-4.4543752679941635
3591,258.115,10.841797458854392,2541.5190555109953,174.75822007148753,1945.1255727184518,2544.163831386274,98.01589000547519,78.3986639500074,485.1320586240147,6.081623850368933,1265,-3.0000509943637654,-4.4539029198247135
3592,258.125,10.842141885142599,2541.5188745057917,174.75376595576108,1945.1300608976146,2544.1637126135597,98.0158429088966,78.39635461381268,485.0627983029344,6.08184134199302,1265,-3.000051008228813,-4.4534306061890545
3593,258.135,10.84248628127894,2541.5186934982707,174.74931332323,1945.1345489515184,2544.1635938400705,98.0157958122223,78.39404563720969,484.99354002259065,6.082058827208578,1265,-3.0000510220937104,-4.452958327078016
3594,258.145,10.842830647271807,2541.5185124884324,174.74486217347703,1945.1390368801804,2544.1634750658077,98.01574871545228,78.39173702008493,484.9242837826656,6.082276306016604,1265,-3.0000510359584567,-4.45248608248241
3595,258.155,10.843174983129606,2541.518331476278,174.74041250589354,1945.1435246836215,2544.1633562907714,98.01570161858652,78.38942876232501,484.85502958284127,6.082493778418098,1265,-3.0000510498230537,-4.452013872393076
3596,258.16499999999996,10.843519288860737,2541.5181504618067,174.73596432004376,1945.1480123618617,2544.163237514961,98.01565452162505,78.38712086381653,484.7857774227999,6.082711244414058,1265,-3.0000510636874997,-4.451541696800844
3597,258.17499999999995,10.843863564473606,2541.5179694450194,174.73151761525418,1945.152499914922,2544.1631187383773,98.01560742456788,78.38481332444618,484.7165273022239,6.082928704005479,1265,-3.000051077551796,-4.451069555696527
3598,258.185,10.844207809976602,2541.517788425916,174.72707239106356,1945.1569873428205,2544.162999961019,98.01556032741497,78.38250614410062,484.64727922079555,6.083146157193359,1265,-3.0000510914159424,-4.450597449070982
3599,258.195,10.844552025378132,2541.517607404498,174.72262864700187,1945.1614746455787,2544.1628811828873,98.01551323016639,78.38019932266658,484.5780331781975,6.083363603978696,1265,-3.0000511052799386,-4.450125376915018
3600,258.205,10.844896210686583,2541.517426380765,174.71818638250744,1945.165961823216,2544.1627624039834,98.01546613282206,78.3778928600309,484.50878917411234,6.083581044362484,1265,-3.0000511191437846,-4.449653339219477
3601,258.215,10.845240365910348,2541.517245354719,174.71374559695082,1945.1704488757528,2544.1626436243064,98.01541903538205,78.37558675608035,484.4395472082228,6.083798478345721,1265,-3.000051133007482,-4.449181335975197
3602,258.22499999999997,10.845584491057817,2541.517064326357,174.70930628995742,1945.174935803208,2544.162524843855,98.01537193784633,78.37328101070177,484.37030728021165,6.084015905929403,1265,-3.0000511468710283,-4.448709367173009
3603,258.235,10.84592858613738,2541.516883295681,174.70486846088326,1945.179422605602,2544.1624060626305,98.01532484021489,78.37097562378213,484.3010693897619,6.084233327114523,1265,-3.000051160734426,-4.448237432803742
3604,258.245,10.846272651157422,2541.516702262693,174.700432109257,1945.1839092829553,2544.162287280633,98.01527774248775,78.3686705952083,484.2318335365566,6.084450741902079,1265,-3.0000511745976746,-4.447765532858253
3605,258.255,10.846616686126332,2541.516521227391,174.69599723457648,1945.188395835287,2544.162168497862,98.01523064466494,78.36636592486731,484.1625997202788,6.084668150293063,1265,-3.0000511884607732,-4.447293667327361
3606,258.265,10.846960691052487,2541.5163401897767,174.69156383619162,1945.1928822626176,2544.162049714318,98.01518354674643,78.36406161264615,484.09336794061176,6.084885552288473,1265,-3.0000512023237222,-4.446821836201916
3607,258.275,10.847304665944273,2541.5161591498504,174.68713191372782,1945.1973685649664,2544.161930930002,98.01513644873222,78.3617576584319,484.02413819723887,6.0851029478893,1265,-3.0000512161865225,-4.446350039472751
3608,258.28499999999997,10.847648610810072,2541.5159781076118,174.68270146655132,1945.2018547423545,2544.161812144913,98.01508935062232,78.35945406211165,483.9549104898434,6.08532033709654,1265,-3.000051230049174,-4.445878277130712
3609,258.29499999999996,10.847992525658254,2541.515797063062,174.67827249409137,1945.2063407948003,2544.1616933590512,98.01504225241673,78.35715082357254,483.8856848181091,6.085537719911185,1265,-3.0000512439116758,-4.445406549166635
3610,258.305,10.8483364104972,2541.515616016202,174.67384499600357,1945.210826722324,2544.161574572417,98.01499515411548,78.35484794270175,483.81646118171943,6.08575509633423,1265,-3.000051257774029,-4.444934855571367
3611,258.315,10.84868026533529,2541.5154349670306,174.66941897160345,1945.2153125249472,2544.1614557850107,98.01494805571855,78.35254541938653,483.7472395803581,6.085972466366666,1265,-3.0000512716362335,-4.444463196335758
3612,258.325,10.849024090180887,2541.515253915547,174.66499442045324,1945.219798202688,2544.1613369968295,98.01490095722592,78.35024325351412,483.6780200137091,6.086189830009487,1265,-3.0000512854982886,-4.4439915714506535
3613,258.335,10.849367885042364,2541.5150728617555,174.66057134192795,1945.224283755567,2544.161218207878,98.01485385863764,78.34794144497182,483.6088024814563,6.086407187263685,1265,-3.0000512993601958,-4.443519980906892
3614,258.34499999999997,10.84971164992809,2541.514891805654,174.65614973565164,1945.2287691836036,2544.1610994181538,98.01480675995367,78.34563999364697,483.5395869832836,6.086624538130251,1265,-3.0000513132219546,-4.443048424695331
3615,258.35499999999996,10.850055384846431,2541.514710747243,174.651729600958,1945.233254486817,2544.1609806276583,98.01475966117404,78.34333889942697,483.4703735188752,6.0868418826101784,1265,-3.0000513270835647,-4.442576902806798
3616,258.365,10.85039908980576,2541.5145296865244,174.64731093735443,1945.2377396652296,2544.1608618363903,98.01471256229874,78.34103816219921,483.40116208791534,6.087059220704457,1265,-3.000051340945026,-4.442105415232159
3617,258.375,10.850742764814429,2541.514348623495,174.64289374434668,1945.2422247188586,2544.160743044349,98.01466546332777,78.33873778185117,483.33195269008843,6.08727655241408,1265,-3.0000513548063394,-4.441633961962272
3618,258.385,10.851086409880807,2541.5141675581594,174.63847802140984,1945.2467096477246,2544.1606242515377,98.01461836426115,78.33643775827035,483.26274532507875,6.087493877740036,1265,-3.0000513686675045,-4.441162542987958
3619,258.395,10.85143002501325,2541.5139864905154,174.63406376796803,1945.251194451848,2544.1605054579536,98.01457126509888,78.33413809134429,483.1935399925709,6.0877111966833155,1265,-3.0000513825285213,-4.4406911583001065
3620,258.405,10.851773610220121,2541.5138054205636,174.62965098360598,1945.2556791312484,2544.160386663597,98.01452416584095,78.33183878096058,483.12433669224947,6.08792850924491,1265,-3.0000513963893907,-4.440219807889543
3621,258.41499999999996,10.852117165509776,2541.5136243483053,174.6252396677191,1945.2601636859463,2544.1602678684694,98.01447706648734,78.32953982700684,483.0551354237992,6.088145815425809,1265,-3.000051410250112,-4.439748491747135
3622,258.42499999999995,10.852460690890561,2541.51344327374,174.62082981975394,1945.26464811596,2544.16014907257,98.01442996703813,78.32724122937073,482.98593618690495,6.088363115227001,1265,-3.0000514241106853,-4.439277209863744
3623,258.435,10.852804186370838,2541.513262196869,174.6164214391981,1945.2691324213101,2544.1600302758998,98.01438286749324,78.32494298793993,482.9167389812516,6.088580408649476,1265,-3.0000514379711114,-4.4388059622302105
3624,258.445,10.853147651958947,2541.513081117692,174.6120145256016,1945.2736166020156,2544.1599114784576,98.01433576785271,78.32264510260221,482.84754380652424,6.088797695694224,1265,-3.000051451831389,-4.438334748837395
3625,258.455,10.853491087663256,2541.5129000362085,174.60760907837255,1945.278100658099,2544.1597926802438,98.01428866811655,78.32034757324534,482.7783506624079,6.089014976362231,1265,-3.0000514656915196,-4.437863569676168
3626,258.465,10.853834493492094,2541.51271895242,174.60320509697928,1945.282584589577,2544.159673881259,98.01424156828473,78.31805039975715,482.7091595485879,6.089232250654487,1265,-3.000051479551503,-4.437392424737369
3627,258.47499999999997,10.854177869453807,2541.5125378663265,174.59880258095058,1945.2870683964697,2544.1595550815027,98.01419446835729,78.3157535820255,482.63997046474947,6.08944951857198,1265,-3.000051493411338,-4.436921314011888
3628,258.485,10.854521215556751,2541.5123567779297,174.59440152977348,1945.291552078799,2544.1594362809756,98.01414736833419,78.31345711993829,482.5707834105781,6.089666780115698,1265,-3.0000515072710265,-4.4364502374905594
3629,258.495,10.854864531809259,2541.5121756872295,174.59000194288132,1945.2960356365832,2544.159317479679,98.01410026821547,78.31116101338344,482.50159838575917,6.089884035286627,1265,-3.000051521130568,-4.435979195164249
3630,258.505,10.855207818219672,2541.511994594224,174.5856038197394,1945.3005190698414,2544.1591986776098,98.01405316800114,78.30886526224896,482.43241538997836,6.090101284085753,1265,-3.000051534989962,-4.435508187023836
3631,258.515,10.855551074796335,2541.5118134989148,174.58120715982687,1945.3050023785959,2544.1590798747698,98.01400606769117,78.30656986642285,482.3632344229215,6.090318526514065,1265,-3.000051548849209,-4.435037213060179
3632,258.525,10.855894301547568,2541.511632401303,174.57681196273953,1945.3094855628628,2544.1589610711585,98.01395896728557,78.30427482579317,482.2940554842743,6.090535762572549,1265,-3.0000515627083097,-4.43456627326413
3633,258.53499999999997,10.85623749848173,2541.511451301389,174.57241822778363,1945.313968622666,2544.158842266778,98.01391186678437,78.30198014024805,482.22487857372266,6.09075299226219,1265,-3.0000515765672633,-4.434095367626572
3634,258.54499999999996,10.856580665607131,2541.5112701991725,174.568025954523,1945.3184515580213,2544.158723461626,98.01386476618752,78.2996858096756,482.1557036909527,6.090970215583975,1265,-3.0000515904260707,-4.433624496138364
3635,258.555,10.856923802932114,2541.511089094654,174.56363514246024,1945.3229343689507,2544.158604655703,98.01381766549507,78.29739183396397,482.08653083565036,6.091187432538889,1265,-3.000051604284731,-4.433153658790379
3636,258.565,10.857266910465013,2541.5109079878334,174.5592457909817,1945.3274170554744,2544.1584858490105,98.01377056470702,78.29509821300145,482.0173600075021,6.091404643127917,1265,-3.0000516181432446,-4.432682855573475
3637,258.575,10.857609988214138,2541.510726878713,174.55485789968384,1945.33189961761,2544.1583670415475,98.01372346382334,78.29280494667624,481.948191206194,6.091621847352044,1265,-3.0000516320016115,-4.432212086478548
3638,258.585,10.85795303618783,2541.5105457672903,174.55047146798117,1945.3363820553786,2544.158248233314,98.01367636284407,78.29051203487667,481.8790244314126,6.091839045212254,1265,-3.000051645859833,-4.431741351496436
3639,258.59499999999997,10.858296054394408,2541.510364653567,174.5460864953168,1945.3408643688,2544.15812942431,98.01362926176918,78.28821947749108,481.8098596828443,6.092056236709532,1265,-3.000051659717908,-4.431270650618046
3640,258.60499999999996,10.858639042842196,2541.5101835375453,174.54170298129827,1945.3453465578941,2544.1580106145375,98.01358216059869,78.28592727440781,481.7406969601758,6.092273421844862,1265,-3.0000516735758365,-4.430799983834227
3641,258.615,10.858982001539514,2541.5100024192234,174.5373209252462,1945.34982862268,2544.1578918039945,98.0135350593326,78.28363542551533,481.67153626309386,6.092490600619226,1265,-3.000051687433619,-4.43032935113586
3642,258.625,10.859324930494669,2541.509821298601,174.53294032677337,1945.3543105631763,2544.1577729926807,98.0134879579709,78.28134393070205,481.6023775912851,6.092707773033609,1265,-3.000051701291255,-4.429858752513826
3643,258.635,10.859667829715992,2541.5096401756805,174.52856118527413,1945.3587923794043,2544.1576541805975,98.01344085651364,78.2790527898565,481.5332209444366,6.092924939088995,1265,-3.000051715148746,-4.42938818795899
3644,258.645,10.860010699211799,2541.5094590504596,174.52418350026215,1945.363274071384,2544.1575353677435,98.01339375496077,78.27676200286717,481.4640663222352,6.093142098786363,1265,-3.0000517290060906,-4.428917657462247
3645,258.655,10.860353538990394,2541.509277922942,174.51980727127287,1945.367755639134,2544.157416554121,98.01334665331231,78.27447156962269,481.3949137243681,6.0933592521266995,1265,-3.0000517428632896,-4.428447161014465
3646,258.66499999999996,10.860696349060099,2541.5090967931264,174.51543249765618,1945.372237082675,2544.157297739729,98.01329955156827,78.27218149001165,481.3257631505225,6.093576399110983,1265,-3.0000517567203437,-4.42797669860652
3647,258.67499999999995,10.861039129429209,2541.5089156610125,174.5110591790018,1945.3767184020246,2544.1571789245677,98.01325244972864,78.26989176392269,481.25661460038566,6.093793539740197,1265,-3.000051770577252,-4.427506270229302
3648,258.685,10.861381880106045,2541.5087345266,174.50668731476853,1945.3811995972048,2544.1570601086355,98.01320534779342,78.26760239124451,481.18746807364494,6.094010674015323,1265,-3.0000517844340147,-4.42703587587369
3649,258.695,10.86172460109891,2541.508553389893,174.50231690444397,1945.3856806682345,2544.1569412919357,98.01315824576264,78.26531337186587,481.1183235699879,6.0942278019373415,1265,-3.0000517982906323,-4.426565515530559
3650,258.705,10.8620672924161,2541.508372250889,174.4979479474804,1945.3901616151322,2544.156822474466,98.01311114363625,78.2630247056755,481.04918108910215,6.0944449235072335,1265,-3.0000518121471047,-4.426095189190804
3651,258.715,10.862409954065928,2541.5081911095867,174.49358044336395,1945.3946424379192,2544.1567036562255,98.01306404141434,78.26073639256225,480.9800406306753,6.09466203872598,1265,-3.0000518260034315,-4.4256248968453065
3652,258.72499999999997,10.862752586056692,2541.5080099659904,174.4892143916312,1945.399123136614,2544.156584837219,98.01301693909681,78.25844843241494,480.9109021943952,6.09487914759456,1265,-3.000051839859614,-4.425154638484934
3653,258.735,10.86309518839669,2541.5078288200984,174.48484979173804,1945.4036037112373,2544.1564660174417,98.01296983668374,78.25616082512248,480.8417657799497,6.095096250113956,1265,-3.0000518537156506,-4.4246844141006
3654,258.745,10.863437761094213,2541.5076476719114,174.48048664306452,1945.4080841618065,2544.1563471968957,98.0129227341751,78.25387357057379,480.7726313870268,6.095313346285145,1265,-3.0000518675715435,-4.424214223683187
3655,258.755,10.86378030415757,2541.507466521429,174.47612494524233,1945.4125644883445,2544.156228375581,98.01287563157089,78.25158666865784,480.7034990153146,6.095530436109107,1265,-3.000051881427291,-4.4237440672235655
3656,258.765,10.864122817595042,2541.507285368653,174.47176469771557,1945.417044690868,2544.1561095534985,98.01282852887113,78.24930011926364,480.6343686645013,6.095747519586822,1265,-3.000051895282894,-4.423273944712646
3657,258.775,10.864465301414928,2541.5071042135824,174.46740589991543,1945.4215247693978,2544.155990730647,98.0127814260758,78.24701392228025,480.5652403342752,6.095964596719266,1265,-3.000051909138352,-4.422803856141307
3658,258.78499999999997,10.864807755625513,2541.506923056218,174.4630485513665,1945.4260047239538,2544.1558719070263,98.01273432318492,78.24472807759672,480.4961140243246,6.09618166750742,1265,-3.0000519229936664,-4.422333801500454
3659,258.79499999999996,10.865150180235092,2541.5067418965596,174.4586926515605,1945.430484554555,2544.155753082637,98.01268722019849,78.24244258510222,480.426989734338,6.09639873195226,1265,-3.000051936848836,-4.421863780780963
3660,258.805,10.865492575251949,2541.5065607346082,174.45433819996964,1945.4349642612217,2544.1556342574795,98.01264011711652,78.24015744468589,480.35786746400396,6.0966157900547655,1265,-3.0000519507038614,-4.421393793973733
3661,258.815,10.865834940684362,2541.506379570365,174.44998519607822,1945.4394438439722,2544.1555154315542,98.01259301393898,78.23787265623696,480.28874721301116,6.096832841815914,1265,-3.0000519645587422,-4.4209238410696585
3662,258.825,10.866177276540625,2541.506198403829,174.4456336394113,1945.4439233028284,2544.15539660486,98.01254591066592,78.23558821964464,480.2196289810484,6.097049887236681,1265,-3.0000519784134796,-4.42045392205965
3663,258.835,10.866519582829014,2541.506017235001,174.44128352936542,1945.4484026378075,2544.1552777773986,98.0124988072973,78.23330413479823,480.1505127678045,6.097266926318044,1265,-3.0000519922680726,-4.4199840369345775
3664,258.84499999999997,10.866861859557803,2541.5058360638795,174.43693486552007,1945.452881848929,2544.1551589491673,98.01245170383316,78.23102040158706,480.08139857296857,6.09748395906098,1265,-3.000052006122522,-4.419514185685369
3665,258.85499999999996,10.867204106735272,2541.505654890469,174.43258764727986,1945.4573609362135,2544.15504012017,98.01240460027347,78.22873701990048,480.01228639622946,6.0977009854664646,1265,-3.0000520199768275,-4.4190443683029
3666,258.865,10.867546324369707,2541.5054737147657,174.42824187414908,1945.4618398996813,2544.154921290403,98.01235749661826,78.22645398962788,479.9431762372765,6.097918005535475,1265,-3.000052033830989,-4.41857458477808
3667,258.875,10.867888512469369,2541.5052925367722,174.4238975456783,1945.4663187393503,2544.1548024598687,98.01231039286752,78.22417131065873,479.8740680957988,6.098135019268985,1265,-3.0000520476850068,-4.418104835101812
3668,258.885,10.868230671042541,2541.5051113564873,174.41955466133254,1945.4707974552418,2544.1546836285665,98.01226328902123,78.22188898288248,479.8049619714859,6.09835202666797,1265,-3.0000520615388817,-4.417635119264993
3669,258.895,10.868572800097489,2541.5049301739145,174.4152132205663,1945.4752760473734,2544.1545647964977,98.01221618507942,78.21960700618867,479.735857864027,6.098569027733406,1265,-3.000052075392613,-4.417165437258521
3670,258.905,10.868914899642471,2541.504748989051,174.41087322283988,1945.4797545157646,2544.154445963661,98.0121690810421,78.21732538046683,479.6667557731119,6.0987860224662676,1265,-3.000052089246201,-4.416695789073303
3671,258.91499999999996,10.869256969685773,2541.504567801898,174.40653466765292,1945.4842328604373,2544.1543271300557,98.01212197690926,78.21504410560658,479.5976556984301,6.099003010867528,1265,-3.0000521030996454,-4.416226174700256
3672,258.92499999999995,10.869599010235648,2541.504386612456,174.40219755458384,1945.4887110814084,2544.154208295684,98.01207487268087,78.21276318149755,479.5285576396715,6.0992199929381625,1265,-3.000052116952947,-4.415756594130276
3673,258.935,10.869941021300367,2541.504205420726,174.39786188308517,1945.4931891786994,2544.1540894605446,98.012027768357,78.2104826080294,479.4594615965257,6.099436968679144,1265,-3.0000521308061057,-4.415287047354253
3674,258.945,10.870283002888183,2541.5040242267073,174.39352765253932,1945.497667152328,2544.1539706246385,98.0119806639376,78.20820238509187,479.3903675686829,6.099653938091446,1265,-3.0000521446591213,-4.414817534363126
3675,258.955,10.870624955007361,2541.5038430304003,174.3891948625477,1945.502145002315,2544.1538517879644,98.0119335594227,78.20592251257467,479.321275555833,6.099870901176043,1265,-3.000052158511994,-4.414348055147796
3676,258.965,10.870966877666165,2541.5036618318054,174.3848635125363,1945.50662272868,2544.1537329505236,98.01188645481228,78.20364299036763,479.2521855576662,6.100087857933907,1265,-3.0000521723647235,-4.413878609699155
3677,258.97499999999997,10.87130877087284,2541.5034806309236,174.38053360206393,1945.5111003314412,2544.1536141123156,98.01183935010638,78.20136381836055,479.1830975738727,6.100304808366009,1265,-3.0000521862173106,-4.413409198008132
3678,258.985,10.871650634635651,2541.5032994277553,174.37620513054478,1945.51557781062,2544.1534952733414,98.01179224530496,78.19908499644333,479.1140116041428,6.100521752473323,1265,-3.0000522000697556,-4.412939820065628
3679,258.995,10.871992468962837,2541.5031182222997,174.3718780975347,1945.520055166233,2544.1533764335995,98.01174514040805,78.19680652450586,479.044927648167,6.10073869025682,1265,-3.000052213922057,-4.412470475862565
3680,259.005,10.872334273862663,2541.5029370145576,174.36755250241458,1945.524532398302,2544.153257593091,98.01169803541563,78.19452840243808,478.9758457056358,6.100955621717473,1265,-3.0000522277742165,-4.412001165389845
3681,259.015,10.872676049343374,2541.5027558045304,174.36322834478466,1945.529009506846,2544.1531387518166,98.01165093032772,78.19225063012999,478.90676577623987,6.101172546856251,1265,-3.0000522416262343,-4.411531888638393
3682,259.025,10.873017795413217,2541.5025745922167,174.3589056241118,1945.533486491884,2544.153019909775,98.01160382514432,78.1899732074716,478.8376878596698,6.101389465674127,1265,-3.000052255478109,-4.4110626455991335
3683,259.03499999999997,10.873359512080436,2541.502393377618,174.35458433985852,1945.537963353436,2544.1529010669665,98.01155671986544,78.18769613435298,478.7686119556165,6.10160637817207,1265,-3.0000522693298426,-4.4105934362629595
3684,259.04499999999996,10.873701199353278,2541.5022121607344,174.35026449153878,1945.5424400915206,2544.1527822233925,98.01150961449106,78.18541941066422,478.6995380637709,6.1018232843510525,1265,-3.0000522831814336,-4.410124260620803
3685,259.055,10.874042857239989,2541.502030941566,174.34594607865958,1945.546916706159,2544.152663379052,98.01146250902121,78.18314303629549,478.63046618382396,6.102040184212043,1265,-3.000052297032883,-4.40965511866358
3686,259.065,10.874384485748793,2541.501849720114,174.3416291006157,1945.5513931973674,2544.1525445339453,98.01141540345587,78.18086701113694,478.5613963154669,6.102257077756011,1265,-3.00005231088419,-4.409186010382205
3687,259.075,10.874726084887952,2541.5016684963775,174.33731355703878,1945.5558695651687,2544.1524256880725,98.01136829779506,78.1785913350788,478.49232845839083,6.102473964983927,1265,-3.0000523247353557,-4.408716935767619
3688,259.085,10.875067654665685,2541.5014872703573,174.3329994472962,1945.5603458095798,2544.1523068414335,98.01132119203876,78.17631600801136,478.4232626122871,6.10269084589676,1265,-3.00005233858638,-4.408247894810719
3689,259.09499999999997,10.875409195090233,2541.501306042054,174.32868677096036,1945.5648219306215,2544.1521879940283,98.011274086187,78.17404102982485,478.3541987768471,6.1029077204954785,1265,-3.0000523524372626,-4.407778887502454
3690,259.10499999999996,10.87575070616983,2541.501124811467,174.32437552749983,1945.5692979283122,2544.1520691458563,98.01122698023977,78.17176640040964,478.2851369517623,6.103124588781051,1265,-3.000052366288004,-4.407309913833727
3691,259.115,10.876092187912711,2541.500943578598,174.3200657163825,1945.5737738026723,2544.15195029692,98.01117987419707,78.1694921196561,478.2160771367243,6.103341450754446,1265,-3.0000523801386034,-4.406840973795461
3692,259.125,10.876433640327102,2541.500762343446,174.31575733717153,1945.578249553721,2544.151831447217,98.0111327680589,78.16721818745465,478.14701933142493,6.103558306416631,1265,-3.0000523939890615,-4.406372067378596
3693,259.135,10.87677506342123,2541.5005811060123,174.3114503892666,1945.582725181477,2544.1517125967484,98.01108566182528,78.16494460369572,478.07796353555574,6.103775155768575,1265,-3.0000524078393793,-4.4059031945740585
3694,259.145,10.87711645720333,2541.500399866298,174.307144872164,1945.5872006859609,2544.1515937455156,98.01103855549619,78.16267136826981,478.0089097488088,6.103991998811243,1265,-3.0000524216895554,-4.405434355372757
3695,259.155,10.87745782168161,2541.5002186243005,174.3028407854508,1945.5916760671898,2544.1514748935156,98.01099144907164,78.16039848106746,477.939857970876,6.104208835545605,1265,-3.000052435539591,-4.4049655497656515
3696,259.16499999999996,10.877799156864311,2541.5000373800226,174.29853812855117,1945.5961513251852,2544.15135604075,98.01094434255164,78.15812594197921,477.87080820144945,6.104425665972625,1265,-3.0000524493894853,-4.40449677774364
3697,259.17499999999995,10.878140462759644,2541.499856133464,174.29423690099168,1945.600626459966,2544.15123718722,98.0108972359362,78.15585375089569,477.8017604402214,6.10464249009327,1265,-3.0000524632392387,-4.4040280392976765
3698,259.185,10.87848173937583,2541.4996748846256,174.28993710225524,1945.6051014715513,2544.151118332925,98.01085012922529,78.15358190770752,477.732714686884,6.104859307908507,1265,-3.0000524770888517,-4.403559334418679
3699,259.195,10.878822986721092,2541.4994936335065,174.28563873180667,1945.6095763599606,2544.150999477864,98.01080302241894,78.1513104123054,477.6636709411296,6.1050761194193015,1265,-3.000052490938324,-4.40309066309759
3700,259.205,10.879164204803638,2541.4993123801087,174.2813417891354,1945.6140511252124,2544.150880622039,98.01075591551714,78.14903926458005,477.5946292026509,6.105292924626619,1265,-3.0000525047876563,-4.4026220253253365
3701,259.215,10.879505393631685,2541.4991311244307,174.27704627381573,1945.618525767327,2544.1507617654484,98.0107088085199,78.14676846442222,477.5255894711402,6.105509723531425,1265,-3.0000525186368474,-4.402153421092863
3702,259.22499999999997,10.879846553213449,2541.4989498664736,174.27275218524989,1945.6230002863238,2544.150642908093,98.01066170142722,78.1444980117227,477.4565517462903,6.105726516134683,1265,-3.0000525324858995,-4.401684850391087
3703,259.235,10.880187683557134,2541.4987686062364,174.26845952296156,1945.627474682221,2544.150524049971,98.01061459423912,78.14222790637236,477.387516027794,6.105943302437359,1265,-3.00005254633481,-4.401216313210971
3704,259.245,10.880528784670952,2541.498587343722,174.26416828646015,1945.6319489550385,2544.150405191086,98.01056748695558,78.13995814826202,477.31848231534406,6.106160082440416,1265,-3.0000525601835815,-4.400747809543434
3705,259.255,10.880869856563116,2541.49840607893,174.25987847528097,1945.6364231047967,2544.1502863314367,98.0105203795766,78.13768873728264,477.2494506086335,6.10637685614482,1265,-3.0000525740322126,-4.400279339379412
3706,259.265,10.881210899241827,2541.49822481186,174.2555900888603,1945.640897131514,2544.1501674710216,98.01047327210222,78.13541967332516,477.18042090735526,6.106593623551533,1265,-3.000052587880704,-4.3998109027098655
3707,259.275,10.881551912715281,2541.4980435425127,174.25130312672422,1945.6453710352084,2544.1500486098435,98.01042616453239,78.13315095628056,477.1113932112025,6.106810384661519,1265,-3.0000526017290556,-4.39934249952571
3708,259.28499999999997,10.881892896991692,2541.4978622708873,174.24701758828405,1945.6498448159011,2544.1499297478995,98.01037905686715,78.13088258603986,477.04236751986855,6.107027139475741,1265,-3.000052615577267,-4.398874129817905
3709,259.29499999999996,10.882233852079253,2541.4976809969858,174.24273347315216,1945.6543184736106,2544.149810885192,98.01033194910647,78.12861456249415,476.9733438330467,6.107243887995162,1265,-3.000052629425339,-4.3984057935773935
3710,259.305,10.88257477798617,2541.4974997208074,174.23845078079478,1945.658792008357,2544.14969202172,98.01028484125038,78.12634688553453,476.9043221504304,6.107460630220745,1265,-3.0000526432732713,-4.397937490795105
3711,259.315,10.882915674720632,2541.4973184423525,174.2341695106429,1945.6632654201587,2544.1495731574832,98.0102377332989,78.12407955505213,476.83530247171325,6.107677366153451,1265,-3.000052657121064,-4.397469221462002
3712,259.325,10.883256542290836,2541.4971371616216,174.22988966227535,1945.6677387090347,2544.149454292483,98.01019062525197,78.12181257093815,476.76628479658865,6.107894095794243,1265,-3.0000526709687176,-4.397000985569025
3713,259.335,10.883597380704975,2541.496955878617,174.22561123515206,1945.6722118750047,2544.1493354267195,98.01014351710964,78.11954593308378,476.6972691247505,6.1081108191440805,1265,-3.0000526848162323,-4.3965327831071095
3714,259.34499999999997,10.88393818997124,2541.496774593335,174.2213342287791,1945.6766849180876,2544.149216560191,98.0100964088719,78.11727964138029,476.6282554558926,6.1083275362039275,1265,-3.000052698663608,-4.396064614067217
3715,259.35499999999996,10.88427897009782,2541.496593305778,174.21705864263956,1945.6811578383029,2544.149097692898,98.01004930053878,78.115013695719,476.5592437897089,6.108544246974742,1265,-3.000052712510844,-4.395596478440299
3716,259.365,10.884619721092909,2541.496412015948,174.21278447628194,1945.6856306356706,2544.148978824843,98.01000219211025,78.11274809599122,476.49023412589327,6.108760951457487,1265,-3.0000527263579415,-4.3951283762172775
3717,259.375,10.884960442964687,2541.496230723843,174.20851172916176,1945.6901033102088,2544.148859956023,98.0099550835863,78.11048284208832,476.4212264641399,6.108977649653124,1265,-3.0000527402049,-4.394660307389137
3718,259.385,10.885301135721344,2541.4960494294637,174.20424040075102,1945.6945758619377,2544.14874108644,98.00990797496696,78.10821793390173,476.35222080414303,6.109194341562609,1265,-3.00005275405172,-4.394192271946818
3719,259.395,10.885641799371058,2541.4958681328094,174.19997049058415,1945.6990482908757,2544.1486222160925,98.00986086625223,78.10595337132288,476.2832171455969,6.109411027186904,1265,-3.0000527678984006,-4.393724269881268
3720,259.405,10.885982433922008,2541.4956868338836,174.19570199814777,1945.7035205970417,2544.1485033449826,98.00981375744212,78.10368915424328,476.214215488196,6.10962770652697,1265,-3.0000527817449436,-4.393256301183444
3721,259.41499999999996,10.886323039382377,2541.495505532684,174.1914349229718,1945.7079927804555,2544.1483844731088,98.0097666485366,78.10142528255443,476.14521583163463,6.109844379583763,1265,-3.0000527955913476,-4.3927883658443
3722,259.42499999999995,10.886663615760346,2541.4953242292113,174.18716926447806,1945.712464841137,2544.1482656004714,98.0097195395357,78.09916175614791,476.07621817560755,6.110061046358245,1265,-3.0000528094376135,-4.392320463854795
3723,259.435,10.887004163064082,2541.495142923468,174.18290502225176,1945.716936779104,2544.148146727073,98.00967243043941,78.09689857491531,476.0072225198094,6.110277706851372,1265,-3.000052823283741,-4.391852595205876
3724,259.445,10.887344681301771,2541.49496161545,174.1786421957209,1945.7214085943772,2544.148027852908,98.00962532124774,78.09463573874828,475.9382288639349,6.110494361064103,1265,-3.00005283712973,-4.391384759888525
3725,259.455,10.88768517048157,2541.4947803051614,174.17438078451184,1945.7258802869735,2544.1479089779823,98.00957821196067,78.0923732475385,475.86923720767896,6.110711008997398,1265,-3.0000528509755817,-4.390916957893675
3726,259.465,10.888025630611663,2541.4945989926005,174.1701207879612,1945.7303518569147,2544.1477901022927,98.00953110257828,78.0901111011777,475.80024755073663,6.1109276506522106,1265,-3.0000528648212947,-4.390449189212296
3727,259.47499999999997,10.88836606170021,2541.494417677769,174.1658622057023,1945.7348233042187,2544.1476712258404,98.00948399310049,78.08784929955759,475.7312598928028,6.111144286029502,1265,-3.00005287866687,-4.389981453835354
3728,259.485,10.888706463755385,2541.494236360667,174.16160503713243,1945.7392946289044,2544.1475523486256,98.00943688352731,78.08558784256999,475.66227423357276,6.111360915130227,1265,-3.0000528925123082,-4.389513751753796
3729,259.495,10.889046836785345,2541.4940550412944,174.15734928182317,1945.7437658309912,2544.147433470649,98.00938977385879,78.08332673010673,475.59329057274175,6.111577537955343,1265,-3.000052906357608,-4.389046082958597
3730,259.505,10.889387180798265,2541.4938737196503,174.15309493925153,1945.7482369104987,2544.147314591908,98.00934266409489,78.0810659620597,475.5243089100051,6.111794154505806,1265,-3.0000529202027706,-4.388578447440721
3731,259.515,10.88972749580229,2541.4936923957366,174.1488420089102,1945.7527078674448,2544.1471957124045,98.00929555423565,78.07880553832076,475.45532924505835,6.112010764782574,1265,-3.0000529340477957,-4.3881108451911315
3732,259.525,10.890067781805604,2541.4935110695546,174.14459049029583,1945.757178701851,2544.1470768321406,98.00924844428103,78.07654545878188,475.38635157759694,6.112227368786601,1265,-3.0000529478926827,-4.387643276200787
3733,259.53499999999997,10.890408038816346,2541.4933297411026,174.14034038293076,1945.7616494137346,2544.1469579511136,98.00920133423105,78.07428572333504,475.31737590731655,6.112443966518843,1265,-3.000052961737433,-4.387175740460663
3734,259.54499999999996,10.89074826684268,2541.493148410381,174.13609168635205,1945.7661200031148,2544.146839069323,98.00915422408572,78.07202633187225,475.2484022339128,6.112660557980255,1265,-3.000052975582046,-4.3867082379617175
3735,259.555,10.891088465892757,2541.4929670773918,174.13184439995425,1945.7705904700106,2544.146720186772,98.00910711384503,78.06976728428558,475.1794305570817,6.112877143171791,1265,-3.0000529894265218,-4.386240768694932
3736,259.565,10.891428635974735,2541.492785742131,174.12759852336305,1945.775060814442,2544.146601303456,98.00906000350902,78.06750858046712,475.110460876519,6.113093722094408,1265,-3.0000530032708603,-4.385773332651271
3737,259.575,10.891768777096766,2541.492604404605,174.12335405599018,1945.779531036428,2544.1464824193804,98.00901289307762,78.06525022030903,475.04149319192095,6.113310294749059,1265,-3.0000530171150626,-4.3853059298216985
3738,259.585,10.892108889266995,2541.492423064811,174.11911099737807,1945.7840011359867,2544.146363534543,98.0089657825509,78.06299220370343,474.9725275029835,6.113526861136699,1265,-3.0000530309591276,-4.384838560197199
3739,259.59499999999997,10.892448972493568,2541.4922417227494,174.11486934701864,1945.7884711131376,2544.1462446489427,98.00891867192885,78.06073453054256,474.9035638094029,6.113743421258281,1265,-3.0000530448030562,-4.384371223768729
3740,259.60499999999996,10.892789026784648,2541.4920603784194,174.1106291044119,1945.7929409679014,2544.1461257625815,98.00887156121145,78.05847720071867,474.8346021108754,6.113959975114758,1265,-3.000053058646848,-4.38390392052728
3741,259.615,10.893129052148353,2541.4918790318225,174.10639026909217,1945.7974107002942,2544.1460068754573,98.00882445039872,78.05622021412404,474.76564240709746,6.1141765227070834,1265,-3.0000530724905037,-4.383436650463821
3742,259.625,10.89346904859285,2541.491697682958,174.1021528405769,1945.801880310338,2544.145887987571,98.00877733949063,78.053963570651,474.6966846977656,6.114393064036212,1265,-3.0000530863340225,-4.38296941356932
3743,259.635,10.893809016126262,2541.491516331829,174.09791681829088,1945.806349798049,2544.145769098924,98.00873022848722,78.05170727019191,474.62772898257634,6.114609599103093,1265,-3.0000531001774045,-4.38250220983476
3744,259.645,10.894148954756744,2541.491334978434,174.09368220176768,1945.8108191634497,2544.1456502095166,98.00868311738849,78.04945131263916,474.55877526122646,6.114826127908681,1265,-3.000053114020651,-4.382035039251122
3745,259.655,10.894488864492423,2541.491153622773,174.08944899056794,1945.8152884065566,2544.145531319347,98.00863600619442,78.04719569788517,474.4898235334126,6.115042650453927,1265,-3.000053127863761,-4.381567901809369
3746,259.66499999999996,10.894828745341439,2541.4909722648467,174.08521718407025,1945.8197575273891,2544.1454124284164,98.00858889490503,78.04494042582246,474.42087379883185,6.115259166739784,1265,-3.0000531417067355,-4.381100797500499
3747,259.67499999999995,10.89516859731192,2541.4907909046533,174.0809867819262,1945.8242265259664,2544.145293536723,98.00854178352031,78.0426854963435,474.3519260571811,6.115475676767201,1265,-3.000053155549574,-4.380633726315498
3748,259.685,10.89550842041201,2541.490609542197,174.0767577836057,1945.8286954023083,2544.1451746442704,98.00849467204029,78.04043090934086,474.28298030815733,6.115692180537131,1265,-3.0000531693922765,-4.380166688245316
3749,259.695,10.895848214649833,2541.490428177476,174.07253018856363,1945.8331641564337,2544.145055751056,98.00844756046494,78.03817666470711,474.21403655145775,6.115908678050525,1265,-3.0000531832348436,-4.379699683280965
3750,259.705,10.89618798003352,2541.49024681049,174.06830399632028,1945.837632788361,2544.14493685708,98.00840044879426,78.03592276233489,474.1450947867796,6.116125169308331,1265,-3.0000531970772744,-4.3792327114134135
3751,259.715,10.896527716571192,2541.49006544124,174.06407920641428,1945.8421012981087,2544.1448179623435,98.00835333702831,78.03366920211685,474.0761550138203,6.116341654311501,1265,-3.00005321091957,-4.3787657726336615
3752,259.72499999999997,10.89686742427098,2541.489884069727,174.05985581825541,1945.8465696856963,2544.1446990668464,98.00830622516703,78.03141598394572,474.0072172322773,6.116558133060985,1265,-3.0000532247617304,-4.3782988669326715
3753,259.735,10.897207103141014,2541.48970269595,174.05563383154447,1945.8510379511445,2544.144580170588,98.00825911321044,78.0291631077142,473.93828144184806,6.1167746055577314,1265,-3.000053238603755,-4.377831994301447
3754,259.745,10.8975467531894,2541.4895213199097,174.0514132455299,1945.8555060944695,2544.1444612735695,98.00821200115855,78.02691057331509,473.8693476422303,6.116991071802691,1265,-3.000053252445645,-4.377365154730979
3755,259.755,10.897886374424278,2541.489339941608,174.04719405994484,1945.859974115693,2544.1443423757914,98.00816488901137,78.02465838064118,473.8004158331217,6.117207531796812,1265,-3.000053266287399,-4.376898348212238
3756,259.765,10.898225966853751,2541.489158561042,174.04297627419388,1945.8644420148316,2544.144223477251,98.0081177767689,78.02240652958535,473.7314860142201,6.117423985541044,1265,-3.0000532801290185,-4.37643157473623
3757,259.775,10.898565530485936,2541.4889771782146,174.0387598877834,1945.868909791905,2544.1441045779507,98.00807066443113,78.02015502004048,473.6625581852234,6.117640433036334,1265,-3.000053293970503,-4.3759648342939395
3758,259.78499999999997,10.898905065328963,2541.488795793125,174.03454490023745,1945.8733774469335,2544.1439856778907,98.00802355199806,78.01790385189948,473.5936323458297,6.11785687428363,1265,-3.0000533078118528,-4.375498126876369
3759,259.79499999999996,10.899244571390932,2541.4886144057746,174.03033131108242,1945.8778449799347,2544.14386677707,98.00797643946972,78.01565302505531,473.52470849573706,6.11807330928388,1265,-3.000053321653068,-4.375031452474484
3760,259.805,10.899584048679959,2541.4884330161617,174.02611911980043,1945.882312390928,2544.1437478754888,98.00792932684607,78.013402539401,473.4557866346437,6.118289738038033,1265,-3.000053335494148,-4.374564811079306
3761,259.815,10.899923497204156,2541.4882516242883,174.0219083258996,1945.8867796799325,2544.1436289731478,98.00788221412714,78.01115239482955,473.3868667622478,6.118506160547035,1265,-3.000053349335094,-4.374098202681818
3762,259.825,10.900262916971633,2541.488070230153,174.01769892884738,1945.8912468469673,2544.143510070046,98.00783510131292,78.00890259123406,473.31794887824793,6.118722576811833,1265,-3.0000533631759048,-4.373631627273023
3763,259.835,10.900602307990493,2541.4878888337594,174.01349092823864,1945.8957138920512,2544.1433911661857,98.00778798840344,78.00665312850764,473.2490329823425,6.118938986833373,1265,-3.000053377016582,-4.373165084843892
3764,259.84499999999997,10.900941670268839,2541.487707435103,174.00928432352444,1945.900180815202,2544.1432722615637,98.00774087539867,78.00440400654342,473.1801190742301,6.119155390612603,1265,-3.0000533908571243,-4.372698575385449
3765,259.85499999999996,10.901281003814779,2541.487526034189,174.00507911423725,1945.9046476164406,2544.143153356184,98.00769376229864,78.00215522523463,473.1112071536094,6.119371788150467,1265,-3.0000534046975322,-4.372232098888684
3766,259.865,10.901620308636412,2541.487344631014,174.00087529988417,1945.9091142957848,2544.1430344500427,98.00764664910334,77.99990678447446,473.04229722017925,6.119588179447911,1265,-3.000053418537807,-4.371765655344601
3767,259.875,10.901959584741839,2541.48716322558,173.99667287995518,1945.9135808532537,2544.142915543143,98.00759953581276,77.9976586841562,472.97338927363836,6.119804564505881,1265,-3.000053432377947,-4.371299244744195
3768,259.885,10.90229883213915,2541.4869818178868,173.9924718539974,1945.9180472888659,2544.142796635483,98.00755242242691,77.99541092417313,472.9044833136859,6.120020943325323,1265,-3.000053446217954,-4.370832867078468
3769,259.895,10.902638050836451,2541.486800407936,173.98827222148486,1945.9225136026405,2544.142677727065,98.00750530894578,77.99316350441859,472.8355793400208,6.120237315907182,1265,-3.000053460057827,-4.370366522338424
3770,259.905,10.902977240841835,2541.4866189957247,173.98407398197747,1945.9269797945965,2544.142558817886,98.00745819536941,77.99091642478595,472.76667735234224,6.120453682252399,1265,-3.0000534738975655,-4.369900210515064
3771,259.91499999999996,10.903316402163394,2541.4864375812563,173.97987713488152,1945.9314458647532,2544.142439907948,98.0074110816978,77.98866968516865,472.6977773503494,6.1206700423619225,1265,-3.0000534877371714,-4.369433931599396
3772,259.92499999999995,10.903655534809223,2541.48625616453,173.97568167981404,1945.93591181313,2544.1423209972513,98.0073639679309,77.98642328546008,472.62887933374174,6.120886396236694,1265,-3.000053501576643,-4.368967685582424
3773,259.935,10.903994638787402,2541.4860747455464,173.97148761624186,1945.9403776397435,2544.142202085796,98.00731685406875,77.98417722555378,472.5599833022186,6.121102743877658,1265,-3.000053515415982,-4.368501472455158
3774,259.945,10.90433371410603,2541.485893324305,173.9672949436894,1945.9448433446153,2544.142083173581,98.00726974011134,77.98193150534327,472.4910892554795,6.121319085285758,1265,-3.0000535292551875,-4.368035292208591
3775,259.955,10.904672760773183,2541.4857119008066,173.96310366165577,1945.9493089277614,2544.141964260607,98.0072226260587,77.97968612472208,472.4221971932242,6.121535420461936,1265,-3.0000535430942596,-4.367569144833755
3776,259.965,10.905011778796952,2541.485530475051,173.95891376967916,1945.9537743892035,2544.141845346873,98.00717551191079,77.97744108358384,472.35330711515223,6.121751749407135,1265,-3.000053556933199,-4.3671030303216405
3777,259.97499999999997,10.90535076818542,2541.4853490470396,173.95472526720283,1945.9582397289594,2544.1417264323823,98.00712839766767,77.97519638182216,472.2844190209635,6.121968072122299,1265,-3.000053570772005,-4.3666369486632615
3778,259.985,10.905689728946665,2541.4851676167714,173.95053815381073,1945.9627049470475,2544.141607517132,98.00708128332928,77.97295201933072,472.2155329103579,6.1221843886083676,1265,-3.0000535846106784,-4.36617089984963
3779,259.995,10.906028661088767,2541.4849861842467,173.94635242898954,1945.967170043487,2544.141488601122,98.00703416889569,77.97070799600323,472.1466487830356,6.122400698866286,1265,-3.000053598449219,-4.3657048838717705
3780,260.005,10.906367564619801,2541.4848047494675,173.94216809225205,1945.9716350182962,2544.1413696843542,98.00698705436685,77.96846431173346,472.07776663869635,6.122617002896992,1265,-3.0000536122876267,-4.365238900720675
3781,260.015,10.90670643954785,2541.4846233124313,173.93798514308958,1945.976099871495,2544.1412507668274,98.00693993974276,77.96622096641516,472.00888647704056,6.122833300701429,1265,-3.0000536261259025,-4.364772950387373
3782,260.025,10.907045285880983,2541.4844418731423,173.9338035810657,1945.9805646031018,2544.1411318485434,98.00689282502346,77.96397795994217,471.9400082977685,6.123049592280538,1265,-3.0000536399640447,-4.3643070328628735
3783,260.03499999999997,10.907384103627273,2541.4842604315972,173.92962340565026,1945.9850292131352,2544.141012929501,98.0068457102089,77.96173529220835,471.87113210058044,6.12326587763526,1265,-3.0000536538020555,-4.363841148138189
3784,260.04499999999996,10.907722892794787,2541.4840789877976,173.92544461632667,1945.989493701614,2544.1408940096994,98.00679859529914,77.95949296310758,471.8022578851769,6.123482156766534,1265,-3.000053667639934,-4.363375296204356
3785,260.055,10.908061653391604,2541.4838975417433,173.92126721270665,1945.9939580685575,2544.14077508914,98.00675148029417,77.95725097253379,471.7333856512585,6.123698429675302,1265,-3.00005368147768,-4.362909477052364
3786,260.065,10.908400385425788,2541.4837160934358,173.91709119426008,1945.9984223139847,2544.1406561678227,98.00670436519397,77.95500932038098,471.6645153985259,6.123914696362501,1265,-3.0000536953152936,-4.362443690673249
3787,260.075,10.908739088905397,2541.483534642874,173.91291656045678,1946.0028864379135,2544.1405372457475,98.00665724999854,77.95276800654314,471.5956471266798,6.124130956829073,1265,-3.000053709152775,-4.361977937058038
3788,260.085,10.909077763838496,2541.483353190058,173.908743310834,1946.0073504403622,2544.140418322913,98.00661013470791,77.95052703091429,471.52678083542105,6.124347211075956,1265,-3.0000537229901254,-4.361512216197738
3789,260.09499999999997,10.909416410233158,2541.4831717349903,173.90457144494218,1946.0118143213517,2544.140299399322,98.00656301932207,77.94828639338854,471.4579165244505,6.12456345910409,1265,-3.0000537368273434,-4.361046528083372
3790,260.10499999999996,10.909755028097436,2541.4829902776683,173.90040096225917,1946.0162780808994,2544.1401804749726,98.006515903841,77.94604609386002,471.3890541934694,6.124779700914413,1265,-3.00005375066443,-4.360580872705981
3791,260.115,10.910093617439388,2541.4828088180943,173.8962318623376,1946.0207417190243,2544.140061549866,98.00646878826474,77.94380613222285,471.32019384217864,6.124995936507863,1265,-3.0000537645013847,-4.360115250056568
3792,260.125,10.910432178267074,2541.4826273562685,173.892064144611,1946.0252052357453,2544.1399426240014,98.00642167259326,77.94156650837124,471.2513354702796,6.125212165885377,1265,-3.0000537783382084,-4.359649660126162
3793,260.135,10.910770710588546,2541.4824458921908,173.88789780869627,1946.0296686310803,2544.1398236973805,98.00637455682661,77.9393272221994,471.18247907747354,6.1254283890478955,1265,-3.0000537921749006,-4.359184102905795
3794,260.145,10.911109214411862,2541.48226442586,173.88373285400164,1946.0341319050492,2544.1397047700007,98.00632744096475,77.93708827360162,471.11362466346185,6.125644605996354,1265,-3.000053806011462,-4.358718578386497
3795,260.155,10.91144768974507,2541.482082957278,173.87956928016635,1946.0385950576708,2544.139585841864,98.00628032500767,77.93484966247217,471.04477222794605,6.12586081673169,1265,-3.000053819847891,-4.358253086559288
3796,260.16499999999996,10.911786136596223,2541.481901486445,173.8754070865952,1946.0430580889629,2544.13946691297,98.00623320895541,77.93261138870544,470.9759217706277,6.126077021254841,1265,-3.0000538336841904,-4.357787627415194
3797,260.17499999999995,10.912124554973374,2541.4817200133607,173.871246272908,1946.0475209989459,2544.1393479833187,98.00618609280797,77.93037345219577,470.90707329120846,6.126293219566743,1265,-3.0000538475203578,-4.357322200945259
3798,260.185,10.91246294488456,2541.4815385380275,173.86708683848428,1946.0519837876361,2544.139229052912,98.00613897656534,77.92813585283757,470.8382267893902,6.126509411668332,1265,-3.0000538613563945,-4.356856807140501
3799,260.195,10.912801306337835,2541.481357060442,173.86292878300466,1946.0564464550546,2544.139110121746,98.00609186022753,77.92589859052529,470.76938226487476,6.126725597560544,1265,-3.0000538751923,-4.356391445991957
3800,260.205,10.91313963934123,2541.4811755806063,173.85877210585096,1946.0609090012176,2544.1389911898236,98.00604474379453,77.92366166515345,470.70053971736405,6.1269417772443155,1265,-3.0000538890280755,-4.355926117490669
3801,260.215,10.913477943902807,2541.4809940985206,173.85461680657275,1946.065371426147,2544.138872257144,98.00599762726634,77.92142507661653,470.63169914656027,6.127157950720581,1265,-3.00005390286372,-4.355460821627649
3802,260.22499999999997,10.913816220030585,2541.480812614185,173.85046288476818,1946.0698337298584,2544.138753323708,98.00595051064298,77.91918882480911,470.5628605521655,6.127374117990276,1265,-3.0000539166992346,-4.354995558393956
3803,260.235,10.914154467732622,2541.480631127601,173.84631033988072,1946.0742959123736,2544.138634389516,98.00590339392443,77.91695290962579,470.49402393388186,6.127590279054336,1265,-3.000053930534618,-4.354530327780611
3804,260.245,10.914492687016935,2541.4804496387674,173.84215917140065,1946.0787579737082,2544.1385154545665,98.00585627711071,77.91471733096121,470.4251892914118,6.127806433913694,1265,-3.0000539443698715,-4.354065129778656
3805,260.255,10.914830877891578,2541.4802681476845,173.83800937890518,1946.0832199138833,2544.13839651886,98.00580916020184,77.91248208871002,470.35635662445776,6.128022582569286,1265,-3.000053958204995,-4.353599964379123
3806,260.265,10.915169040364573,2541.480086654354,173.8338609619015,1946.0876817329165,2544.1382775823986,98.00576204319779,77.91024718276694,470.2875259327223,6.128238725022044,1265,-3.0000539720399884,-4.35313483157305
3807,260.275,10.915507174443952,2541.4799051587734,173.8297139199092,1946.0921434308266,2544.138158645179,98.00571492609858,77.9080126130267,470.218697215908,6.128454861272903,1265,-3.000053985874852,-4.352669731351499
3808,260.28499999999997,10.915845280137749,2541.479723660947,173.8255682523886,1946.0966050076322,2544.1380397072044,98.0056678089042,77.90577837938412,470.14987047371756,6.128670991322797,1265,-3.0000539997095856,-4.352204663705481
3809,260.29499999999996,10.91618335745399,2541.479542160872,173.82142395894599,1946.1010664633525,2544.1379207684736,98.00562069161467,77.90354448173397,470.08104570585374,6.128887115172657,1265,-3.0000540135441893,-4.351739628626053
3810,260.305,10.916521406400696,2541.4793606585486,173.81728103904055,1946.1055277980047,2544.1378018289856,98.00557357422997,77.90131091997112,470.0122229120195,6.129103232823417,1265,-3.0000540273786633,-4.351274626104256
3811,260.315,10.916859426985907,2541.4791791539783,173.8131394922475,1946.1099890116097,2544.137682888742,98.0055264567501,77.89907769399046,469.94340209191785,6.129319344276009,1265,-3.000054041213008,-4.3508096561311405
3812,260.325,10.91719741921763,2541.4789976471616,173.8089993180308,1946.114450104184,2544.137563947743,98.0054793391751,77.89684480368695,469.8745832452518,6.129535449531366,1265,-3.0000540550472232,-4.35034471869773
3813,260.335,10.9175353831039,2541.4788161380966,173.8048605159054,1946.1189110757487,2544.137445005987,98.00543222150495,77.8946122489555,469.80576637172464,6.129751548590419,1265,-3.000054068881308,-4.349879813795095
3814,260.34499999999997,10.917873318652726,2541.4786346267865,173.80072308545536,1946.1233719263196,2544.137326063476,98.00538510373964,77.89238002969113,469.73695147103956,6.1299676414541,1265,-3.0000540827152644,-4.34941494141427
3815,260.35499999999996,10.918211225872138,2541.47845311323,173.7965870261219,1946.1278326559184,2544.137207120209,98.00533798587918,77.8901481457889,469.66813854289984,6.130183728123341,1265,-3.0000540965490914,-4.348950101546305
3816,260.365,10.918549104770138,2541.4782715974266,173.79245233749663,1946.1322932645603,2544.137088176185,98.00529086792359,77.88791659714384,469.59932758700904,6.130399808599072,1265,-3.0000541103827896,-4.348485294182246
3817,260.375,10.918886955354758,2541.4780900793794,173.78831901906673,1946.1367537522679,2544.136969231408,98.00524374987285,77.88568538365111,469.53051860307073,6.130615882882223,1265,-3.0000541242163585,-4.348020519313136
3818,260.385,10.919224777633989,2541.4779085590844,173.7841870703636,1946.1412141190556,2544.1368502858736,98.00519663172699,77.88345450520582,469.4617115907885,6.130831950973726,1265,-3.0000541380497987,-4.347555776930046
3819,260.395,10.919562571615865,2541.4777270365453,173.78005649087933,1946.1456743649455,2544.1367313395845,98.00514951348599,77.88122396170317,469.39290654986615,6.131048012874511,1265,-3.00005415188311,-4.347091067024014
3820,260.405,10.919900337308375,2541.477545511762,173.7759272801554,1946.1501344899534,2544.1366123925404,98.00510239514986,77.87899375303836,469.3241034800074,6.131264068585507,1265,-3.0000541657162927,-4.346626389586081
3821,260.41499999999996,10.92023807471955,2541.477363984732,173.7717994376903,1946.154594494101,2544.1364934447392,98.0050552767186,77.87676387910668,469.2553023809162,6.131480118107643,1265,-3.000054179549347,-4.346161744607333
3822,260.42499999999995,10.920575783857377,2541.477182455459,173.76767296310354,1946.1590543774041,2544.1363744961836,98.00500815819221,77.87453433980338,469.18650325229663,6.13169616144185,1265,-3.000054193382273,-4.34569713207879
3823,260.435,10.92091346472987,2541.4770009239414,173.76354785575958,1946.1635141398824,2544.1362555468736,98.00496103957069,77.87230513502384,469.11770609385275,6.131912198589055,1265,-3.0000542072150695,-4.345232551991527
3824,260.445,10.921251117345028,2541.4768193901805,173.7594241153094,1946.1679737815548,2544.1361365968082,98.00491392085404,77.87007626466337,469.0489109052888,6.13212822955019,1265,-3.0000542210477392,-4.34476800433659
3825,260.455,10.921588741710858,2541.476637854175,173.75530174121238,1946.17243330244,2544.136017645988,98.00486680204227,77.8678477286174,468.9801176863089,6.1323442543261795,1265,-3.0000542348802797,-4.344303489105049
3826,260.465,10.921926337835352,2541.4764563159265,173.7511807330323,1946.1768927025557,2544.1358986944124,98.00481968313542,77.86561952678139,468.9113264366176,6.132560272917955,1265,-3.0000542487126927,-4.343839006287957
3827,260.47499999999997,10.922263905726512,2541.4762747754353,173.74706109023458,1946.1813519819207,2544.135779742083,98.00477256413343,77.86339165905078,468.84253715591933,6.1327762853264405,1265,-3.0000542625449778,-4.343374555876366
3828,260.485,10.922601445392333,2541.4760932327017,173.74294281239668,1946.1858111405538,2544.1356607889984,98.00472544503634,77.86116412532108,468.7737498439187,6.132992291552567,1265,-3.0000542763771345,-4.342910137861348
3829,260.495,10.922938956840818,2541.475911687724,173.73882589898938,1946.1902701784747,2544.135541835159,98.00467832584414,77.85893692548785,468.70496450032033,6.133208291597261,1265,-3.000054290209164,-4.342445752233951
3830,260.505,10.923276440079947,2541.4757301405043,173.73471034960053,1946.1947290956996,2544.1354228805653,98.00463120655682,77.85671005944668,468.6361811248289,6.133424285461448,1265,-3.0000543040410657,-4.341981398985253
3831,260.515,10.923613895117716,2541.475548591042,173.7305961637213,1946.1991878922483,2544.135303925216,98.00458408717441,77.8544835270932,468.5673997171494,6.133640273146056,1265,-3.0000543178728396,-4.34151707810631
3832,260.525,10.923951321962118,2541.475367039339,173.72648334083368,1946.20364656814,2544.135184969114,98.0045369676969,77.85225732832302,468.4986202769866,6.13385625465201,1265,-3.0000543317044865,-4.341052789588176
3833,260.53499999999997,10.924288720621139,2541.4751854853935,173.72237188055917,1946.2081051233922,2544.135066012256,98.00448984812428,77.85003146303188,468.4298428040457,6.134072229980237,1265,-3.0000543455360056,-4.340588533421929
3834,260.54499999999996,10.924626091102763,2541.475003929206,173.7182617822948,1946.212563558024,2544.134947054644,98.00444272845657,77.84780593111549,468.36106729803174,6.134288199131664,1265,-3.000054359367398,-4.340124309598634
3835,260.555,10.924963433414975,2541.474822370779,173.71415304569857,1946.2170218720532,2544.134828096279,98.00439560869376,77.8455807324696,468.2922937586498,6.1345041621072145,1265,-3.0000543731986635,-4.339660118109361
3836,260.565,10.925300747565768,2541.474640810109,173.7100456702097,1946.2214800655001,2544.1347091371586,98.00434848883586,77.84335586699002,468.2235221856054,6.134720118907815,1265,-3.000054387029801,-4.3391959589451705
3837,260.575,10.925638033563107,2541.4744592471993,173.7059396553362,1946.225938138381,2544.1345901772847,98.00430136888288,77.84113133457261,468.1547525786039,6.1349360695343895,1265,-3.000054400860812,-4.338731832097133
3838,260.585,10.925975291414982,2541.47427768205,173.70183500065107,1946.2303960907157,2544.134471216657,98.00425424883481,77.83890713511322,468.0859849373507,6.135152013987862,1265,-3.000054414691696,-4.338267737556314
3839,260.59499999999997,10.926312521129365,2541.4740961146604,173.69773170573097,1946.2348539225216,2544.134352255276,98.00420712869168,77.83668326850777,468.0172192615515,6.135367952269159,1265,-3.0000544285224535,-4.3378036753137925
3840,260.60499999999996,10.926649722714236,2541.4739145450294,173.6936297700037,1946.2393116338183,2544.13423329314,98.00416000845344,77.8344597346522,467.9484555509118,6.135583884379202,1265,-3.000054442353084,-4.337339645360643
3841,260.615,10.92698689617757,2541.47373297316,173.68952919302924,1946.2437692246247,2544.134114330251,98.00411288812012,77.83223653344251,467.87969380513744,6.135799810318918,1265,-3.0000544561835882,-4.336875647687931
3842,260.625,10.927324041527335,2541.473551399051,173.6854299743299,1946.2482266949573,2544.133995366608,98.00406576769173,77.8300136647747,467.8109340239343,6.136015730089228,1265,-3.0000544700139655,-4.336411682286729
3843,260.635,10.927661158771507,2541.4733698227024,173.68133211344352,1946.2526840448365,2544.1338764022116,98.0040186471683,77.82779112854482,467.74217620700836,6.136231643691056,1265,-3.0000544838442167,-4.335947749148125
3844,260.645,10.927998247918053,2541.473188244115,173.67723560990902,1946.25714127428,2544.133757437062,98.00397152654976,77.82556892464896,467.6734203540656,6.136447551125324,1265,-3.000054497674342,-4.335483848263188
3845,260.655,10.928335308974946,2541.473006663289,173.67314046322065,1946.2615983833068,2544.133638471159,98.00392440583616,77.82334705298327,467.6046664648123,6.1366634523929555,1265,-3.000054511504341,-4.3350199796229845
3846,260.66499999999996,10.928672341950149,2541.472825080224,173.6690466729543,1946.266055371935,2544.1335195045017,98.00387728502751,77.82112551344387,467.5359145389545,6.136879347494873,1265,-3.0000545253342144,-4.334556143218612
3847,260.67499999999995,10.92900934685162,2541.472643494922,173.66495423852422,1946.2705122401821,2544.1334005370927,98.00383016412381,77.81890430592702,467.46716457619857,6.137095236431998,1265,-3.000054539163961,-4.3340923390411294
3848,260.685,10.929346323687332,2541.4724619073827,173.66086315963807,1946.2749689880682,2544.1332815689307,98.00378304312503,77.81668343032891,467.3984165762509,6.137311119205252,1265,-3.0000545529935825,-4.333628567081618
3849,260.695,10.929683272465239,2541.472280317604,173.65677343563567,1946.2794256156105,2544.1331626000147,98.00373592203118,77.81446288654581,467.32967053881805,6.137526995815557,1265,-3.0000545668230783,-4.333164827331179
3850,260.705,10.9300201931933,2541.4720987255887,173.65268506620188,1946.2838821228277,2544.1330436303456,98.0036888008423,77.81224267447405,467.2609264636066,6.137742866263835,1265,-3.0000545806524475,-4.332701119780873
3851,260.715,10.93035708587948,2541.471917131335,173.64859805074582,1946.2883385097387,2544.132924659924,98.00364167955834,77.81002279400995,467.19218435032326,6.137958730551006,1265,-3.0000545944816923,-4.332237444421803
3852,260.72499999999997,10.930693950531735,2541.4717355348453,173.64451238880707,1946.2927947763628,2544.132805688749,98.00359455817936,77.80780324504991,467.1234441986747,6.138174588677989,1265,-3.0000546083108115,-4.331773801245029
3853,260.735,10.931030787158008,2541.4715539361187,173.6404280800314,1946.2972509227156,2544.132686716822,98.00354743670532,77.80558402749033,467.0547060083679,6.138390440645706,1265,-3.000054622139805,-4.331310190241656
3854,260.745,10.931367595766261,2541.4713723351556,173.63634512384607,1946.3017069488178,2544.132567744142,98.00350031513622,77.80336514122766,466.98596977910967,6.138606286455078,1265,-3.0000546359686737,-4.330846611402754
3855,260.755,10.931704376364449,2541.4711907319547,173.63226351979077,1946.306162854688,2544.132448770708,98.0034531934721,77.8011465861584,466.9172355106072,6.138822126107023,1265,-3.0000546497974168,-4.33038306471942
3856,260.765,10.932041128960515,2541.4710091265197,173.6281832673794,1946.3106186403436,2544.132329796523,98.00340607171294,77.79892836217905,466.84850320256754,6.139037959602461,1265,-3.000054663626035,-4.3299195501827406
3857,260.775,10.932377853562402,2541.4708275188477,173.62410436617176,1946.3150743058027,2544.132210821586,98.00335894985875,77.7967104691862,466.7797728546981,6.1392537869423105,1265,-3.000054677454529,-4.329456067783806
3858,260.78499999999997,10.932714550178064,2541.4706459089402,173.620026815691,1946.3195298510839,2544.132091845895,98.00331182790951,77.7944929070764,466.711044466706,6.139469608127491,1265,-3.0000546912828976,-4.328992617513692
3859,260.79499999999996,10.933051218815443,2541.4704642967986,173.6159506155211,1946.323985276206,2544.1319728694534,98.00326470586526,77.79227567574632,466.6423180382988,6.139685423158921,1265,-3.0000547051111415,-4.328529199363503
3860,260.805,10.933387859482487,2541.470282682421,173.61187576506808,1946.328440581188,2544.1318538922587,98.00321758372597,77.79005877509263,466.5735935691839,6.13990123203752,1265,-3.000054718939261,-4.3280658133243195
3861,260.815,10.933724472187128,2541.470101065808,173.607802263993,1946.3328957660474,2544.131734914312,98.00317046149164,77.787842205012,466.504871059069,6.140117034764203,1265,-3.0000547327672558,-4.327602459387251
3862,260.825,10.93406105693731,2541.4699194469617,173.60373011172547,1946.337350830802,2544.1316159356134,98.00312333916229,77.78562596540118,466.43615050766164,6.140332831339891,1265,-3.0000547465951266,-4.327139137543372
3863,260.835,10.934397613740973,2541.46973782588,173.59965930782982,1946.3418057754718,2544.131496956162,98.00307621673792,77.78341005615694,466.3674319146697,6.140548621765499,1265,-3.0000547604228722,-4.326675847783793
3864,260.84499999999997,10.934734142606052,2541.469556202566,173.59558985184347,1946.3462606000742,2544.1313779759603,98.00302909421855,77.78119447717609,466.2987152798011,6.140764406041946,1265,-3.0000547742504944,-4.326212590099596
3865,260.85499999999996,10.93507064354048,2541.469374577015,173.59152174328244,1946.350715304627,2544.1312589950053,98.00298197160413,77.77897922835547,466.23000060276377,6.1409801841701475,1265,-3.0000547880779926,-4.3257493644818865
3866,260.865,10.93540711655219,2541.4691929492324,173.58745498171405,1946.3551698891495,2544.1311400133,98.00293484889471,77.77676430959198,466.1612878832657,6.14119595615102,1265,-3.0000548019053666,-4.325286170921757
3867,260.875,10.935743561649115,2541.469011319216,173.5833895666894,1946.3596243536597,2544.1310210308416,98.00288772609026,77.77454972078253,466.09257712101515,6.141411721985482,1265,-3.0000548157326166,-4.324823009410308
3868,260.885,10.936079978839176,2541.4688296869667,173.57932549763981,1946.364078698175,2544.130902047633,98.00284060319083,77.77233546182407,466.0238683157202,6.141627481674447,1265,-3.000054829559743,-4.324359879938635
3869,260.895,10.936416368130315,2541.4686480524833,173.5752627741736,1946.3685329227158,2544.1307830636715,98.00279348019639,77.77012153261356,465.9551614670893,6.141843235218832,1265,-3.0000548433867458,-4.32389678249785
3870,260.905,10.936752729530456,2541.4684664157676,173.571201395798,1946.3729870272991,2544.1306640789594,98.00274635710696,77.76790793304805,465.8864565748309,6.142058982619551,1265,-3.0000548572136245,-4.323433717079033
3871,260.91499999999996,10.937089063047514,2541.46828477682,173.56714136205557,1946.3774410119433,2544.1305450934965,98.00269923392251,77.7656946630246,465.81775363865347,6.142274723877521,1265,-3.0000548710403807,-4.322970683673305
3872,260.92499999999995,10.937425368689418,2541.4681031356404,173.5630826725125,1946.3818948766666,2544.1304261072814,98.00265211064307,77.7634817224403,465.7490526582655,6.142490458993655,1265,-3.0000548848670126,-4.322507682271754
3873,260.935,10.937761646464088,2541.4679214922276,173.5590253265885,1946.3863486214875,2544.1303071203156,98.00260498726863,77.7612691111923,465.68035363337583,6.14270618796887,1265,-3.000054898693522,-4.322044712865502
3874,260.945,10.938097896379444,2541.4677398465838,173.55496932391773,1946.390802246425,2544.1301881325985,98.0025578637992,77.75905682917774,465.6116565636932,6.142921910804078,1265,-3.000054912519907,-4.32158177544564
3875,260.955,10.938434118443409,2541.467558198708,173.5509146640568,1946.3952557514965,2544.130069144131,98.0025107402348,77.75684487629383,465.54296144892646,6.143137627500193,1265,-3.000054926346171,-4.321118870003273
3876,260.965,10.938770312663886,2541.467376548601,173.54686134643583,1946.3997091367198,2544.1299501549115,98.00246361657538,77.7546332524378,465.47426828878463,6.14335333805813,1265,-3.0000549401723102,-4.320655996529524
3877,260.97499999999997,10.939106479048801,2541.467194896262,173.54280937065386,1946.4041624021143,2544.129831164941,98.00241649282098,77.75242195750693,465.4055770829767,6.143569042478803,1265,-3.0000549539983274,-4.320193155015491
3878,260.985,10.939442617606067,2541.4670132416927,173.53875873622698,1946.408615547698,2544.1297121742205,98.00236936897161,77.75021099139852,465.33688783121187,6.143784740763124,1265,-3.0000549678242217,-4.31973034545227
3879,260.995,10.939778728343585,2541.4668315848926,173.53470944271075,1946.4130685734876,2544.129593182749,98.00232224502724,77.74800035400992,465.2682005331993,6.144000432912005,1265,-3.0000549816499933,-4.319267567830989
3880,261.005,10.940114811269282,2541.4666499258615,173.5306614895796,1946.417521479505,2544.1294741905263,98.00227512098792,77.74579004523851,465.19951518864843,6.14421611892636,1265,-3.000054995475643,-4.318804822142755
3881,261.015,10.940450866391048,2541.4664682646016,173.52661487649394,1946.4219742657644,2544.129355197555,98.0022279968536,77.7435800649817,465.1308317972686,6.1444317988071,1265,-3.0000550093011698,-4.3183421083786735
3882,261.025,10.940786893716805,2541.4662866011104,173.52256960283214,1946.426426932287,2544.1292362038307,98.00218087262432,77.74137041313695,465.06215035876943,6.144647472555139,1265,-3.000055023126574,-4.317879426529858
3883,261.03499999999997,10.941122893254446,2541.46610493539,173.51852566821174,1946.4308794790898,2544.1291172093574,98.00213374830005,77.73916108960174,464.9934708728604,6.144863140171387,1265,-3.0000550369518564,-4.317416776587434
3884,261.04499999999996,10.941458865011885,2541.46592326744,173.51448307217436,1946.4353319061918,2544.128998214134,98.00208662388083,77.73695209427359,464.92479333925127,6.145078801656756,1265,-3.000055050777017,-4.316954158542494
3885,261.055,10.941794808997013,2541.4657415972597,173.51044181420616,1946.4397842136102,2544.128879218159,98.00203949936665,77.73474342705006,464.85611775765176,6.145294457012156,1265,-3.000055064602054,-4.316491572386184
3886,261.065,10.94213072521773,2541.4655599248517,173.50640189393127,1946.4442364013626,2544.128760221435,98.00199237475749,77.73253508782874,464.7874441277718,6.1455101062385005,1265,-3.0000550784269704,-4.316029018109591
3887,261.075,10.94246661368194,2541.465378250214,173.5023633108167,1946.4486884694688,2544.128641223961,98.00194525005338,77.73032707650727,464.71877244932125,6.145725749336698,1265,-3.000055092251765,-4.315566495703846
3888,261.085,10.942802474397542,2541.465196573348,173.49832606436718,1946.4531404179477,2544.1285222257366,98.00189812525433,77.72811939298327,464.65010272201033,6.145941386307659,1265,-3.000055106076438,-4.315104005160068
3889,261.09499999999997,10.943138307372424,2541.4650148942524,173.49429015420458,1946.4575922468152,2544.1284032267617,98.00185100036029,77.72591203715449,464.58143494554906,6.146157017152295,1265,-3.0000551199009893,-4.314641546469376
3890,261.10499999999996,10.94347411261448,2541.4648332129304,173.49025557983552,1946.4620439560906,2544.128284227039,98.00180387537132,77.72370500891864,464.5127691196477,6.1463726418715146,1265,-3.000055133725419,-4.314179119622891
3891,261.115,10.943809890131602,2541.464651529379,173.48622234070766,1946.4664955457922,2544.1281652265643,98.0017567502874,77.7214983081735,464.4441052440166,6.146588260466227,1265,-3.0000551475497272,-4.3137167246117345
3892,261.125,10.94414563993169,2541.4644698436005,173.48219043649584,1946.4709470159394,2544.128046225341,98.00170962510852,77.71929193481684,464.3754433183662,6.14680387293734,1265,-3.0000551613739144,-4.313254361427029
3893,261.135,10.944481362022612,2541.4642881555937,173.47815986669625,1946.4753983665469,2544.127927223368,98.00166249983472,77.71708588874654,464.306783342407,6.147019479285765,1265,-3.00005517519798,-4.312792030059892
3894,261.145,10.944817056412276,2541.4641064653597,173.47413063077286,1946.4798495976368,2544.1278082206445,98.00161537446596,77.71488016986046,464.23812531584963,6.147235079512409,1265,-3.000055189021925,-4.312329730501449
3895,261.155,10.945152723108555,2541.4639247728996,173.47010272831318,1946.4843007092254,2544.127689217173,98.00156824900225,77.71267477805651,464.16946923840464,6.147450673618183,1265,-3.0000552028457483,-4.311867462742831
3896,261.16499999999996,10.945488362119328,2541.4637430782113,173.4660761589081,1946.4887517013299,2544.127570212951,98.00152112344362,77.71046971323263,464.10081510978296,6.147666261603991,1265,-3.000055216669451,-4.3114052267751575
3897,261.17499999999995,10.945823973452494,2541.4635613812957,173.4620509220151,1946.4932025739708,2544.1274512079794,98.00147399779004,77.70826497528681,464.0321629296953,6.147881843470744,1265,-3.0000552304930332,-4.310943022589564
3898,261.185,10.946159557115921,2541.463379682156,173.45802701717264,1946.4976533271652,2544.1273322022603,98.00142687204155,77.70606056411707,463.96351269785276,6.148097419219347,1265,-3.0000552443164943,-4.31048085017718
3899,261.195,10.946495113117484,2541.4631979807887,173.45400444398433,1946.5021039609305,2544.127213195791,98.00137974619813,77.70385647962144,463.89486441396633,6.1483129888507095,1265,-3.000055258139836,-4.310018709529118
3900,261.205,10.946830641465064,2541.4630162771946,173.44998320191198,1946.5065544752854,2544.127094188572,98.00133262025975,77.70165272169803,463.82621807774717,6.148528552365737,1265,-3.0000552719630558,-4.30955660063652
3901,261.215,10.94716614216654,2541.462834571375,173.4459632906038,1946.5110048702481,2544.1269751806044,98.00128549422645,77.69944929024494,463.7575736889064,6.148744109765337,1265,-3.0000552857861558,-4.3090945234905265
3902,261.22499999999997,10.94750161522978,2541.4626528633303,173.44194470944,1946.515455145837,2544.1268561718884,98.00123836809827,77.69724618516034,463.6889312471555,6.148959661050415,1265,-3.0000552996091363,-4.30863247808225
3903,261.235,10.947837060662664,2541.4624711530587,173.4379274581233,1946.5199053020701,2544.1267371624226,98.00119124187515,77.6950434063424,463.6202907522058,6.1491752062218765,1265,-3.000055313431996,-4.3081704644028385
3904,261.245,10.948172478473055,2541.4622894405643,173.43391153606566,1946.5243553389655,2544.126618152209,98.0011441155571,77.6928409536894,463.5516522037688,6.149390745280629,1265,-3.000055327254735,-4.3077084824434095
3905,261.255,10.948507868668822,2541.462107725843,173.42989694287888,1946.528805256541,2544.126499141246,98.00109698914414,77.69063882709955,463.48301560155613,6.1496062782275756,1265,-3.000055341077355,-4.3072465321951094
3906,261.265,10.948843231257838,2541.461926008898,173.42588367805,1946.5332550548158,2544.126380129535,98.00104986263628,77.68843702647116,463.4143809452794,6.149821805063624,1265,-3.000055354899855,-4.306784613649078
3907,261.275,10.949178566247964,2541.4617442897274,173.42187174114747,1946.5377047338068,2544.1262611170755,98.0010027360335,77.68623555170258,463.34574823465044,6.150037325789678,1265,-3.000055368722235,-4.306322726796445
3908,261.28499999999997,10.949513873647053,2541.4615625683336,173.41786113179367,1946.5421542935314,2544.1261421038676,98.00095560933583,77.68403440269215,463.27711746938104,6.150252840406642,1265,-3.000055382544496,-4.3058608716283455
3909,261.29499999999996,10.949849153462987,2541.4613808447143,173.4138518493842,1946.5466037340098,2544.1260230899097,98.00090848254325,77.6818335793383,463.20848864918327,6.15046834891542,1265,-3.000055396366637,-4.305399048135935
3910,261.305,10.950184405703618,2541.4611991188726,173.40984389354114,1946.5510530552597,2544.1259040752057,98.00086135565577,77.67963308153946,463.13986177376904,6.150683851316916,1265,-3.0000554101886587,-4.304937256310328
3911,261.315,10.950519630376798,2541.461017390806,173.4058372637852,1946.5555022572973,2544.125785059752,98.00081422867338,77.67743290919408,463.07123684285057,6.150899347612037,1265,-3.000055424010561,-4.30447549614269
3912,261.325,10.950854827490389,2541.460835660516,173.40183195962987,1946.5599513401419,2544.12566604355,98.00076710159608,77.6752330622007,463.00261385614,6.151114837801682,1265,-3.0000554378323443,-4.304013767624139
3913,261.335,10.951189997052253,2541.4606539280026,173.3978279807165,1946.5644003038128,2544.1255470266015,98.00071997442392,77.67303354045784,462.93399281334973,6.151330321886757,1265,-3.0000554516540086,-4.3035520707458295
3914,261.34499999999997,10.951525139070242,2541.4604721932656,173.39382532646422,1946.5688491483268,2544.125428008903,98.00067284715685,77.67083434386409,462.865373714192,6.151545799868163,1265,-3.000055465475554,-4.303090405498914
3915,261.35499999999996,10.951860253552194,2541.460290456307,173.38982399643507,1946.5732978737005,2544.1253089904585,98.0006257197949,77.66863547231804,462.7967565583795,6.151761271746805,1265,-3.00005547929698,-4.302628771874523
3916,261.365,10.952195340505984,2541.460108717125,173.38582399026035,1946.5777464799557,2544.125189971265,98.00057859233804,77.66643692571836,462.72814134562464,6.151976737523583,1265,-3.0000554931182872,-4.3021671698638
3917,261.375,10.952530399939437,2541.459926975721,173.38182530742472,1946.5821949671065,2544.1250709513242,98.0005314647863,77.66423870396373,462.65952807564014,6.1521921971994,1265,-3.0000555069394768,-4.301705599457895
3918,261.385,10.952865431860417,2541.4597452320945,173.3778279474025,1946.5866433351734,2544.124951930636,98.00048433713971,77.66204080695287,462.5909167481388,6.152407650775159,1265,-3.0000555207605464,-4.3012440606479725
3919,261.395,10.953200436276761,2541.4595634862458,173.37383190986205,1946.5910915841741,2544.1248329092,98.0004372093982,77.65984323458453,462.52230736283343,6.15262309825176,1265,-3.0000555345814983,-4.300782553425156
3920,261.405,10.953535413196319,2541.459381738175,173.36983719430455,1946.5955397141265,2544.1247138870162,98.00039008156185,77.65764598675749,462.45369991943693,6.152838539630104,1265,-3.0000555484023317,-4.300321077780609
3921,261.41499999999996,10.953870362626926,2541.459199987882,173.3658438002074,1946.5999877250476,2544.1245948640844,98.00034295363062,77.65544906337055,462.3850944176624,6.153053974911095,1265,-3.000055562223047,-4.299859633705478
3922,261.42499999999995,10.954205284576428,2541.4590182353686,173.3618517271835,1946.6044356169564,2544.124475840406,98.0002958256045,77.6532524643226,462.3164908572229,6.15326940409563,1265,-3.000055576043644,-4.299398221190909
3923,261.435,10.954540179052668,2541.458836480633,173.35786097475724,1946.6088833898712,2544.12435681598,98.00024869748351,77.65105618951254,462.2478892378317,6.15348482718461,1265,-3.000055589864123,-4.298936840228067
3924,261.445,10.954875046063476,2541.4586547236777,173.3538715424757,1946.6133310438092,2544.124237790807,98.00020156926769,77.64886023883926,462.17928955920206,6.153700244178937,1265,-3.0000556036844843,-4.298475490808083
3925,261.455,10.955209885616695,2541.458472964502,173.34988342985514,1946.6177785787893,2544.124118764888,98.00015444095698,77.64666461220176,462.11069182104734,6.15391565507951,1265,-3.0000556175047275,-4.298014172922127
3926,261.465,10.955544697720155,2541.458291203103,173.34589663643132,1946.6222259948293,2544.1239997382195,98.00010731255139,77.644469309499,462.04209602308094,6.154131059887229,1265,-3.000055631324853,-4.297552886561364
3927,261.47499999999997,10.955879482381684,2541.458109439485,173.34191116179576,1946.6266732919457,2544.1238807108048,98.00006018405097,77.64227433063003,461.9735021650166,6.154346458602992,1265,-3.000055645144861,-4.2970916317169285
3928,261.485,10.956214239609123,2541.457927673646,173.3379270054967,1946.6311204701583,2544.123761682644,98.0000130554557,77.64007967549392,461.90491024656785,6.154561851227699,1265,-3.0000556589647513,-4.296630408379994
3929,261.495,10.9565489694103,2541.4577459055877,173.33394416705366,1946.6355675294851,2544.1236426537357,97.99996592676557,77.63788534398975,461.83632026744846,6.154777237762248,1265,-3.0000556727845242,-4.296169216541703
3930,261.505,10.956883671793037,2541.4575641353094,173.32996264596423,1946.640014469943,2544.123523624081,97.99991879798058,77.63569133601669,461.76773222737216,6.154992618207539,1265,-3.00005568660418,-4.29570805619323
3931,261.515,10.957218346765165,2541.457382362812,173.32598244187764,1946.6444612915507,2544.12340459368,97.99987166910076,77.63349765147387,461.69914612605305,6.155207992564469,1265,-3.0000557004237183,-4.295246927325721
3932,261.525,10.957552994334502,2541.457200588094,173.3220035542666,1946.6489079943249,2544.1232855625312,97.99982454012607,77.63130429026052,461.630561963205,6.155423360833935,1265,-3.0000557142431403,-4.294785829930345
3933,261.53499999999997,10.957887614508877,2541.4570188111584,173.31802598265375,1946.6533545782852,2544.1231665306373,97.99977741105654,77.62911125227586,461.5619797385422,6.155638723016836,1265,-3.0000557280624447,-4.29432476399826
3934,261.54499999999996,10.958222207296112,2541.4568370320017,173.31404972664788,1946.657801043449,2544.123047497996,97.9997302818922,77.62691853741919,461.4933994517787,6.155854079114069,1265,-3.0000557418816323,-4.293863729520629
3935,261.555,10.958556772704029,2541.4566552506285,173.31007478577743,1946.6622473898344,2544.1229284646097,97.99968315263298,77.62472614558979,461.424821102629,6.15606942912653,1265,-3.000055755700703,-4.293402726488617
3936,261.565,10.958891310740443,2541.456473467035,173.30610115953678,1946.6666936174597,2544.1228094304756,97.99963602327895,77.62253407668702,461.3562446908072,6.156284773055117,1265,-3.0000557695196575,-4.292941754893388
3937,261.575,10.959225821413163,2541.4562916812224,173.302128847565,1946.671139726341,2544.122690395595,97.9995888938301,77.62034233061024,461.28767021602795,6.156500110900726,1265,-3.000055783338495,-4.292480814726113
3938,261.585,10.959560304730013,2541.4561098931927,173.2981578493545,1946.6755857164976,2544.1225713599692,97.9995417642864,77.6181509072589,461.2190976780057,6.156715442664255,1265,-3.0000557971572164,-4.292019905977937
3939,261.59499999999997,10.959894760698807,2541.4559281029447,173.2941881644688,1946.680031587948,2544.1224523235974,97.99949463464787,77.61595980653242,461.1505270764551,6.156930768346596,1265,-3.0000558109758213,-4.291559028640053
3940,261.60499999999996,10.960229189327354,2541.455746310479,173.2902197923928,1946.6844773407095,2544.1223332864793,97.99944750491451,77.61376902833028,461.08195841109085,6.157146087948648,1265,-3.00005582479431,-4.291098182703623
3941,261.615,10.960563590623462,2541.4555645157952,173.28625273278237,1946.6889229747997,2544.1222142486154,97.99940037508634,77.611578572552,461.0133916816278,6.157361401471305,1265,-3.0000558386126825,-4.290637368159814
3942,261.625,10.960897964594938,2541.4553827188943,173.28228698510148,1946.6933684902365,2544.1220952100057,97.99935324516336,77.60938843909715,460.9448268877808,6.157576708915464,1265,-3.000055852430939,-4.290176584999791
3943,261.635,10.961232311249601,2541.4552009197755,173.27832254886388,1946.697813887039,2544.1219761706498,97.99930611514554,77.60719862786526,460.87626402926486,6.157792010282017,1265,-3.0000558662490797,-4.289715833214728
3944,261.645,10.961566630595241,2541.4550191184385,173.2743594237147,1946.7022591652235,2544.121857130547,97.99925898503292,77.605009138756,460.807703105795,6.158007305571859,1265,-3.000055880067104,-4.289255112795809
3945,261.655,10.961900922639673,2541.4548373148864,173.27039760916975,1946.7067043248092,2544.121738089701,97.99921185482549,77.60281997166902,460.73914411708654,6.158222594785886,1265,-3.0000558938850133,-4.288794423734185
3946,261.66499999999996,10.962235187390693,2541.4546555091183,173.26643710474207,1946.711149365813,2544.121619048109,97.99916472452324,77.600631126504,460.6705870628546,6.15843787792499,1265,-3.000055907702807,-4.288333766021039
3947,261.67499999999995,10.962569424856097,2541.454473701132,173.26247791003252,1946.7155942882525,2544.121500005771,97.99911759412619,77.59844260316063,460.60203194281456,6.158653154990066,1265,-3.000055921520485,-4.2878731396475525
3948,261.685,10.962903635043697,2541.45429189093,173.25852002455545,1946.7200390921473,2544.121380962688,97.99907046363433,77.59625440153873,460.5334787566818,6.158868425982008,1265,-3.0000559353380476,-4.2874125446049
3949,261.695,10.963237817961277,2541.454110078512,173.2545634478128,1946.724483777514,2544.1212619188595,97.99902333304767,77.59406652153804,460.46492750417195,6.159083690901708,1265,-3.0000559491554952,-4.286951980884256
3950,261.705,10.963571973616641,2541.453928263878,173.25060817946988,1946.7289283443704,2544.121142874286,97.9989762023662,77.59187896305842,460.39637818500046,6.159298949750058,1265,-3.000055962972828,-4.28649144847679
3951,261.715,10.963906102017576,2541.4537464470272,173.24665421899869,1946.7333727927341,2544.1210238289664,97.99892907158994,77.58969172599971,460.32783079888316,6.159514202527953,1265,-3.000055976790045,-4.286030947373698
3952,261.72499999999997,10.964240203171883,2541.453564627962,173.24270156592289,1946.7378171226244,2544.120904782903,97.99888194071887,77.5875048102618,460.25928534553583,6.159729449236283,1265,-3.0000559906071467,-4.285570477566142
3953,261.735,10.964574277087348,2541.45338280668,173.23875021988346,1946.7422613340582,2544.120785736093,97.99883480975302,77.58531821574466,460.1907418246742,6.1599446898759425,1265,-3.000056004424134,-4.285110039045317
3954,261.745,10.964908323771756,2541.453200983184,173.23480018033473,1946.7467054270528,2544.1206666885396,97.99878767869238,77.58313194234822,460.1222002360144,6.160159924447821,1265,-3.0000560182410063,-4.284649631802397
3955,261.755,10.965242343232902,2541.4530191574727,173.23085144687022,1946.7511494016271,2544.1205476402406,97.99874054753695,77.58094598997248,460.05366057927245,6.16037515295281,1265,-3.0000560320577643,-4.284189255828565
3956,261.765,10.965576335478566,2541.4528373295466,173.22690401904612,1946.7555932577984,2544.1204285911967,97.99869341628674,77.57876035851747,459.98512285416444,6.160590375391802,1265,-3.0000560458744077,-4.283728911115006
3957,261.775,10.965910300516539,2541.452655499406,173.22295789642587,1946.760036995585,2544.1203095414094,97.99864628494176,77.57657504788327,459.9165870604066,6.160805591765687,1265,-3.000056059690937,-4.283268597652912
3958,261.78499999999997,10.966244238354596,2541.4524736670514,173.21901307851638,1946.764480615004,2544.120190490877,97.99859915350198,77.57439005796998,459.8480531977152,6.161020802075356,1265,-3.0000560735073516,-4.282808315433446
3959,261.79499999999996,10.966578149000524,2541.4522918324815,173.2150695649092,1946.7689241160738,2544.1200714395995,97.99855202196743,77.57220538867773,459.77952126580675,6.1612360063217,1265,-3.000056087323652,-4.282348064447822
3960,261.805,10.966912032462096,2541.4521099956974,173.21112735514023,1946.7733674988117,2544.1199523875775,97.99850489033811,77.57002103990668,459.71099126439765,6.1614512045056085,1265,-3.0000561011398386,-4.2818878446872155
3961,261.815,10.967245888747096,2541.4519281567013,173.20718644870388,1946.7778107632355,2544.1198333348125,97.99845775861402,77.56783701155705,459.6424631932045,6.161666396627971,1265,-3.000056114955911,-4.281427656142803
3962,261.825,10.967579717863298,2541.4517463154893,173.2032468452533,1946.7822539093638,2544.119714281301,97.99841062679515,77.56565330352906,459.573937051944,6.161881582689677,1265,-3.0000561287718694,-4.280967498805792
3963,261.835,10.967913519818477,2541.451564472064,173.19930854427034,1946.7866969372133,2544.1195952270464,97.99836349488152,77.563469915723,459.5054128403329,6.162096762691617,1265,-3.000056142587714,-4.280507372667362
3964,261.84499999999997,10.968247294620406,2541.451382626426,173.19537154531,1946.7911398468025,2544.1194761720476,97.99831636287313,77.56128684803919,459.436890558088,6.162311936634679,1265,-3.0000561564034447,-4.2800472777187055
3965,261.85499999999996,10.968581042276853,2541.451200778574,173.191435847961,1946.795582638149,2544.119357116304,97.99826923076998,77.55910410037794,459.36837020492635,6.162527104519751,1265,-3.0000561702190622,-4.279587213951029
3966,261.865,10.968914762795595,2541.4510189285106,173.18750145175068,1946.800025311271,2544.1192380598186,97.99822209857206,77.55692167263963,459.2998517805648,6.162742266347722,1265,-3.000056184034566,-4.279127181355495
3967,261.875,10.969248456184395,2541.450837076232,173.1835683561867,1946.8044678661859,2544.1191190025856,97.99817496627938,77.55473956472468,459.23133528472056,6.162957422119481,1265,-3.0000561978499567,-4.278667179923329
3968,261.885,10.969582122451026,2541.4506552217435,173.1796365609237,1946.8089103029117,2544.118999944613,97.99812783389194,77.55255777653353,459.16282071711083,6.163172571835915,1265,-3.0000562116652345,-4.278207209645703
3969,261.895,10.969915761603238,2541.45047336504,173.17570606544712,1946.8133526214647,2544.1188808858933,97.99808070140976,77.55037630796666,459.0943080774529,6.163387715497912,1265,-3.000056225480398,-4.2777472705138315
3970,261.905,10.970249373648809,2541.4502915061253,173.17177686936918,1946.8177948218645,2544.1187618264307,97.99803356883284,77.54819515892457,459.02579736546414,6.163602853106359,1265,-3.00005623929545,-4.277287362518891
3971,261.91499999999996,10.970582958595498,2541.450109644999,173.1678489721092,1946.8222369041287,2544.1186427662255,97.99798643616114,77.54601432930782,458.957288580862,6.163817984662143,1265,-3.000056253110388,-4.276827485652095
3972,261.92499999999995,10.97091651645106,2541.449927781661,173.16392237335302,1946.8266788682743,2544.118523705277,97.99793930339472,77.54383381901698,458.888781723364,6.164033110166151,1265,-3.0000562669252133,-4.27636763990464
3973,261.935,10.971250047223258,2541.4497459161094,173.15999707261622,1946.8311207143188,2544.1184046435833,97.99789217053355,77.54165362795267,458.8202767926878,6.164248229619269,1265,-3.0000562807399267,-4.2759078252677245
3974,261.945,10.971583550919851,2541.449564048347,173.15607306939853,1946.8355624422813,2544.1182855811467,97.99784503757765,77.53947375601554,458.75177378855113,6.164463343022384,1265,-3.000056294554527,-4.275448041732545
3975,261.955,10.971917027548589,2541.449382178374,173.15215036335513,1946.840004052178,2544.1181665179674,97.997797904527,77.53729420310624,458.6832727106718,6.164678450376382,1265,-3.0000563083690137,-4.274988289290303
3976,261.965,10.972250477117226,2541.4492003061882,173.1482289539537,1946.8444455440272,2544.1180474540442,97.99775077138163,77.53511496912553,458.61477355876775,6.164893551682147,1265,-3.000056322183389,-4.274528567932203
3977,261.97499999999997,10.972583899633522,2541.449018431794,173.14430884074005,1946.8488869178475,2544.117928389379,97.99770363814152,77.53293605397414,458.5462763325569,6.165108646940567,1265,-3.0000563359976518,-4.274068877649449
3978,261.985,10.97291729510522,2541.448836555187,173.14039002336904,1946.8533281736554,2544.11780932397,97.99765650480667,77.53075745755287,458.47778103175733,6.1653237361525255,1265,-3.000056349811803,-4.2736092184332435
3979,261.995,10.973250663540064,2541.4486546763687,173.13647250131547,1946.857769311468,2544.1176902578172,97.9976093713771,77.5285791797625,458.4092876560872,6.165538819318907,1265,-3.0000563636258417,-4.273149590274798
3980,262.005,10.973584004945819,2541.4484727953413,173.13255627415853,1946.8622103313057,2544.1175711909223,97.9975622378528,77.52640122050393,458.34079620526484,6.165753896440597,1265,-3.0000563774397686,-4.272689993165315
3981,262.015,10.973917319330216,2541.4482909121025,173.1286413414111,1946.8666512331838,2544.1174521232842,97.9975151042338,77.52422357967801,458.27230667900847,6.165968967518479,1265,-3.0000563912535827,-4.272230427096
3982,262.025,10.974250606701004,2541.4481090266554,173.1247277026526,1946.8710920171202,2544.117333054905,97.99746797052006,77.52204625718566,458.2038190770366,6.166184032553438,1265,-3.000056405067286,-4.2717708920580595
3983,262.03499999999997,10.974583867065924,2541.4479271389973,173.12081535749894,1946.8755326831335,2544.1172139857813,97.99742083671161,77.51986925292785,458.1353333990678,6.166399091546356,1265,-3.000056418880878,-4.271311388042705
3984,262.04499999999996,10.974917100432721,2541.4477452491283,173.11690430545266,1946.8799732312411,2544.1170949159145,97.99737370280846,77.51769256680556,458.06684964482054,6.1666141444981175,1265,-3.000056432694358,-4.2708519150411455
3985,262.055,10.975250306809134,2541.4475633570505,173.11299454602772,1946.884413661461,2544.1169758453066,97.99732656881058,77.51551619871982,457.99836781401353,6.166829191409607,1265,-3.0000564465077266,-4.270392473044601
3986,262.065,10.975583486202892,2541.4473814627636,173.1090860788794,1946.8888539738093,2544.116856773956,97.997279434718,77.51334014857167,457.92988790636565,6.167044232281706,1265,-3.0000564603209834,-4.269933062044259
3987,262.075,10.97591663862174,2541.447199566267,173.10517890348754,1946.893294168305,2544.116737701863,97.9972323005307,77.51116441626222,457.8614099215957,6.167259267115297,1265,-3.0000564741341296,-4.2694736820313635
3988,262.085,10.976249764073417,2541.44701766756,173.10127301940975,1946.8977342449664,2544.116618629026,97.9971851662487,77.50898900169257,457.7929338594226,6.167474295911262,1265,-3.0000564879471647,-4.269014332997111
3989,262.09499999999997,10.976582862565644,2541.4468357666465,173.09736842622146,1946.9021742038096,2544.116499555449,97.99713803187203,77.50681390476389,457.7244597195654,6.167689318670486,1265,-3.000056501760089,-4.2685550149327085
3990,262.10499999999996,10.976915934106158,2541.446653863523,173.09346512354162,1946.9066140448526,2544.116380481129,97.99709089740062,77.50463912537737,457.65598750174337,6.167904335393847,1265,-3.0000565155729015,-4.268095727829398
3991,262.115,10.977248978702695,2541.446471958191,173.08956311080829,1946.9110537681145,2544.116261406067,97.99704376283452,77.50246466343424,457.58751720567545,6.168119346082229,1265,-3.0000565293856045,-4.267636471678371
3992,262.125,10.977581996362968,2541.44629005065,173.0856623876558,1946.9154933736102,2544.1161423302624,97.99699662817373,77.50029051883574,457.51904883108125,6.168334350736512,1265,-3.0000565431981956,-4.267177246470851
3993,262.135,10.97791498709472,2541.4461081409017,173.08176295358626,1946.9199328613602,2544.116023253717,97.99694949341827,77.49811669148316,457.45058237767995,6.168549349357576,1265,-3.0000565570106765,-4.266718052198063
3994,262.145,10.978247950905665,2541.4459262289442,173.07786480831362,1946.9243722313797,2544.115904176428,97.9969023585681,77.49594318127785,457.38211784519103,6.1687643419463045,1265,-3.0000565708230473,-4.266258888851226
3995,262.155,10.978580887803536,2541.44574431478,173.07396795114565,1946.9288114836884,2544.115785098399,97.99685522362324,77.49376998812117,457.3136552333341,6.1689793285035766,1265,-3.000056584635308,-4.265799756421552
3996,262.16499999999996,10.978913797796048,2541.445562398407,173.07007238183547,1946.933250618303,2544.1156660196275,97.99680808858369,77.49159711191449,457.2451945418289,6.169194309030272,1265,-3.000056598447458,-4.265340654900275
3997,262.17499999999995,10.979246680890927,2541.4453804798272,173.0661780998597,1946.9376896352408,2544.1155469401147,97.99676095344948,77.48942455255923,457.176735770395,6.169409283527271,1265,-3.0000566122594985,-4.264881584278602
3998,262.185,10.979579537095887,2541.445198559039,173.0622851047876,1946.94212853452,2544.1154278598597,97.9967138182206,77.48725230995687,457.1082789187523,6.169624251995453,1265,-3.000056626071428,-4.26442254454777
3999,262.195,10.979912366418645,2541.445016636044,173.058393396182,1946.9465673161571,2544.115308778864,97.99666668289701,77.48508038400891,457.0398239866208,6.169839214435698,1265,-3.0000566398832484,-4.263963535698995
4000,262.205,10.980245168866922,2541.444834710842,173.05450297360943,1946.9510059801714,2544.115189697127,97.99661954747877,77.48290877461687,456.97137097372035,6.170054170848885,1265,-3.0000566536949584,-4.263504557723498
4001,262.215,10.980577944448424,2541.4446527834316,173.05061383662965,1946.955444526579,2544.115070614647,97.99657241196584,77.48073748168231,456.90291987977116,6.170269121235892,1265,-3.0000566675065596,-4.263045610612527
4002,262.22499999999997,10.980910693170868,2541.4444708538167,173.04672598476358,1946.9598829553977,2544.1149515314273,97.99652527635826,77.47856650510683,456.83447070449336,6.170484065597598,1265,-3.000056681318051,-4.262586694357272
4003,262.235,10.981243415041963,2541.4442889219945,173.0428394176079,1946.9643212666454,2544.114832447466,97.996478140656,77.47639584479204,456.76602344760715,6.170699003934881,1265,-3.0000566951294325,-4.262127808948986
4004,262.245,10.981576110069426,2541.444106987964,173.0389541347509,1946.9687594603406,2544.114713362763,97.99643100485909,77.47422550063962,456.6975781088329,6.17091393624862,1265,-3.000056708940705,-4.261668954378914
4005,262.255,10.981908778260951,2541.4439250517275,173.0350701356817,1946.9731975364984,2544.1145942773182,97.99638386896751,77.47205547255128,456.6291346878911,6.171128862539692,1265,-3.000056722751868,-4.261210130638256
4006,262.265,10.982241419624255,2541.4437431132856,173.03118742003508,1946.977635495139,2544.114475191134,97.99633673298126,77.46988576042871,456.56069318450227,6.1713437828089726,1265,-3.0000567365629216,-4.260751337718245
4007,262.275,10.982574034167039,2541.4435611726376,173.0273059872933,1946.9820733362785,2544.114356104208,97.99628959690035,77.46771636417371,456.49225359838704,6.171558697057343,1265,-3.0000567503738664,-4.260292575610128
4008,262.28499999999997,10.982906621897008,2541.4433792297855,173.0234258371022,1946.9865110599353,2544.1142370165426,97.99624246072482,77.46554728368807,456.423815929266,6.171773605285677,1265,-3.0000567641847025,-4.2598338443051205
4009,262.29499999999996,10.98323918282186,2541.443197284725,173.01954696892673,1946.9909486661259,2544.114117928135,97.9961953244546,77.4633785188736,456.35538017686,6.171988507494851,1265,-3.0000567779954297,-4.259375143794475
4010,262.305,10.983571716949294,2541.44301533746,173.01566938239853,1946.9953861548681,2544.113998838987,97.99614818808975,77.46121006963217,456.2869463408899,6.172203403685744,1265,-3.0000567918060477,-4.258916474069419
4011,262.315,10.983904224287015,2541.4428333879896,173.0117930770501,1946.99982352618,2544.113879749098,97.99610105163026,77.45904193586568,456.2185144210767,6.17241829385923,1265,-3.000056805616558,-4.258457835121179
4012,262.325,10.98423670484271,2541.4426514363145,173.0079180524587,1947.004260780078,2544.1137606584693,97.99605391507612,77.45687411747606,456.15008441714133,6.172633178016184,1265,-3.000056819426959,-4.257999226941
4013,262.335,10.984569158624085,2541.442469482434,173.0040443081478,1947.0086979165815,2544.1136415671003,97.99600677842734,77.45470661436529,456.0816563288051,6.172848056157483,1265,-3.000056833237252,-4.257540649520111
4014,262.34499999999997,10.98490158563883,2541.4422875263476,173.00017184370654,1947.0131349357073,2544.11352247499,97.99595964168392,77.45253942643534,456.013230155789,6.173062928284002,1265,-3.000056847047437,-4.257082102849756
4015,262.35499999999996,10.985233985894627,2541.442105568058,172.9963006587636,1947.0175718374708,2544.113403382141,97.99591250484588,77.45037255358827,455.9448058978145,6.173277794396617,1265,-3.0000568608575136,-4.256623586921174
4016,262.365,10.985566359399183,2541.4419236075637,172.99243075271679,1947.0220086218926,2544.113284288551,97.99586536791317,77.44820599572613,455.8763835546029,6.173492654496202,1265,-3.000056874667482,-4.256165101725605
4017,262.375,10.985898706160171,2541.4417416448637,172.98856212526837,1947.026445288988,2544.1131651942196,97.99581823088585,77.44603975275099,455.80796312587574,6.17370750858363,1265,-3.0000568884773426,-4.255706647254301
4018,262.385,10.986231026185292,2541.4415596799604,172.98469477597007,1947.0308818387768,2544.113046099149,97.99577109376388,77.44387382456503,455.7395446113545,6.1739223566597765,1265,-3.000056902287095,-4.255248223498481
4019,262.395,10.98656331948222,2541.4413777128525,172.98082870432876,1947.0353182712738,2544.1129270033384,97.99572395654731,77.44170821107039,455.67112801076087,6.174137198725516,1265,-3.0000569160967405,-4.254789830449406
4020,262.405,10.986895586058646,2541.441195743542,172.97696390991678,1947.0397545864978,2544.1128079067885,97.99567681923611,77.43954291216926,455.6027133238166,6.1743520347817205,1265,-3.000056929906278,-4.254331468098298
4021,262.41499999999996,10.987227825922249,2541.441013772026,172.97310039233344,1947.044190784466,2544.112688809498,97.99562968183028,77.43737792776388,455.53430055024353,6.174566864829265,1265,-3.0000569437157076,-4.253873136436434
4022,262.42499999999995,10.98756003908071,2541.440831798307,172.96923815113254,1947.048626865196,2544.1125697114685,97.99558254432985,77.43521325775652,455.4658896897636,6.174781688869021,1265,-3.00005695752503,-4.25341483545504
4023,262.435,10.987892225541712,2541.440649822385,172.9653771857889,1947.0530628287054,2544.112450612699,97.99553540673479,77.43304890204948,455.39748074209876,6.174996506901863,1265,-3.0000569713342453,-4.252956565145358
4024,262.445,10.98822438531293,2541.440467844258,172.96151749601117,1947.0574986750119,2544.1123315131886,97.99548826904511,77.43088486054506,455.32907370697103,6.175211318928662,1265,-3.0000569851433534,-4.252498325498657
4025,262.455,10.988556518402044,2541.4402858639296,172.95765908128115,1947.0619344041324,2544.1122124129406,97.99544113126083,77.42872113314567,455.26066858410263,6.17542612495029,1265,-3.000056998952355,-4.252040116506162
4026,262.465,10.988888624816724,2541.440103881397,172.95380194118258,1947.0663700160849,2544.1120933119523,97.99539399338194,77.42655771975369,455.1922653732159,6.175640924967621,1265,-3.000057012761249,-4.2515819381591315
4027,262.47499999999997,10.98922070456464,2541.4399218966632,172.94994607525607,1947.0708055108857,2544.111974210225,97.99534685540844,77.42439462027154,455.12386407403295,6.175855718981526,1265,-3.000057026570036,-4.25112379044882
4028,262.485,10.989552757653472,2541.4397399097243,172.94609148303616,1947.0752408885535,2544.1118551077575,97.99529971734032,77.42223183460169,455.0554646862764,6.176070506992875,1265,-3.0000570403787163,-4.2506656733664725
4029,262.495,10.989884784090885,2541.4395579205834,172.94223816417167,1947.079676149105,2544.11173600455,97.99525257917762,77.42006936264661,454.9870672096688,6.176285289002542,1265,-3.00005705418729,-4.250207586903349
4030,262.505,10.99021678388455,2541.43937592924,172.93838611821894,1947.0841112925582,2544.111616900605,97.9952054409203,77.4179072043089,454.9186716439326,6.176500065011395,1265,-3.000057067995758,-4.2497495310506865
4031,262.515,10.990548757042129,2541.439193935696,172.9345353446966,1947.0885463189297,2544.1114977959214,97.9951583025684,77.41574535949107,454.85027798879054,6.176714835020306,1265,-3.0000570818041186,-4.249291505799755
4032,262.525,10.990880703571289,2541.4390119399495,172.93068584314463,1947.0929812282377,2544.111378690498,97.9951111641219,77.41358382809574,454.7818862439654,6.176929599030145,1265,-3.000057095612373,-4.2488335111418065
4033,262.53499999999997,10.9912126234797,2541.4388299419998,172.92683761322778,1947.0974160205,2544.111259584335,97.99506402558082,77.41142261002551,454.7134964091801,6.177144357041781,1265,-3.0000571094205215,-4.2483755470681
4034,262.54499999999996,10.991544516775013,2541.4386479418486,172.922990654458,1947.1018506957319,2544.1111404774338,97.99501688694512,77.40926170518307,454.64510848415745,6.177359109056086,1265,-3.0000571232285633,-4.247917613569884
4035,262.555,10.991876383464897,2541.438465939495,172.9191449663537,1947.106285253953,2544.111021369793,97.99496974821487,77.40710111347111,454.5767224686206,6.177573855073929,1265,-3.0000571370365003,-4.247459710638417
4036,262.565,10.99220822355701,2541.438283934941,172.91530054851796,1947.1107196951807,2544.1109022614146,97.99492260939002,77.40494083479237,454.50833836229253,6.177788595096179,1265,-3.0000571508443308,-4.247001838264968
4037,262.575,10.992540037059003,2541.438101928185,172.91145740054128,1947.1151540194298,2544.110783152297,97.99487547047059,77.4027808690496,454.43995616489656,6.178003329123705,1265,-3.0000571646520555,-4.246543996440778
4038,262.585,10.99287182397854,2541.4379199192276,172.90761552197904,1947.119588226721,2544.1106640424405,97.99482833145659,77.40062121614558,454.37157587615604,6.178218057157375,1265,-3.000057178459675,-4.246086185157123
4039,262.59499999999997,10.993203584323272,2541.4377379080693,172.90377491240045,1947.1240223170696,2544.1105449318457,97.994781192348,77.39846187598316,454.30319749579417,6.178432779198059,1265,-3.000057192267189,-4.245628404405261
4040,262.60499999999996,10.993535318100847,2541.43755589471,172.8999355712955,1947.128456290493,2544.1104258205123,97.99473405314484,77.3963028484652,454.2348210235345,6.178647495246624,1265,-3.0000572060745965,-4.245170654176457
4041,262.615,10.993867025318924,2541.4373738791505,172.89609749834213,1947.1328901470094,2544.110306708442,97.9946869138471,77.39414413349459,454.1664464591006,6.178862205303939,1265,-3.0000572198818993,-4.244712934461971
4042,262.625,10.994198705985152,2541.437191861389,172.8922606930711,1947.1373238866365,2544.110187595631,97.9946397744548,77.39198573097427,454.09807380221605,6.17907690937087,1265,-3.0000572336890974,-4.2442552452530595
4043,262.635,10.994530360107172,2541.4370098414283,172.88842515500235,1947.1417575093901,2544.1100684820844,97.99459263496793,77.38982764080718,454.02970305260465,6.1792916074482855,1265,-3.00005724749619,-4.2437975865410005
4044,262.645,10.99486198769263,2541.4368278192665,172.88459088375598,1947.1461910152882,2544.109949367798,97.99454549538649,77.38766986289633,453.96133420999,6.179506299537053,1265,-3.000057261303178,-4.243339958317062
4045,262.655,10.995193588749189,2541.436645794905,172.880757878879,1947.15062440435,2544.1098302527744,97.99449835571049,77.38551239714474,453.8929672740963,6.179720985638038,1265,-3.000057275110061,-4.242882360572488
4046,262.66499999999996,10.99552516328447,2541.4364637683416,172.876926139987,1947.1550576765896,2544.1097111370113,97.99445121593995,77.38335524345547,453.8246022446472,6.179935665752109,1265,-3.0000572889168393,-4.24242479329858
4047,262.67499999999995,10.99585671130612,2541.436281739581,172.87309566655608,1947.159490832026,2544.1095920205125,97.99440407607484,77.38119840173161,453.75623912136695,6.180150339880131,1265,-3.0000573027235125,-4.24196725648658
4048,262.685,10.99618823282179,2541.4360997086173,172.86926645824278,1947.1639238706775,2544.109472903274,97.99435693611518,77.3790418718763,453.6878779039797,6.180365008022971,1265,-3.000057316530081,-4.241509750127767
4049,262.695,10.996519727839107,2541.4359176754565,172.86543851454113,1947.16835679256,2544.1093537852985,97.99430979606097,77.37688565379268,453.61951859220954,6.180579670181493,1265,-3.0000573303365456,-4.241052274213416
4050,262.705,10.996851196365714,2541.4357356400956,172.86161183504245,1947.1727895976908,2544.109234666586,97.9942626559122,77.37472974738397,453.551161185781,6.180794326356565,1265,-3.000057344142906,-4.2405948287347925
4051,262.715,10.997182638409244,2541.4355536025337,172.85778641937398,1947.177222286088,2544.1091155471345,97.9942155156689,77.37257415255336,453.48280568441834,6.18100897654905,1265,-3.0000573579491614,-4.240137413683181
4052,262.72499999999997,10.997514053977337,2541.435371562774,172.85396226706385,1947.1816548577688,2544.1089964269463,97.99416837533104,77.37041886920412,453.41445208784603,6.181223620759814,1265,-3.000057371755313,-4.239680029049833
4053,262.735,10.997845443077617,2541.435189520815,172.85013937766223,1947.18608731275,2544.1088773060205,97.99412123489866,77.36826389723954,453.34610039578865,6.181438258989721,1265,-3.0000573855613615,-4.2392226748260455
4054,262.745,10.998176805717716,2541.435007476657,172.8463177507141,1947.1905196510484,2544.1087581843576,97.99407409437173,77.36610923656296,453.27775060797103,6.181652891239637,1265,-3.000057399367306,-4.238765351003087
4055,262.755,10.99850814190527,2541.4348254303,172.84249738588434,1947.1949518726833,2544.108639061957,97.99402695375025,77.36395488707771,453.20940272411775,6.181867517510425,1265,-3.0000574131731463,-4.238308057572222
4056,262.765,10.998839451647902,2541.4346433817445,172.8386782826649,1947.19938397767,2544.1085199388194,97.99397981303424,77.36180084868721,453.14105674395364,6.18208213780295,1265,-3.000057426978883,-4.2378507945247454
4057,262.775,10.99917073495323,2541.43446133099,172.83486044062815,1947.2038159660258,2544.108400814944,97.99393267222369,77.35964712129484,453.0727126672037,6.182296752118074,1265,-3.0000574407845164,-4.237393561851925
4058,262.78499999999997,10.999501991828895,2541.4342792780367,172.83104385938535,1947.2082478377697,2544.108281690332,97.99388553131863,77.3574937048041,453.0043704935929,6.182511360456661,1265,-3.0000574545900456,-4.236936359545041
4059,262.79499999999996,10.99983322228251,2541.434097222885,172.82722853850427,1947.2126795929173,2544.108162564983,97.99383839031904,77.35534059911843,452.9360302228463,6.182725962819575,1265,-3.0000574683954717,-4.236479187595374
4060,262.805,11.000164426321696,2541.4339151655363,172.8234144774809,1947.2171112314863,2544.1080434388973,97.99379124922493,77.3531878041414,452.86769185468904,6.182940559207678,1265,-3.0000574822007953,-4.236022045994206
4061,262.815,11.000495603954084,2541.433733105989,172.81960167597632,1947.2215427534954,2544.107924312075,97.99374410803627,77.35103531977651,452.7993553888465,6.183155149621832,1265,-3.000057496006016,-4.235564934732826
4062,262.825,11.000826755187274,2541.433551044244,172.81579013351413,1947.225974158959,2544.107805184515,97.99369696675312,77.34888314592739,452.73102082504386,6.1833697340629,1265,-3.000057509811133,-4.235107853802506
4063,262.835,11.001157880028902,2541.433368980301,172.81197984967855,1947.2304054478968,2544.10768605622,97.99364982537546,77.34673128249763,452.6626881630067,6.183584312531744,1265,-3.0000575236161473,-4.234650803194524
4064,262.84499999999997,11.001488978486575,2541.4331869141606,172.8081708240299,1947.2348366203255,2544.1075669271872,97.99360268390328,77.34457972939089,452.5943574024604,6.183798885029226,1265,-3.0000575374210583,-4.234193782900177
4065,262.85499999999996,11.0018200505679,2541.4330048458223,172.8043630561575,1947.239267676261,2544.107447797417,97.99355554233658,77.34242848651085,452.5260285431307,6.184013451556209,1265,-3.0000575512258676,-4.2337367929107526
4066,262.865,11.002151096280501,2541.432822775286,172.80055654561954,1947.2436986157227,2544.107328666911,97.99350840067538,77.34027755376124,452.4577015847431,6.18422801211355,1265,-3.0000575650305734,-4.233279833217538
4067,262.875,11.00248211563198,2541.432640702553,172.79675129203295,1947.2481294387258,2544.107209535669,97.99346125891965,77.3381269310458,452.38937652702356,6.1844425667021135,1265,-3.000057578835177,-4.232822903811809
4068,262.885,11.002813108629947,2541.432458627623,172.79294729485963,1947.2525601452885,2544.1070904036906,97.99341411706943,77.33597661826832,452.32105336969784,6.184657115322759,1265,-3.000057592639679,-4.232366004684856
4069,262.895,11.00314407528201,2541.4322765504953,172.78914455382468,1947.2569907354273,2544.1069712709755,97.99336697512472,77.33382661533258,452.25273211249186,6.184871657976347,1265,-3.0000576064440785,-4.23190913582798
4070,262.905,11.003475015595788,2541.432094471172,172.7853430683242,1947.2614212091612,2544.1068521375246,97.99331983308551,77.33167692214249,452.1844127551317,6.185086194663738,1265,-3.000057620248376,-4.231452297232461
4071,262.91499999999996,11.003805929578863,2541.431912389651,172.78154283807822,1947.2658515665053,2544.1067330033375,97.99327269095178,77.32952753860187,452.1160952973435,6.185300725385791,1265,-3.0000576340525718,-4.230995488889594
4072,262.92499999999995,11.004136817238855,2541.431730305934,172.77774386263448,1947.2702818074779,2544.106613868414,97.99322554872356,77.32737846461465,452.04777973885336,6.185515250143366,1265,-3.000057647856665,-4.230538710790673
4073,262.935,11.004467678583355,2541.431548220019,172.77394614148048,1947.2747119320957,2544.106494732754,97.99317840640084,77.3252297000848,451.97946607938763,6.185729768937324,1265,-3.000057661660657,-4.230081962926985
4074,262.945,11.00479851361997,2541.4313661319093,172.77014967427502,1947.2791419403766,2544.106375596359,97.99313126398364,77.32308124491625,451.9111543186726,6.1859442817685215,1265,-3.000057675464547,-4.22962524528983
4075,262.955,11.0051293223563,2541.431184041603,172.76635446057122,1947.2835718323377,2544.1062564592285,97.99308412147195,77.32093309901305,451.8428444564347,6.186158788637819,1265,-3.0000576892683353,-4.229168557870491
4076,262.965,11.00546010479993,2541.4310019490986,172.76256049988731,1947.2880016079944,2544.10613732136,97.99303697886579,77.31878526227922,451.7745364924005,6.186373289546074,1265,-3.0000577030720224,-4.228711900660284
4077,262.97499999999997,11.005790860958472,2541.4308198544004,172.75876779193314,1947.2924312673667,2544.106018182758,97.99298983616515,77.31663773461884,451.70623042629677,6.1865877844941455,1265,-3.000057716875608,-4.2282552736504915
4078,262.985,11.006121590839504,2541.4306377575062,172.75497633612395,1947.2968608104693,2544.105899043421,97.99294269337001,77.31449051593603,451.63792625785004,6.1868022734828925,1265,-3.000057730679093,-4.227798676832408
4079,262.995,11.006452294450629,2541.430455658416,172.75118613212112,1947.3012902373216,2544.105779903347,97.9928955504804,77.31234360613492,451.5696239867871,6.18701675651317,1265,-3.000057744482477,-4.227342110197345
4080,263.005,11.00678297179943,2541.430273557131,172.7473971794656,1947.3057195479387,2544.1056607625383,97.99284840749633,77.31019700511966,451.50132361283494,6.187231233585838,1265,-3.000057758285759,-4.226885573736595
4081,263.015,11.0071136228935,2541.4300914536484,172.74360947775864,1947.310148742339,2544.105541620993,97.99280126441778,77.3080507127945,451.43302513572036,6.187445704701752,1265,-3.0000577720889408,-4.226429067441458
4082,263.025,11.007444247740429,2541.4299093479717,172.7398230265557,1947.3145778205392,2544.1054224787135,97.99275412124474,77.30590472906364,451.3647285551705,6.187660169861771,1265,-3.000057785892022,-4.225972591303233
4083,263.03499999999997,11.0077748463478,2541.4297272401,172.73603782546894,1947.3190067825567,2544.105303335699,97.99270697797724,77.30375905383137,451.29643387091255,6.187874629066751,1265,-3.0000577996950026,-4.2255161453132235
4084,263.04499999999996,11.00810541872319,2541.429545130032,172.73225387403573,1947.3234356284074,2544.1051841919475,97.99265983461528,77.30161368700197,451.22814108267363,6.188089082317547,1265,-3.000057813497882,-4.225059729462746
4085,263.055,11.008435964874193,2541.4293630177694,172.72847117180282,1947.32786435811,2544.105065047462,97.99261269115888,77.29946862847981,451.159850190181,6.188303529615016,1265,-3.0000578273006617,-4.224603343743084
4086,263.065,11.008766484808392,2541.429180903313,172.72468971842395,1947.3322929716817,2544.104945902242,97.992565547608,77.29732387816924,451.09156119316214,6.188517970960014,1265,-3.0000578411033407,-4.2241469881455505
4087,263.075,11.009096978533357,2541.428998786661,172.72090951340545,1947.3367214691386,2544.104826756287,97.99251840396265,77.29517943597463,451.0232740913444,6.188732406353396,1265,-3.00005785490592,-4.223690662661459
4088,263.085,11.009427446056668,2541.428816667814,172.71713055638452,1947.3411498504977,2544.104707609596,97.99247126022286,77.29303530180046,450.9549888844555,6.18894683579602,1265,-3.000057868708399,-4.22323436728211
4089,263.09499999999997,11.009757887385906,2541.428634546773,172.71335284691125,1947.3455781157766,2544.1045884621717,97.99242411638863,77.29089147555116,450.88670557222287,6.1891612592887375,1265,-3.0000578825107773,-4.222778101998807
4090,263.10499999999996,11.010088302528644,2541.4284524235386,172.70957638452754,1947.3500062649928,2544.1044693140125,97.99237697245995,77.28874795713124,450.81842415437444,6.189375676832405,1265,-3.0000578963130566,-4.2223218668028615
4091,263.115,11.010418691492461,2541.428270298108,172.70580116882604,1947.3544342981636,2544.1043501651175,97.9923298284368,77.28660474644522,450.75014463063786,6.189590088427877,1265,-3.000057910115236,-4.221865661685585
4092,263.125,11.010749054284917,2541.4280881704854,172.7020271994298,1947.3588622153038,2544.1042310154894,97.9922826843192,77.28446184339766,450.681867000741,6.189804494076009,1265,-3.0000579239173155,-4.221409486638283
4093,263.135,11.0110793909136,2541.4279060406666,172.6982544758354,1947.3632900164341,2544.104111865125,97.99223554010719,77.28231924789318,450.613591264412,6.190018893777653,1265,-3.000057937719296,-4.220953341652286
4094,263.145,11.011409701386066,2541.427723908654,172.69448299772822,1947.3677177015693,2544.103992714027,97.99218839580072,77.28017695983638,450.5453174213788,6.1902332875336645,1265,-3.000057951521177,-4.220497226718883
4095,263.155,11.011739985709875,2541.4275417744493,172.69071276455458,1947.372145270725,2544.1038735621955,97.99214125139981,77.27803497913195,450.47704547136954,6.190447675344895,1265,-3.0000579653229584,-4.220041141829396
4096,263.16499999999996,11.012070243892618,2541.4273596380494,172.68694377600312,1947.3765727239224,2544.103754409628,97.99209410690449,77.27589330568452,450.4087754141124,6.1906620572122,1265,-3.000057979124641,-4.21958508697514
4097,263.17499999999995,11.012400475941831,2541.4271774994572,172.6831760316104,1947.3810000611743,2544.1036352563283,97.9920469623147,77.27375193939885,450.3405072493358,6.190876433136431,1265,-3.000057992926224,-4.21912906214743
4098,263.185,11.0127306818651,2541.42699535867,172.67940953095996,1947.3854272825008,2544.103516102293,97.9919998176305,77.2716108801797,450.27224097676805,6.191090803118441,1265,-3.000058006727708,-4.218673067337578
4099,263.195,11.013060861669976,2541.4268132156903,172.6756442736263,1947.3898543879177,2544.103396947524,97.99195267285188,77.26947012793181,450.20397659613775,6.191305167159083,1265,-3.0000580205290936,-4.218217102536905
4100,263.205,11.013391015364025,2541.4266310705175,172.67188025913208,1947.3942813774427,2544.103277792021,97.99190552797883,77.26732968256006,450.1357141071733,6.191519525259208,1265,-3.0000580343303804,-4.2177611677367315
4101,263.215,11.013721142954795,2541.426448923152,172.66811748713556,1947.3987082510914,2544.103158635784,97.99185838301135,77.26518954396927,450.06745350960347,6.1917338774196695,1265,-3.000058048131569,-4.217305262928371
4102,263.22499999999997,11.014051244449853,2541.426266773592,172.66435595720634,1947.4031350088828,2544.103039478813,97.99181123794945,77.26304971206433,449.99919480315697,6.191948223641318,1265,-3.000058061932658,-4.216849388103144
4103,263.235,11.014381319856746,2541.4260846218413,172.66059566890416,1947.4075616508321,2544.102920321109,97.99176409279315,77.26091018675015,449.9309379875626,6.192162563925005,1265,-3.0000580757336497,-4.216393543252369
4104,263.245,11.014711369183027,2541.4259024678963,172.65683662174828,1947.4119881769566,2544.1028011626713,97.99171694754241,77.2587709679317,449.86268306254914,6.192376898271583,1265,-3.0000580895345426,-4.215937728367377
4105,263.255,11.015041392436258,2541.4257203117586,172.6530788154313,1947.4164145872744,2544.1026820034986,97.99166980219726,77.25663205551392,449.79443002784575,6.192591226681901,1265,-3.0000581033353373,-4.2154819434394835
4106,263.265,11.015371389623992,2541.425538153429,172.64932224944826,1947.4208408818033,2544.102562843594,97.99162265675771,77.25449344940185,449.7261788831815,6.192805549156811,1265,-3.0000581171360343,-4.215026188460013
4107,263.275,11.015701360753756,2541.425355992906,172.6455669234395,1947.4252670605567,2544.102443682955,97.99157551122377,77.25235514950052,449.65792962828544,6.193019865697162,1265,-3.000058130936633,-4.214570463420287
4108,263.28499999999997,11.016031305833122,2541.4251738301923,172.6418128369619,1947.4296931235554,2544.1023245215833,97.9915283655954,77.25021715571502,449.5896822628868,6.193234176303805,1265,-3.0000581447371344,-4.214114768311632
4109,263.29499999999996,11.016361224869623,2541.424991665285,172.6380599895494,1947.4341190708149,2544.1022053594775,97.99148121987261,77.24807946795045,449.5214367867149,6.193448480977589,1265,-3.000058158537538,-4.213659103125379
4110,263.305,11.01669111787081,2541.4248094981863,172.63430838084363,1947.4385449023519,2544.102086196639,97.99143407405546,77.24594208611194,449.45319319949925,6.193662779719364,1265,-3.0000581723378437,-4.213203467852845
4111,263.315,11.017020984844219,2541.424627328894,172.63055801040804,1947.4429706181834,2544.1019670330656,97.9913869281439,77.24380501010468,449.38495150096924,6.193877072529981,1265,-3.000058186138052,-4.2127478624853785
4112,263.325,11.017350825797395,2541.4244451574123,172.62680887782622,1947.4473962183263,2544.1018478687615,97.99133978213793,77.24166823983386,449.3167116908544,6.194091359410287,1265,-3.000058199938163,-4.212292287014277
4113,263.335,11.017680640737881,2541.424262983738,172.6230609826113,1947.4518217027983,2544.101728703724,97.99129263603757,77.23953177520472,449.2484737688845,6.19430564036113,1265,-3.0000582137381766,-4.2118367414308935
4114,263.34499999999997,11.018010429673215,2541.4240808078707,172.61931432443114,1947.4562470716162,2544.1016095379514,97.99124548984283,77.23739561612253,449.1802377347892,6.194519915383361,1265,-3.000058227538094,-4.211381225726557
4115,263.35499999999996,11.01834019261093,2541.4238986298137,172.61556890283674,1947.4606723247966,2544.101490371449,97.9911983435537,77.23525976249257,449.11200358829836,6.194734184477826,1265,-3.000058241337913,-4.210925739892586
4116,263.365,11.018669929558568,2541.423716449564,172.6118247174117,1947.4650974623573,2544.1013712042113,97.99115119717018,77.23312421422021,449.04377132914186,6.194948447645374,1265,-3.0000582551376356,-4.210470283920322
4117,263.375,11.018999640523655,2541.4235342671236,172.60808176775524,1947.4695224843142,2544.101252036242,97.99110405069227,77.2309889712108,448.97554095704976,6.195162704886854,1265,-3.0000582689372615,-4.2100148578011005
4118,263.385,11.019329325513722,2541.423352082492,172.60434005343234,1947.4739473906836,2544.10113286754,97.99105690411999,77.22885403336974,448.907312471752,6.195376956203111,1265,-3.0000582827367905,-4.209559461526252
4119,263.395,11.01965898453631,2541.4231698956687,172.60059957396916,1947.4783721814847,2544.1010136981045,97.99100975745331,77.22671940060242,448.8390858729789,6.195591201594993,1265,-3.000058296536223,-4.209104095087122
4120,263.405,11.01998861759894,2541.422987706656,172.59686032902036,1947.4827968567326,2544.100894527938,97.99096261069229,77.22458507281435,448.7708611604606,6.195805441063348,1265,-3.000058310335559,-4.208648758475022
4121,263.41499999999996,11.020318224709147,2541.4228055154485,172.5931223182143,1947.4872214164452,2544.1007753570366,97.99091546383688,77.22245104991097,448.70263833392744,6.196019674609022,1265,-3.0000583241347987,-4.208193451681316
4122,263.42499999999995,11.020647805874452,2541.4226233220547,172.58938554095755,1947.491645860639,2544.100656185406,97.9908683168871,77.22031733179787,448.6344173931098,6.196233902232861,1265,-3.0000583379339423,-4.20773817469733
4123,263.435,11.020977361102375,2541.4224411264677,172.58564999701755,1947.4960701893303,2544.100537013041,97.99082116984296,77.21818391838055,448.5661983377382,6.196448123935711,1265,-3.000058351732989,-4.207282927514404
4124,263.445,11.021306890400453,2541.42225892869,172.5819156859017,1947.5004944025377,2544.100417839944,97.99077402270446,77.2160508095646,448.49798116754323,6.196662339718418,1265,-3.0000583655319404,-4.206827710123875
4125,263.455,11.021636393776193,2541.422076728722,172.57818260714765,1947.5049185002763,2544.1002986661147,97.99072687547157,77.21391800525568,448.42976588225554,6.196876549581828,1265,-3.000058379330796,-4.206372522517082
4126,263.465,11.021965871237127,2541.4218945265657,172.57445076041853,1947.5093424825643,2544.100179491555,97.99067972814433,77.21178550535939,448.3615524816059,6.197090753526786,1265,-3.000058393129556,-4.2059173646853765
4127,263.47499999999997,11.022295322790768,2541.421712322216,172.57072014522942,1947.513766349418,2544.1000603162606,97.99063258072273,77.20965330978144,448.293340965325,6.1973049515541385,1265,-3.00005840692822,-4.205462236620092
4128,263.485,11.02262474844464,2541.421530115678,172.56699076124562,1947.5181901008552,2544.099941140236,97.99058543320676,77.20752141842753,448.22513133314396,6.197519143664729,1265,-3.0000584207267886,-4.20500713831257
4129,263.495,11.022954148206244,2541.421347906949,172.56326260795498,1947.5226137368907,2544.099821963479,97.99053828559646,77.20538983120343,448.1569235847936,6.1977333298594015,1265,-3.0000584345252617,-4.204552069754171
4130,263.505,11.023283522083107,2541.42116569603,172.55953568506862,1947.5270372575433,2544.09970278599,97.99049113789181,77.2032585480149,448.0887177200051,6.1979475101390005,1265,-3.0000584483236397,-4.204097030936222
4131,263.515,11.023612870082738,2541.4209834829226,172.5558099920205,1947.5314606628297,2544.0995836077705,97.99044399009279,77.20112756876776,448.02051373850946,6.19816168450437,1265,-3.000058462121922,-4.2036420218500785
4132,263.525,11.023942192212647,2541.420801267625,172.5520855284777,1947.5358839527657,2544.099464428819,97.99039684219944,77.19899689336783,447.9523116400381,6.198375852956357,1265,-3.000058475920109,-4.203187042487082
4133,263.53499999999997,11.024271488480348,2541.4206190501372,172.54836229399658,1947.5403071273697,2544.099345249136,97.99034969421176,77.196866521721,447.8841114243223,6.1985900154958005,1265,-3.0000584897182017,-4.202732092838578
4134,263.54499999999996,11.024600758893344,2541.420436830459,172.54464028816054,1947.5447301866573,2544.0992260687203,97.99030254612971,77.19473645373319,447.8159130910935,6.198804172123546,1265,-3.0000585035161995,-4.202277172895935
4135,263.555,11.024930003459147,2541.420254608593,172.54091951062887,1947.5491531306461,2544.0991068875746,97.99025539795333,77.1926066893103,447.747716640083,6.199018322840436,1265,-3.0000585173141023,-4.201822282650475
4136,263.565,11.025259222185252,2541.420072384536,172.53719996086673,1947.5535759593515,2544.098987705697,97.99020824968261,77.19047722835832,447.6795220710226,6.199232467647313,1265,-3.000058531111911,-4.201367422093571
4137,263.575,11.025588415079168,2541.41989015829,172.53348163855364,1947.557998672792,2544.0988685230873,97.99016110131755,77.18834807078323,447.61132938364386,6.1994466065450196,1265,-3.0000585449096246,-4.200912591216566
4138,263.585,11.025917582148404,2541.419707929856,172.52976454328086,1947.5624212709845,2544.0987493397474,97.99011395285818,77.18621921649111,447.5431385776785,6.199660739534399,1265,-3.0000585587072437,-4.200457790010804
4139,263.59499999999997,11.026246723400453,2541.4195256992307,172.52604867454903,1947.5668437539446,2544.0986301556745,97.99006680430446,77.18409066538797,447.4749496528584,6.199874866616292,1265,-3.000058572504769,-4.200003018467659
4140,263.60499999999996,11.026575838842815,2541.419343466418,172.5223340320033,1947.5712661216903,2544.098510970873,97.99001965565644,77.18196241737994,447.40676260891547,6.200088987791541,1265,-3.0000585863021993,-4.199548276578467
4141,263.615,11.02690492848299,2541.4191612314166,172.5186206152074,1947.5756883742379,2544.0983917853396,97.98997250691409,77.17983447237312,447.3385774455817,6.200303103060986,1265,-3.0000586000995364,-4.199093564334592
4142,263.625,11.02723399232847,2541.418978994226,172.51490842374892,1947.5801105116043,2544.0982725990752,97.98992535807741,77.17770683027368,447.2703941625891,6.200517212425471,1265,-3.000058613896779,-4.1986388817273905
4143,263.635,11.02756303038675,2541.4187967548455,172.5111974572209,1947.5845325338053,2544.0981534120797,97.98987820914643,77.17557949098781,447.20221275966986,6.200731315885833,1265,-3.0000586276939276,-4.198184228748218
4144,263.645,11.027892042665329,2541.418614513277,172.5074877152177,1947.5889544408599,2544.098034224353,97.98983106012112,77.17345245442175,447.13403323655626,6.200945413442916,1265,-3.000058641490983,-4.197729605388428
4145,263.655,11.028221029171693,2541.4184322695214,172.5037791973448,1947.5933762327832,2544.0979150358967,97.9897839110015,77.17132572048172,447.06585559298054,6.20115950509756,1265,-3.000058655287945,-4.197275011639379
4146,263.66499999999996,11.028549989913332,2541.4182500235747,172.50007190316578,1947.5977979095921,2544.0977958467083,97.98973676178755,77.16919928907402,446.9976798286752,6.2013735908506025,1265,-3.000058669084813,-4.196820447492441
4147,263.67499999999995,11.02887892489774,2541.4180677754407,172.49636583220857,1947.6022194713048,2544.0976766567896,97.98968961247931,77.16707316010495,446.9295059433727,6.201587670702886,1265,-3.000058682881587,-4.196365912938969
4148,263.685,11.029207834132393,2541.41788552512,172.49266098415978,1947.606640917936,2544.0975574661416,97.98964246307675,77.16494733348087,446.8613339368055,6.20180174465525,1265,-3.0000586966782685,-4.1959114079703195
4149,263.695,11.029536717624792,2541.417703272608,172.48895735852287,1947.6110622495048,2544.0974382747613,97.98959531357988,77.16282180910817,446.7931638087064,6.202015812708532,1265,-3.000058710474857,-4.195456932577864
4150,263.705,11.029865575382404,2541.417521017911,172.48525495495807,1947.6154834660251,2544.097319082653,97.9895481639887,77.16069658689322,446.7249955588081,6.202229874863572,1265,-3.000058724271352,-4.1950024867529585
4151,263.715,11.030194407412727,2541.4173387610244,172.4815537730267,1947.6199045675169,2544.097199889813,97.98950101430324,77.15857166674252,446.65682918684337,6.20244393112121,1265,-3.000058738067754,-4.194548070486971
4152,263.72499999999997,11.030523213723228,2541.41715650195,172.47785381228178,1947.6243255539944,2544.0970806962428,97.98945386452348,77.15644704856251,446.58866469254514,6.202657981482283,1265,-3.0000587518640636,-4.194093683771266
4153,263.735,11.0308519943214,2541.416974240689,172.4741550723613,1947.628746425476,2544.096961501943,97.98940671464943,77.15432273225967,446.52050207564645,6.202872025947631,1265,-3.000058765660281,-4.193639326597204
4154,263.745,11.031180749214712,2541.416791977238,172.47045755284825,1947.6331671819778,2544.096842306912,97.98935956468108,77.15219871774059,446.4523413358803,6.203086064518089,1265,-3.0000587794564053,-4.193184998956157
4155,263.755,11.03150947841064,2541.4166097116013,172.46676125327306,1947.6375878235156,2544.0967231111526,97.98931241461844,77.1500750049118,446.38418247297983,6.203300097194498,1265,-3.0000587932524363,-4.192730700839495
4156,263.765,11.031838181916667,2541.416427443776,172.46306617327375,1947.6420083501084,2544.096603914662,97.9892652644615,77.1479515936799,446.3160254866783,6.203514123977694,1265,-3.000058807048376,-4.192276432238596
4157,263.775,11.032166859740258,2541.416245173764,172.45937231245173,1947.6464287617712,2544.0964847174423,97.9892181142103,77.14582848395155,446.24787037670905,6.203728144868515,1265,-3.0000588208442234,-4.191822193144811
4158,263.78499999999997,11.032495511888888,2541.416062901564,172.45567967037428,1947.6508490585209,2544.096365519493,97.98917096386481,77.14370567563338,446.17971714280543,6.203942159867797,1265,-3.0000588346399786,-4.1913679835495135
4159,263.79499999999996,11.03282413837003,2541.4158806271766,172.45198824665232,1947.6552692403754,2544.0962463208134,97.98912381342502,77.1415831686321,446.111565784701,6.204156168976378,1265,-3.0000588484356414,-4.1909138034440785
4160,263.805,11.03315273919115,2541.4156983506023,172.44829804083224,1947.6596893073502,2544.0961271214037,97.98907666289098,77.13946096285441,446.0434163021292,6.204370172195093,1265,-3.0000588622312128,-4.190459652819889
4161,263.815,11.033481314359706,2541.4155160718406,172.4446090525661,1947.664109259461,2544.096007921265,97.98902951226268,77.13733905820709,445.97526869482374,6.20458416952478,1265,-3.000058876026692,-4.190005531668309
4162,263.825,11.033809863883187,2541.4153337908924,172.44092128132996,1947.6685290967278,2544.095888720397,97.98898236154007,77.13521745459694,445.9071229625183,6.204798160966273,1265,-3.00005888982208,-4.189551439980702
4163,263.835,11.034138387769039,2541.4151515077565,172.4372347268524,1947.6729488191645,2544.0957695187994,97.98893521072321,77.13309615193072,445.8389791049468,6.205012146520408,1265,-3.000058903617376,-4.189097377748473
4164,263.84499999999997,11.034466886024736,2541.4149692224346,172.4335493886477,1947.6773684267894,2544.0956503164725,97.98888805981208,77.13097515011533,445.7708371218431,6.205226126188022,1265,-3.000058917412581,-4.188643344962963
4165,263.85499999999996,11.034795358657727,2541.414786934926,172.42986526630636,1947.6817879196176,2544.095531113417,97.98884090880668,77.12885444905764,445.7026970129411,6.20544009996995,1265,-3.000058931207695,-4.188189341615563
4166,263.865,11.035123805675482,2541.41460464523,172.42618235941347,1947.6862072976674,2544.0954119096314,97.98879375770701,77.12673404866456,445.6345587779749,6.205654067867026,1265,-3.000058945002717,-4.187735367697664
4167,263.875,11.03545222708546,2541.4144223533467,172.4225006675814,1947.6906265609553,2544.095292705116,97.98874660651309,77.12461394884303,445.56642241667873,6.205868029880084,1265,-3.0000589587976485,-4.187281423200625
4168,263.885,11.035780622895105,2541.4142400592787,172.41882019039988,1947.6950457094958,2544.0951734998735,97.98869945522492,77.12249414950001,445.4982879287866,6.20608198600996,1265,-3.000058972592488,-4.186827508115834
4169,263.895,11.03610899311189,2541.4140577630233,172.41514092748784,1947.699464743309,2544.095054293901,97.98865230384247,77.12037465054254,445.430155314033,6.206295936257488,1265,-3.000058986387238,-4.186373622434678
4170,263.905,11.036437337743259,2541.4138754645815,172.4114628783536,1947.7038836624092,2544.0949350871992,97.98860515236578,77.11825545187766,445.3620245721522,6.206509880623501,1265,-3.000059000181896,-4.18591976614853
4171,263.91499999999996,11.036765656796662,2541.413693163953,172.40778604267732,1947.7083024668134,2544.094815879769,97.98855800079484,77.11613655341239,445.2938957028788,6.206723819108833,1265,-3.0000590139764647,-4.185465939248769
4172,263.92499999999995,11.037093950279564,2541.413510861139,172.4041104200147,1947.71272115654,2544.0946966716097,97.98851084912965,77.11401795505385,445.22576870594725,6.206937751714319,1265,-3.0000590277709422,-4.185012141726786
4173,263.935,11.037422218199398,2541.413328556139,172.40043600996484,1947.7171397316033,2544.094577462722,97.98846369737021,77.1118996567092,445.15764358109215,6.207151678440789,1265,-3.000059041565329,-4.184558373573971
4174,263.945,11.037750460563622,2541.413146248952,172.39676281209708,1947.7215581920211,2544.0944582531056,97.98841654551654,77.10978165828556,445.08952032804837,6.207365599289078,1265,-3.000059055359627,-4.184104634781698
4175,263.955,11.038078677379676,2541.4129639395805,172.3930908259797,1947.7259765378096,2544.0943390427615,97.98836939356862,77.10766395969014,445.0213989465505,6.2075795142600185,1265,-3.000059069153833,-4.183650925341343
4176,263.965,11.038406868655011,2541.412781628022,172.38942005130488,1947.7303947689861,2544.0942198316875,97.98832224152648,77.10554656083016,444.9532794363336,6.207793423354442,1265,-3.0000590829479497,-4.183197245244316
4177,263.97499999999997,11.038735034397067,2541.412599314277,172.3857504875827,1947.7348128855665,2544.094100619885,97.98827508939007,77.10342946161289,444.8851617971326,6.208007326573181,1265,-3.000059096741977,-4.182743594481995
4178,263.985,11.039063174613286,2541.412416998348,172.38208213440012,1947.739230887568,2544.093981407356,97.98822793715945,77.10131266194561,444.81704602868246,6.208221223917068,1265,-3.0000591105359136,-4.18228997304576
4179,263.995,11.039391289311112,2541.4122346802314,172.3784149913732,1947.7436487750076,2544.093862194097,97.9881807848346,77.09919616173562,444.74893213071834,6.2084351153869335,1265,-3.000059124329761,-4.181836380927024
4180,264.005,11.039719378497983,2541.4120523599304,172.37474905816003,1947.7480665479009,2544.09374298011,97.98813363241553,77.09707996089028,444.6808201029754,6.20864900098361,1265,-3.000059138123518,-4.181382818117153
4181,264.015,11.040047442181335,2541.411870037444,172.37108433426042,1947.752484206265,2544.0936237653946,97.98808647990221,77.09496405931698,444.61270994518907,6.208862880707928,1265,-3.000059151917186,-4.1809292846075445
4182,264.025,11.040375480368603,2541.4116877127717,172.3674208192879,1947.7569017501164,2544.093504549952,97.98803932729466,77.0928484569231,444.5446016570946,6.2090767545607175,1265,-3.000059165710766,-4.180475780389596
4183,264.03499999999997,11.040703493067229,2541.4115053859146,172.36375851284717,1947.7613191794726,2544.0933853337815,97.9879921745929,77.09073315361611,444.4764952384275,6.20929062254281,1265,-3.0000591795042553,-4.180022305454694
4184,264.04499999999996,11.041031480284628,2541.4113230568714,172.36009741451016,1947.765736494348,2544.093266116882,97.98794502179693,77.08861814930347,444.4083906889233,6.209504484655036,1265,-3.0000591932976555,-4.179568859794242
4185,264.055,11.04135944202825,2541.411140725644,172.35643752395762,1947.7701536947611,2544.093146899256,97.98789786890673,77.08650344389268,444.3402880083176,6.209718340898224,1265,-3.000059207090967,-4.179115443399625
4186,264.065,11.041687378305523,2541.4109583922304,172.35277884066647,1947.774570780729,2544.0930276809013,97.98785071592232,77.08438903729129,444.2721871963461,6.2099321912732055,1265,-3.0000592208841894,-4.178662056262256
4187,264.075,11.042015289123865,2541.410776056633,172.34912136431103,1947.7789877522657,2544.09290846182,97.98780356284371,77.08227492940685,444.2040882527446,6.210146035780809,1265,-3.0000592346773236,-4.178208698373502
4188,264.085,11.042343174490714,2541.4105937188488,172.34546509445408,1947.7834046093903,2544.092789242009,97.9877564096709,77.08016112014697,444.1359911772489,6.210359874421866,1265,-3.0000592484703685,-4.177755369724786
4189,264.09499999999997,11.042671034413493,2541.4104113788812,172.3418100306473,1947.7878213521187,2544.0926700214723,97.98770925640386,77.07804760941926,444.067895969595,6.210573707197202,1265,-3.0000592622633255,-4.177302070307497
4190,264.10499999999996,11.042998868899623,2541.4102290367287,172.33815617261212,1947.7922379804672,2544.092550800208,97.98766210304264,77.07593439713138,443.99980262951885,6.210787534107649,1265,-3.0000592760561933,-4.1768488001130315
4191,264.115,11.043326677956529,2541.4100466923906,172.33450351980153,1947.7966544944518,2544.0924315782154,97.9876149495872,77.07382148319104,443.9317111567567,6.211001355154033,1265,-3.0000592898489735,-4.176395559132805
4192,264.125,11.043654461591629,2541.4098643458683,172.33085207188032,1947.80107089409,2544.092312355496,97.98756779603755,77.07170886750592,443.8636215510446,6.211215170337184,1265,-3.0000593036416654,-4.175942347358192
4193,264.135,11.04398221981235,2541.409681997161,172.32720182845154,1947.805487179398,2544.0921931320486,97.98752064239372,77.06959654998381,443.7955338121189,6.211428979657929,1265,-3.000059317434269,-4.1754891647806165
4194,264.145,11.044309952626108,2541.40949964627,172.32355278908616,1947.809903350393,2544.092073907875,97.9874734886557,77.06748453053247,443.72744793971594,6.211642783117095,1265,-3.0000593312267845,-4.17503601139148
4195,264.155,11.04463766004031,2541.4093172931944,172.31990495343265,1947.8143194070897,2544.091954682974,97.98742633482347,77.06537280905972,443.6593639335721,6.211856580715511,1265,-3.000059345019213,-4.174582887182178
4196,264.16499999999996,11.04496534206238,2541.4091349379337,172.31625832102924,1947.818735349506,2544.0918354573455,97.98737918089707,77.06326138547341,443.591281793424,6.212070372454004,1265,-3.0000593588115536,-4.174129792144116
4197,264.17499999999995,11.045292998699736,2541.4089525804884,172.31261289147025,1947.8231511776592,2544.09171623099,97.98733202687649,77.0611502596814,443.5232015190081,6.2122841583334,1265,-3.000059372603806,-4.17367672626871
4198,264.185,11.045620629959785,2541.4087702208585,172.3089686643753,1947.8275668915649,2544.0915970039077,97.9872848727617,77.0590394315916,443.45512311006115,6.212497938354527,1265,-3.0000593863959715,-4.173223689547348
4199,264.195,11.045948235849934,2541.4085878590454,172.30532563930342,1947.8319824912387,2544.0914777760986,97.98723771855276,77.05692890111195,443.38704656632,6.212711712518211,1265,-3.0000594001880487,-4.172770681971456
4200,264.205,11.0462758163776,2541.4084054950476,172.301683815915,1947.836397976699,2544.091358547563,97.9871905642496,77.0548186681504,443.3189718875214,6.2129254808252785,1265,-3.0000594139800394,-4.172317703532426
4201,264.215,11.046603371550185,2541.408223128867,172.29804319377283,1947.8408133479606,2544.091239318301,97.98714340985228,77.05270873261497,443.2508990734022,6.2131392432765535,1265,-3.0000594277719426,-4.171864754221684
4202,264.22499999999997,11.046930901375106,2541.408040760501,172.29440377249512,1947.845228605042,2544.091120088312,97.9870962553608,77.05059909441367,443.18282812369955,6.213352999872865,1265,-3.000059441563759,-4.171411834030621
4203,264.235,11.04725840585975,2541.4078583899513,172.29076555161728,1947.8496437479573,2544.0910008575956,97.98704910077512,77.04848975345458,443.1147590381504,6.213566750615035,1265,-3.0000594553554887,-4.170958942950668
4204,264.245,11.047585885011536,2541.4076760172184,172.2871285307694,1947.854058776725,2544.0908816261544,97.98700194609529,77.04638070964576,443.04669181649206,6.213780495503891,1265,-3.0000594691471316,-4.1705060809732215
4205,264.255,11.047913338837857,2541.407493642301,172.28349270962363,1947.85847369136,2544.0907623939856,97.9869547913213,77.04427196289534,442.97862645846163,6.213994234540257,1265,-3.0000594829386875,-4.170053248089701
4206,264.265,11.048240767346124,2541.407311265201,172.279858087695,1947.8628884918808,2544.090643161092,97.98690763645313,77.0421635131115,442.91056296379656,6.214207967724958,1265,-3.0000594967301577,-4.169600444291517
4207,264.275,11.048568170543723,2541.407128885916,172.27622466457066,1947.8673031783019,2544.0905239274703,97.9868604814908,77.0400553602024,442.8425013322342,6.214421695058818,1265,-3.0000595105215404,-4.169147669570097
4208,264.28499999999997,11.048895548438056,2541.406946504448,172.27259243989351,1947.8717177506405,2544.0904046931237,97.9868133264343,77.03794750407623,442.77444156351197,6.214635416542662,1265,-3.0000595243128374,-4.168694923916837
4209,264.29499999999996,11.049222901036524,2541.4067641207957,172.26896141319904,1947.8761322089133,2544.0902854580495,97.98676617128366,77.03583994464127,442.70638365736755,6.214849132177313,1265,-3.0000595381040482,-4.168242207323168
4210,264.305,11.049550228346519,2541.4065817349606,172.26533158418698,1947.8805465531366,2544.09016622225,97.98671901603885,77.03373268180577,442.63832761353854,6.215062841963595,1265,-3.0000595518951725,-4.167789519780499
4211,264.315,11.049877530375431,2541.406399346941,172.2617029524148,1947.8849607833267,2544.0900469857243,97.98667186069989,77.03162571547804,442.5702734317627,6.215276545902332,1265,-3.0000595656862115,-4.167336861280256
4212,264.325,11.05020480713066,2541.4062169567387,172.25807551745993,1947.8893748995008,2544.0899277484723,97.98662470526678,77.02951904556642,442.5022211117779,6.215490243994346,1265,-3.0000595794771643,-4.166884231813846
4213,264.335,11.050532058619583,2541.4060345643547,172.25444927888302,1947.8937889016738,2544.0898085104964,97.98657754973952,77.02741267197928,442.4341706533219,6.21570393624046,1265,-3.000059593268031,-4.166431631372691
4214,264.34499999999997,11.050859284849604,2541.4058521697852,172.25082423637275,1947.8982027898646,2544.089689271793,97.98653039411812,77.025306594625,442.36612205613284,6.215917622641498,1265,-3.000059607058812,-4.165979059948219
4215,264.35499999999996,11.051186485828099,2541.4056697730334,172.24720038945978,1947.902616564087,2544.089570032364,97.98648323840257,77.023200813412,442.2980753199486,6.2161313031982806,1265,-3.000059620849508,-4.165526517531859
4216,264.365,11.051513661562456,2541.4054873740984,172.24357773779803,1947.907030224359,2544.0894507922094,97.9864360825929,77.02109532824878,442.2300304445075,6.216344977911631,1265,-3.0000596346401185,-4.165074004115014
4217,264.375,11.051840812060066,2541.405304972978,172.23995628094337,1947.9114437706974,2544.0893315513276,97.98638892668909,77.0189901390438,442.1619874295476,6.216558646782371,1265,-3.0000596484306437,-4.164621519689128
4218,264.385,11.052167937328301,2541.4051225696785,172.23633601846973,1947.9158572031167,2544.0892123097233,97.98634177069111,77.01688524570557,442.09394627480737,6.216772309811322,1265,-3.000059662221084,-4.164169064245603
4219,264.395,11.052495037374548,2541.404940164194,172.23271695007207,1947.9202705216348,2544.0890930673922,97.98629461459902,77.01478064814265,442.02590698002507,6.216985966999305,1265,-3.000059676011439,-4.163716637775872
4220,264.405,11.052822112206186,2541.4047577565266,172.22909907530192,1947.9246837262676,2544.088973824336,97.98624745841279,77.0126763462636,441.95786954493923,6.217199618347141,1265,-3.000059689801709,-4.163264240271377
4221,264.41499999999996,11.053149161830598,2541.4045753466776,172.22548239371397,1947.9290968170324,2544.0888545805547,97.98620030213242,77.01057233997707,441.8898339692883,6.217413263855653,1265,-3.0000597035918948,-4.162811871723533
4222,264.42499999999995,11.05347618625516,2541.4043929346444,172.2218669049869,1947.9335097939452,2544.0887353360476,97.98615314575794,77.00846862919167,441.821800252811,6.21762690352566,1265,-3.000059717381995,-4.1623595321237605
4223,264.435,11.053803185487244,2541.404210520429,172.21825260866277,1947.9379226570218,2544.0886160908162,97.98610598928934,77.00636521381608,441.7537683952459,6.21784053735798,1265,-3.000059731172011,-4.161907221463499
4224,264.445,11.054130159534221,2541.404028104031,172.21463950435074,1947.9423354062785,2544.088496844859,97.98605883272661,77.004262093759,441.685738396332,6.218054165353437,1265,-3.0000597449619426,-4.161454939734173
4225,264.455,11.05445710840347,2541.4038456854505,172.21102759169437,1947.9467480417325,2544.088377598177,97.98601167606978,77.00215926892915,441.61771025580805,6.218267787512849,1265,-3.00005975875179,-4.161002686927209
4226,264.465,11.054784032102358,2541.4036632646867,172.20741687027646,1947.9511605633993,2544.08825835077,97.98596451931881,77.0000567392353,441.549683973413,6.2184814038370355,1265,-3.0000597725415536,-4.160550463034053
4227,264.47499999999997,11.055110930638259,2541.4034808417405,172.20380733964095,1947.9555729712963,2544.0881391026373,97.98591736247374,76.99795450458626,441.48165954888583,6.2186950143268165,1265,-3.0000597863312324,-4.1600982680461245
4228,264.485,11.055437804018542,2541.4032984166124,172.20019899949608,1947.9599852654399,2544.088019853781,97.98587020553455,76.99585256489084,441.41363698196574,6.2189086189830105,1265,-3.0000598001208276,-4.159646101954859
4229,264.495,11.055764652250568,2541.4031159893025,172.19659184933116,1947.9643974458454,2544.0879006042005,97.98582304850126,76.99375092005789,441.34561627239185,6.2191222178064365,1265,-3.0000598139103385,-4.159193964751696
4230,264.505,11.0560914753417,2541.4029335598098,172.1929858888062,1947.9688095125296,2544.087781353894,97.98577589137388,76.9916495699963,441.2775974199035,6.219335810797913,1265,-3.0000598276997663,-4.158741856428068
4231,264.515,11.056418273299311,2541.402751128134,172.18938111754744,1947.9732214655091,2544.0876621028633,97.98572873415236,76.98954851461497,441.20958042423996,6.219549397958258,1265,-3.0000598414891098,-4.158289776975404
4232,264.525,11.056745046130759,2541.4025686942764,172.1857775351235,1947.9776333048,2544.0875428511085,97.98568157683675,76.98744775382286,441.1415652851407,6.219762979288291,1265,-3.0000598552783697,-4.157837726385157
4233,264.53499999999997,11.0570717938434,2541.4023862582367,172.1821751410958,1947.9820450304187,2544.0874235986294,97.98563441942704,76.98534728752894,441.07355200234525,6.219976554788829,1265,-3.000059869067547,-4.157385704648743
4234,264.54499999999996,11.057398516444605,2541.4022038200146,172.17857393518773,1947.986456642382,2544.0873043454253,97.98558726192323,76.98324711564221,441.00554057559316,6.220190124460689,1265,-3.000059882856641,-4.156933711757615
4235,264.555,11.057725213941726,2541.4020213796102,172.17497391690566,1947.9908681407064,2544.0871850914964,97.98554010432532,76.98114723807173,440.93753100462413,6.220403688304689,1265,-3.0000598966456513,-4.156481747703211
4236,264.565,11.058051886342115,2541.4018389370244,172.1713750858382,1947.995279525407,2544.0870658368444,97.98549294663333,76.97904765472651,440.8695232891779,6.220617246321646,1265,-3.000059910434579,-4.156029812476965
4237,264.575,11.058378533653135,2541.401656492256,172.16777744163932,1947.9996907965015,2544.086946581467,97.98544578884724,76.97694836551571,440.8015174289943,6.220830798512376,1265,-3.0000599242234234,-4.155577906070324
4238,264.585,11.058705155882135,2541.401474045307,172.16418098389994,1948.0041019540051,2544.0868273253673,97.98539863096708,76.97484937034842,440.7335134238133,6.221044344877696,1265,-3.000059938012186,-4.155126028474722
4239,264.59499999999997,11.05903175303646,2541.4012915961757,172.16058571226,1948.008512997934,2544.086708068543,97.98535147299282,76.97275066913382,440.66551127337476,6.221257885418423,1265,-3.000059951800865,-4.154674179681621
4240,264.60499999999996,11.059358325123474,2541.401109144862,172.15699162621718,1948.0129239283058,2544.0865888109943,97.98530431492448,76.97065226178107,440.597510977419,6.221471420135371,1265,-3.000059965589462,-4.15422235968244
4241,264.615,11.059684872150523,2541.4009266913667,172.15339872548856,1948.0173347451364,2544.086469552722,97.98525715676205,76.9685541481994,440.5295125356859,6.221684949029358,1265,-3.0000599793779763,-4.153770568468639
4242,264.625,11.060011394124956,2541.400744235689,172.14980700960763,1948.0217454484423,2544.086350293726,97.98520999850557,76.96645632829807,440.46151594791587,6.2218984721011985,1265,-3.0000599931664085,-4.153318806031665
4243,264.635,11.060337891054106,2541.4005617778303,172.14621647827732,1948.026156038238,2544.0862310340053,97.98516284015498,76.96435880198634,440.39352121384917,6.222111989351708,1265,-3.000060006954758,-4.152867072362957
4244,264.645,11.060664362945332,2541.40037931779,172.1426271309597,1948.0305665145418,2544.086111773562,97.98511568171034,76.96226156917352,440.3255283332262,6.222325500781703,1265,-3.0000600207430255,-4.152415367453965
4245,264.655,11.060990809805974,2541.400196855568,172.13903896737378,1948.03497687737,2544.0859925123955,97.98506852317162,76.96016462976895,440.2575373057875,6.222539006391996,1265,-3.000060034531211,-4.151963691296138
4246,264.66499999999996,11.061317231643372,2541.4000143911635,172.13545198704813,1948.0393871267372,2544.0858732505035,97.98502136453885,76.958067983682,440.1895481312735,6.222752506183402,1265,-3.000060048319315,-4.151512043880921
4247,264.67499999999995,11.061643628464862,2541.399831924579,172.1318661896168,1948.0437972626603,2544.0857539878893,97.984974205812,76.95597163082208,440.121560809425,6.2229660001567355,1265,-3.000060062107337,-4.151060425199772
4248,264.685,11.061970000277798,2541.3996494558123,172.12828157467177,1948.0482072851576,2544.085634724552,97.98492704699109,76.95387557109858,440.0535753399825,6.2231794883128115,1265,-3.000060075895278,-4.150608835244142
4249,264.695,11.062296347089504,2541.3994669848635,172.12469814187028,1948.0526171942427,2544.08551546049,97.98487988807611,76.95177980442101,439.985591722687,6.2233929706524425,1265,-3.000060089683137,-4.1501572740054735
4250,264.705,11.062622668907318,2541.3992845117355,172.12111589077023,1948.0570269899329,2544.0853961957073,97.98483272906708,76.94968433069882,439.9176099572793,6.223606447176443,1265,-3.0000601034709145,-4.149705741475214
4251,264.715,11.062948965738574,2541.3991020364247,172.11753482099732,1948.0614366722439,2544.0852769302,97.98478556996399,76.94758914984155,439.8496300435004,6.223819917885626,1265,-3.000060117258611,-4.149254237644838
4252,264.72499999999997,11.063275237590616,2541.398919558933,172.1139549321118,1948.0658462411939,2544.0851576639698,97.98473841076684,76.94549426175874,439.78165198109116,6.224033382780804,1265,-3.0000601310462267,-4.1488027625057855
4253,264.735,11.06360148447076,2541.3987370792584,172.11037622377614,1948.0702556967965,2544.0850383970155,97.98469125147564,76.94339966635997,439.71367576979287,6.22424684186279,1265,-3.000060144833761,-4.148351316049519
4254,264.745,11.063927706386355,2541.3985545974037,172.1067986956015,1948.0746650390709,2544.0849191293387,97.9846440920904,76.94130536355485,439.64570140934666,6.224460295132398,1265,-3.0000601586212143,-4.147899898267489
4255,264.755,11.06425390334471,2541.398372113368,172.10322234718174,1948.0790742680301,2544.0847998609393,97.98459693261113,76.93921135325301,439.57772889949393,6.224673742590437,1265,-3.000060172408587,-4.147448509151147
4256,264.765,11.064580075353163,2541.398189627151,172.09964717806608,1948.0834833836923,2544.0846805918172,97.98454977303777,76.93711763536415,439.50975823997584,6.224887184237722,1265,-3.000060186195879,-4.146997148691967
4257,264.775,11.064906222419037,2541.3980071387546,172.09607318791308,1948.087892386073,2544.084561321973,97.98450261337041,76.93502420979793,439.44178943053396,6.225100620075063,1265,-3.0000601999830905,-4.146545816881395
4258,264.78499999999997,11.065232344549665,2541.397824648176,172.0925003763704,1948.09230127519,2544.084442051406,97.984455453609,76.9329310764641,439.3738224709098,6.225314050103273,1265,-3.000060213770221,-4.146094513710894
4259,264.79499999999996,11.065558441752358,2541.397642155415,172.08892874297987,1948.0967100510572,2544.0843227801147,97.98440829375356,76.93083823527242,439.30585736084487,6.225527474323162,1265,-3.000060227557272,-4.145643239171927
4260,264.805,11.065884514034442,2541.397459660474,172.08535828736504,1948.1011187136924,2544.084203508102,97.98436113380407,76.92874568613267,439.23789410008095,6.2257408927355415,1265,-3.0000602413442423,-4.145191993255954
4261,264.815,11.066210561403238,2541.3972771633526,172.0817890091187,1948.1055272631106,2544.084084235367,97.98431397376054,76.92665342895467,439.1699326883598,6.225954305341222,1265,-3.0000602551311326,-4.144740775954427
4262,264.825,11.066536583866064,2541.3970946640507,172.0782209078849,1948.109935699329,2544.0839649619097,97.98426681362301,76.92456146364827,439.1019731254231,6.226167712141015,1265,-3.000060268917943,-4.144289587258836
4263,264.835,11.06686258143024,2541.3969121625664,172.07465398327545,1948.1143440223636,2544.083845687729,97.98421965339143,76.92246979012336,439.03401541101294,6.22638111313573,1265,-3.0000602827046743,-4.14383842716061
4264,264.84499999999997,11.06718855410308,2541.396729658902,172.071088234842,1948.1187522322307,2544.083726412827,97.98417249306584,76.92037840828984,438.96605954487114,6.226594508326178,1265,-3.0000602964913248,-4.143387295651243
4265,264.85499999999996,11.067514501891901,2541.396547153056,172.06752366225027,1948.1231603289466,2544.0836071372014,97.98412533264623,76.91828731805764,438.89810552674,6.226807897713167,1265,-3.0000603102778967,-4.142936192722191
4266,264.865,11.067840424804004,2541.3963646450306,172.06396026508685,1948.1275683125257,2544.0834878608557,97.9840781721326,76.91619651933675,438.8301533563615,6.227021281297507,1265,-3.0000603240643886,-4.142485118364911
4267,264.875,11.068166322846718,2541.3961821348244,172.0603980429266,1948.1319761829873,2544.0833685837874,97.98403101152495,76.91410601203715,438.76220303347793,6.227234659080008,1265,-3.0000603378508015,-4.142034072570888
4268,264.885,11.068492196027341,2541.3959996224366,172.0568369953926,1948.136383940345,2544.083249305996,97.98398385082328,76.91201579606889,438.6942545578316,6.227448031061479,1265,-3.0000603516371345,-4.141583055331576
4269,264.895,11.068818044353185,2541.395817107869,172.05327712217638,1948.140791584616,2544.083130027483,97.98393669002759,76.909925871342,438.6263079291649,6.227661397242728,1265,-3.000060365423389,-4.14113206663845
4270,264.905,11.06914386783156,2541.395634591121,172.04971842279167,1948.1451991158167,2544.0830107482498,97.98388952913791,76.90783623776659,438.55836314722035,6.227874757624564,1265,-3.0000603792095646,-4.140681106482979
4271,264.91499999999996,11.069469666469764,2541.3954520721913,172.04616089686144,1948.1496065339625,2544.082891468293,97.98384236815421,76.90574689525276,438.49042021174046,6.228088112207796,1265,-3.0000603929956604,-4.140230174856639
4272,264.92499999999995,11.069795440275113,2541.395269551082,172.04260454400324,1948.1540138390703,2544.0827721876153,97.98379520707653,76.90365784371068,438.4224791224678,6.22830146099323,1265,-3.0000604067816785,-4.139779271750897
4273,264.935,11.070121189254904,2541.3950870277927,172.03904936387997,1948.1584210311564,2544.082652906216,97.9837480459048,76.90156908305052,438.3545398791452,6.2285148039816765,1265,-3.000060420567617,-4.139328397157223
4274,264.945,11.070446913416434,2541.394904502322,172.03549535608005,1948.162828110236,2544.0825336240946,97.9837008846391,76.89948061318249,438.2866024815154,6.228728141173941,1265,-3.0000604343534776,-4.138877551067091
4275,264.955,11.070772612767005,2541.394721974671,172.03194252012614,1948.1672350763254,2544.082414341252,97.98365372327939,76.89739243401681,438.2186669293212,6.228941472570831,1265,-3.0000604481392603,-4.138426733471991
4276,264.965,11.071098287313918,2541.3945394448397,172.02839085570417,1948.171641929441,2544.0822950576876,97.98360656182568,76.89530454546376,438.15073322230563,6.229154798173154,1265,-3.000060461924964,-4.137975944363374
4277,264.97499999999997,11.07142393706447,2541.3943569128282,172.02484036246597,1948.1760486695994,2544.0821757734025,97.98355940027798,76.89321694743364,438.0828013602117,6.229368117981716,1265,-3.00006047571059,-4.137525183732739
4278,264.985,11.071749562025959,2541.394174378636,172.02129103993883,1948.1804552968163,2544.082056488395,97.98351223863631,76.89112963983676,438.01487134278256,6.229581431997325,1265,-3.000060489496138,-4.13707445157155
4279,264.995,11.072075162205667,2541.3939918422625,172.01774288772776,1948.1848618111067,2544.0819372026667,97.98346507690064,76.8890426225835,437.94694316976125,6.229794740220785,1265,-3.0000605032816074,-4.136623747871286
4280,265.005,11.072400737610906,2541.393809303711,172.01419590551407,1948.189268212489,2544.081817916218,97.98341791507099,76.88695589558424,437.8790168408912,6.230008042652905,1265,-3.0000605170669994,-4.136173072623428
4281,265.015,11.072726288248957,2541.3936267629783,172.01065009286438,1948.1936745009784,2544.081698629049,97.98337075314734,76.88486945874936,437.8110923559157,6.23022133929449,1265,-3.0000605308523136,-4.135722425819454
4282,265.025,11.073051814127108,2541.3934442200652,172.00710544942777,1948.1980806765903,2544.081579341157,97.98332359112972,76.88278331198936,437.7431697145782,6.230434630146344,1265,-3.00006054463755,-4.135271807450849
4283,265.03499999999997,11.073377315252646,2541.3932616749707,172.00356197474778,1948.2024867393402,2544.0814600525437,97.98327642901812,76.88069745521469,437.67524891662214,6.230647915209272,1265,-3.0000605584227094,-4.134821217509092
4284,265.04499999999996,11.073702791632869,2541.393079127699,172.00001966848467,1948.206892689247,2544.0813407632118,97.98322926681254,76.87861188833585,437.60732996179115,6.230861194484081,1265,-3.000060572207792,-4.134370655985655
4285,265.055,11.07402824327505,2541.3928965782457,171.99647853024916,1948.2112985263238,2544.081221473158,97.98318210451299,76.87652661126339,437.539412849829,6.231074467971574,1265,-3.000060585992797,-4.133920122872047
4286,265.065,11.07435367018648,2541.3927140266114,171.9929385596348,1948.2157042505885,2544.0811021823833,97.98313494211946,76.87444162390786,437.47149758047914,6.231287735672557,1265,-3.000060599777725,-4.133469618159726
4287,265.075,11.074679072374444,2541.3925314727985,171.9893997562796,1948.2201098620567,2544.0809828908887,97.98308777963197,76.87235692617985,437.40358415348567,6.231500997587833,1265,-3.000060613562576,-4.133019141840194
4288,265.085,11.075004449846212,2541.3923489168046,171.9858621197823,1948.2245153607432,2544.0808635986723,97.9830406170505,76.87027251798999,437.3356725685924,6.2317142537182075,1265,-3.00006062734735,-4.132568693904918
4289,265.09499999999997,11.075329802609078,2541.392166358631,171.98232564975504,1948.2289207466665,2544.0807443057365,97.98299345437509,76.86818839924895,437.2677628255433,6.231927504064483,1265,-3.000060641132047,-4.132118274345409
4290,265.10499999999996,11.075655130670311,2541.3919837982767,171.97879034581058,1948.233326019841,2544.0806250120786,97.98294629160571,76.86610456986739,437.19985492408233,6.232140748627464,1265,-3.000060654916668,-4.131667883153144
4291,265.115,11.075980434037188,2541.3918012357435,171.9752562075351,1948.2377311802825,2544.0805057177026,97.98289912874236,76.86402102975603,437.13194886395377,6.2323539874079525,1265,-3.000060668701212,-4.131217520319602
4292,265.125,11.07630571271699,2541.3916186710303,171.97172323457232,1948.2421362280081,2544.080386422605,97.98285196578506,76.8619377788256,437.06404464490174,6.232567220406754,1265,-3.00006068248568,-4.130767185836285
4293,265.135,11.076630966716989,2541.3914361041366,171.9681914265411,1948.2465411630335,2544.080267126787,97.9828048027338,76.85985481698691,436.99614226667063,6.232780447624668,1265,-3.0000606962700713,-4.130316879694686
4294,265.145,11.076956196044456,2541.391253535063,171.96466078304476,1948.250945985375,2544.0801478302487,97.98275763958858,76.85777214415072,436.92824172900475,6.2329936690625,1265,-3.0000607100543872,-4.129866601886286
4295,265.155,11.077281400706669,2541.3910709638103,171.9611313036671,1948.2553506950485,2544.080028532991,97.98271047634942,76.85568976022786,436.8603430316486,6.23320688472105,1265,-3.0000607238386268,-4.129416352402571
4296,265.16499999999996,11.077606580710885,2541.3908883903773,171.95760298809523,1948.259755292069,2544.0799092350126,97.98266331301632,76.85360766512922,436.79244617434665,6.233420094601122,1265,-3.000060737622791,-4.128966131235043
4297,265.17499999999995,11.077931736064384,2541.3907058147647,171.9540758358784,1948.2641597764539,2544.079789936315,97.98261614958926,76.85152585876567,436.7245511568436,6.233633298703517,1265,-3.000060751406879,-4.128515938375205
4298,265.185,11.078256866774426,2541.390523236972,171.9505498466376,1948.2685641482185,2544.0796706368974,97.98256898606826,76.84944434104813,436.656657978884,6.233846497029036,1265,-3.000060765190891,-4.128065773814538
4299,265.195,11.078581972848287,2541.3903406569984,171.94702501997284,1948.27296840738,2544.079551336759,97.98252182245332,76.84736311188755,436.5887666402128,6.234059689578482,1265,-3.0000607789748273,-4.127615637544538
4300,265.205,11.07890705429322,2541.3901580748475,171.94350135562215,1948.2773725539528,2544.079432035902,97.98247465874445,76.84528217119488,436.5208771405747,6.234272876352653,1265,-3.0000607927586898,-4.127165529556712
4301,265.215,11.079232111116486,2541.389975490515,171.9399788529932,1948.2817765879527,2544.0793127343245,97.98242749494163,76.84320151888119,436.45298947971463,6.234486057352353,1265,-3.0000608065424754,-4.126715449842537
4302,265.22499999999997,11.079557143325355,2541.3897929040045,171.9364575118738,1948.2861805093974,2544.0791934320278,97.9823803310449,76.84112115485746,436.38510365737767,6.2346992325783805,1265,-3.0000608203261865,-4.12626539839354
4303,265.235,11.079882150927087,2541.389610315312,171.932937331787,1948.2905843183023,2544.079074129011,97.98233316705422,76.83904107903479,436.31721967330884,6.2349124020315365,1265,-3.0000608341098225,-4.1258153752011975
4304,265.245,11.080207133928932,2541.3894277244412,171.92941831236533,1948.2949880146825,2544.0789548252756,97.98228600296962,76.83696129132427,436.24933752725326,6.235125565712621,1265,-3.000060847893384,-4.125365380257015
4305,265.255,11.080532092338157,2541.3892451313914,171.9259004532388,1948.2993915985558,2544.0788355208206,97.98223883879109,76.83488179163702,436.18145721895627,6.2353387236224345,1265,-3.0000608616768702,-4.124915413552495
4306,265.265,11.080857026162004,2541.3890625361605,171.92238375406166,1948.3037950699354,2544.0787162156457,97.98219167451865,76.83280257988417,436.1135787481632,6.235551875761775,1265,-3.0000608754602816,-4.124465475079142
4307,265.275,11.081181935407738,2541.388879938751,171.91886821437407,1948.3081984288394,2544.078596909752,97.98214451015227,76.83072365597694,436.0457021146194,6.235765022131445,1265,-3.000060889243619,-4.124015564828448
4308,265.28499999999997,11.081506820082616,2541.3886973391614,171.9153538338127,1948.3126016752844,2544.0784776031387,97.98209734569198,76.82864501982652,435.9778273180704,6.2359781627322395,1265,-3.0000609030268817,-4.123565682791924
4309,265.29499999999996,11.08183168019388,2541.388514737393,171.91184061200144,1948.3170048092845,2544.078358295807,97.98205018113777,76.82656667134417,435.90995435826164,6.236191297564961,1265,-3.00006091681007,-4.123115828961071
4310,265.305,11.082156515748775,2541.3883321334442,171.908328548568,1948.3214078308556,2544.0782389877554,97.98200301648964,76.82448861044115,435.84208323493885,6.236404426630405,1265,-3.0000609305931847,-4.1226660033274065
4311,265.315,11.082481326754563,2541.3881495273163,171.90481764310766,1948.325810740015,2544.0781196789853,97.98195585174761,76.82241083702876,435.77421394784767,6.236617549929371,1265,-3.0000609443762247,-4.1222162058824106
4312,265.325,11.082806113218489,2541.3879669190082,171.9013078952955,1948.3302135367792,2544.0780003694954,97.98190868691168,76.82033335101833,435.70634649673394,6.236830667462659,1265,-3.000060958159191,-4.121766436617618
4313,265.335,11.083130875147791,2541.3877843085206,171.897799304687,1948.3346162211624,2544.077881059287,97.98186152198183,76.81825615232124,435.6384808813435,6.2370437792310645,1265,-3.000060971942083,-4.121316695524521
4314,265.34499999999997,11.083455612549711,2541.3876016958543,171.89429187088209,1948.3390187931805,2544.07776174836,97.98181435695807,76.81617924084885,435.57061710142233,6.237256885235385,1265,-3.000060985724902,-4.1208669825946265
4315,265.35499999999996,11.083780325431507,2541.3874190810084,171.8907855935552,1948.343421252851,2544.0776424367145,97.98176719184042,76.8141026165126,435.50275515671643,6.2374699854764195,1265,-3.0000609995076477,-4.120417297819448
4316,265.365,11.084105013800407,2541.3872364639838,171.8872804722752,1948.3478236001886,2544.077523124351,97.98172002662888,76.81202627922391,435.4348950469719,6.237683079954965,1265,-3.0000610132903196,-4.119967641190493
4317,265.375,11.084429677663657,2541.3870538447786,171.88377650670284,1948.3522258352102,2544.077403811268,97.9816728613234,76.8099502288943,435.36703677193486,6.237896168671817,1265,-3.0000610270729178,-4.119518012699276
4318,265.385,11.08475431702849,2541.386871223393,171.88027369639576,1948.3566279579304,2544.077284497466,97.98162569592407,76.80787446543522,435.29918033135175,6.238109251627773,1265,-3.000061040855443,-4.119068412337315
4319,265.395,11.085078931902148,2541.3866885998295,171.87677204104304,1948.361029968366,2544.0771651829464,97.98157853043082,76.80579898875826,435.2313257249687,6.23832232882363,1265,-3.000061054637895,-4.1186188400961035
4320,265.405,11.085403522291863,2541.386505974086,171.873271540238,1948.3654318665326,2544.0770458677075,97.9815313648437,76.80372379877494,435.16347295253235,6.238535400260182,1265,-3.0000610684202744,-4.118169295967174
4321,265.41499999999996,11.085728088204876,2541.386323346163,171.86977219353318,1948.369833652447,2544.076926551751,97.98148419916268,76.80164889539688,435.095622013789,6.238748465938227,1265,-3.000061082202581,-4.117719779942037
4322,265.42499999999995,11.086052629648414,2541.3861407160607,171.86627400065962,1948.3742353261239,2544.076807235076,97.98143703338778,76.7995742785357,435.0277729084853,6.238961525858559,1265,-3.0000610959848144,-4.117270292012202
4323,265.435,11.086377146629712,2541.385958083779,171.8627769611875,1948.3786368875801,2544.0766879176826,97.981389867519,76.79749994810304,434.9599256363679,6.2391745800219764,1265,-3.0000611097669756,-4.116820832169182
4324,265.445,11.086701639155992,2541.3857754493174,171.85928107468422,1948.38303833683,2544.076568599571,97.98134270155634,76.7954259040106,434.8920801971835,6.23938762842927,1265,-3.000061123549064,-4.116371400404512
4325,265.455,11.087026107234491,2541.385592812678,171.85578634079175,1948.3874396738915,2544.0764492807425,97.9812955354998,76.79335214617006,434.82423659067894,6.239600671081238,1265,-3.0000611373310804,-4.115921996709688
4326,265.465,11.087350550872433,2541.3854101738575,171.85229275918536,1948.3918408987793,2544.076329961195,97.98124836934939,76.79127867449319,434.756394816601,6.239813707978674,1265,-3.000061151113024,-4.115472621076242
4327,265.47499999999997,11.08767497007705,2541.385227532859,171.8488003294493,1948.3962420115101,2544.07621064093,97.9812012031051,76.78920548889174,434.6885548746969,6.240026739122372,1265,-3.0000611648948956,-4.115023273495692
4328,265.485,11.087999364855559,2541.3850448896806,171.84530905117964,1948.400643012099,2544.076091319947,97.98115403676694,76.78713258927752,434.6207167647134,6.240239764513127,1265,-3.0000611786766958,-4.11457395395956
4329,265.495,11.088323735215184,2541.3848622443234,171.84181892402603,1948.4050439005619,2544.0759719982466,97.98110687033491,76.78505997556233,434.5528804863978,6.240452784151733,1265,-3.0000611924584235,-4.1141246624593535
4330,265.505,11.088648081163143,2541.3846795967856,171.8383299476119,1948.4094446769143,2544.0758526758277,97.98105970380901,76.78298764765806,434.4850460394972,6.240665798038983,1265,-3.0000612062400798,-4.113675398986615
4331,265.515,11.088972402706666,2541.384496947069,171.83484212152632,1948.4138453411733,2544.0757333526913,97.98101253718924,76.78091560547658,434.4172134237588,6.2408788061756715,1265,-3.0000612200216645,-4.113226163532856
4332,265.525,11.089296699852964,2541.3843142951728,171.8313554453851,1948.4182458933537,2544.075614028837,97.98096537047563,76.77884384892981,434.34938263893014,6.241091808562589,1265,-3.000061233803178,-4.1127769560896095
4333,265.53499999999997,11.089620972609254,2541.384131641098,171.8278699188496,1948.4226463334717,2544.075494704266,97.98091820366814,76.77677237792967,434.2815536847586,6.241304805200532,1265,-3.0000612475846196,-4.1123277766483834
4334,265.54499999999996,11.08994522098276,2541.3839489848447,171.8243855415172,1948.4270466615435,2544.0753753789786,97.9808710367668,76.77470119238815,434.21372656099163,6.2415177960902914,1265,-3.00006126136599,-4.111878625200705
4335,265.555,11.090269444980684,2541.3837663264108,171.82090231302334,1948.431446877584,2544.0752560529722,97.98082386977161,76.77263029221726,434.1459012673768,6.24173078123266,1265,-3.000061275147289,-4.111429501738123
4336,265.565,11.090593644610252,2541.3835836657972,171.8174202329612,1948.43584698161,2544.0751367262483,97.98077670268258,76.77055967732899,434.07807780366187,6.24194376062843,1265,-3.000061288928517,-4.110980406252159
4337,265.575,11.090917819878676,2541.3834010030046,171.8139393009438,1948.4402469736383,2544.075017398807,97.98072953549968,76.76848934763545,434.0102561695945,6.242156734278392,1265,-3.0000613027096747,-4.110531338734321
4338,265.585,11.091241970793146,2541.3832183380346,171.8104595166292,1948.444646853681,2544.0748980706508,97.98068236822294,76.76641930304869,433.94243636492257,6.242369702183341,1265,-3.0000613164907617,-4.110082299176142
4339,265.59499999999997,11.091566097360893,2541.383035670884,171.80698087959132,1948.4490466217574,2544.0747787417763,97.98063520085235,76.76434954348085,433.87461838939396,6.242582664344065,1265,-3.000061330271777,-4.109633287569173
4340,265.60499999999996,11.09189019958912,2541.3828530015535,171.8035033895465,1948.4534462778831,2544.0746594121842,97.98058803338793,76.76228006884406,433.8068022427566,6.242795620761356,1265,-3.0000613440527224,-4.109184303904925
4341,265.615,11.092214277485022,2541.3826703300433,171.8000270460061,1948.4578458220715,2544.074540081875,97.98054086582965,76.7602108790505,433.7389879247586,6.2430085714360075,1265,-3.0000613578335975,-4.108735348174942
4342,265.625,11.092538331055813,2541.382487656356,171.79655184863762,1948.4622452543408,2544.0744207508505,97.98049369817755,76.75814197401239,433.67117543514803,6.243221516368807,1265,-3.0000613716144025,-4.108286420370749
4343,265.635,11.092862360308699,2541.382304980488,171.79307779710504,1948.4666445747064,2544.0743014191075,97.98044653043162,76.75607335364192,433.60336477367315,6.243434455560547,1265,-3.0000613853951377,-4.107837520483883
4344,265.645,11.093186365250867,2541.382122302441,171.78960489096534,1948.471043783182,2544.0741820866488,97.98039936259185,76.7540050178514,433.53555594008225,6.243647389012017,1265,-3.000061399175802,-4.10738864850587
4345,265.655,11.093510345889534,2541.381939622215,171.78613312982432,1948.4754428797862,2544.0740627534733,97.98035219465825,76.7519369665531,433.4677489341236,6.2438603167240085,1265,-3.0000614129563963,-4.106939804428259
4346,265.66499999999996,11.093834302231897,2541.3817569398093,171.78266251334742,1948.4798418645344,2544.0739434195807,97.98030502663082,76.74986919965932,433.39994375554585,6.244073238697309,1265,-3.0000614267369214,-4.106490988242581
4347,265.67499999999995,11.094158234285143,2541.381574255224,171.77919304117214,1948.4842407374401,2544.073824084971,97.98025785850956,76.74780171708242,433.33214040409723,6.244286154932709,1265,-3.000061440517377,-4.1060421999403625
4348,265.685,11.094482142056476,2541.3813915684605,171.77572471291361,1948.488639498521,2544.073704749646,97.98021069029448,76.74573451873479,433.2643388795266,6.244499065430999,1265,-3.0000614542977626,-4.105593439513157
4349,265.695,11.094806025553089,2541.3812088795175,171.77225752816724,1948.4930381477925,2544.0735854136046,97.98016352198559,76.74366760452884,433.19653918158247,6.244711970192966,1265,-3.0000614680780786,-4.1051447069524905
4350,265.705,11.095129884782176,2541.381026188395,171.7687914865589,1948.4974366852705,2544.0734660768467,97.98011635358287,76.74160097437698,433.1287413100136,6.244924869219399,1265,-3.0000614818583258,-4.104696002249906
4351,265.715,11.095453719750926,2541.380843495093,171.76532658775142,1948.5018351109704,2544.0733467393716,97.98006918508634,76.73953462819168,433.0609452645689,6.245137762511089,1265,-3.000061495638503,-4.1042473253969565
4352,265.72499999999997,11.095777530466535,2541.380660799611,171.7618628313442,1948.5062334249078,2544.0732274011807,97.980022016496,76.73746856588544,432.99315104499726,6.245350650068821,1265,-3.0000615094186114,-4.103798676385155
4353,265.735,11.09610131693619,2541.380478101952,171.75840021690314,1948.5106316270994,2544.0731080622754,97.97997484781185,76.73540278737079,432.92535865104765,6.245563531893386,1265,-3.000061523198651,-4.103350055206071
4354,265.745,11.096425079167073,2541.380295402113,171.7549387441602,1948.5150297175596,2544.0729887226526,97.97992767903388,76.73333729256024,432.85756808246913,6.24577640798557,1265,-3.0000615369786225,-4.102901461851231
4355,265.755,11.09674881716638,2541.380112700094,171.75147841264248,1948.5194276963052,2544.0728693823135,97.9798805101621,76.73127208136641,432.78977933901086,6.245989278346162,1265,-3.000061550758525,-4.102452896312187
4356,265.765,11.097072530941295,2541.379929995895,171.74801922199043,1948.5238255633521,2544.0727500412586,97.97983334119652,76.72920715370188,432.72199242042194,6.246202142975948,1265,-3.0000615645383584,-4.102004358580476
4357,265.775,11.097396220498997,2541.3797472895185,171.74456117192565,1948.5282233187156,2544.0726306994884,97.97978617213714,76.72714250947931,432.65420732645174,6.2464150018757145,1265,-3.0000615783181233,-4.101555848647653
4358,265.78499999999997,11.097719885846672,2541.3795645809614,171.74110426195227,1948.5326209624113,2544.072511357002,97.97973900298396,76.72507814861135,432.58642405684975,6.24662785504625,1265,-3.00006159209782,-4.101107366505256
4359,265.79499999999996,11.09804352699149,2541.379381870225,171.73764849173884,1948.537018494454,2544.0723920138,97.979691833737,76.7230140710107,432.51864261136524,6.246840702488341,1265,-3.0000616058774487,-4.100658912144834
4360,265.805,11.09836714394064,2541.3791991573103,171.7341938608739,1948.5414159148609,2544.0722726698823,97.97964466439622,76.72095027659005,432.4508629897478,6.247053544202774,1265,-3.0000616196570093,-4.100210485557943
4361,265.815,11.098690736701304,2541.3790164422153,171.73074036911848,1948.5458132236477,2544.072153325248,97.97959749496165,76.71888676526218,432.383085191747,6.247266380190334,1265,-3.000061633436502,-4.09976208673612
4362,265.825,11.099014305280653,2541.3788337249416,171.72728801592137,1948.550210420829,2544.0720339798995,97.97955032543331,76.71682353693988,432.3153092171126,6.247479210451808,1265,-3.000061647215927,-4.09931371567091
4363,265.835,11.09933784968586,2541.378651005488,171.7238368009849,1948.5546075064217,2544.0719146338347,97.97950315581117,76.71476059153595,432.24753506559426,6.24769203498798,1265,-3.000061660995284,-4.098865372353885
4364,265.84499999999997,11.0996613699241,2541.378468283856,171.72038672396832,1948.5590044804399,2544.071795287056,97.97945598609526,76.7126979289632,432.1797627369419,6.247904853799638,1265,-3.0000616747745736,-4.098417056776579
4365,265.85499999999996,11.099984866002554,2541.3782855600434,171.71693778442685,1948.563401342902,2544.07167593956,97.97940881628556,76.71063554913452,432.1119922309054,6.248117666887565,1265,-3.000061688553796,-4.097968768930549
4366,265.865,11.100308337928377,2541.378102834052,171.7134899820693,1948.5677980938203,2544.0715565913497,97.97936164638207,76.70857345196282,432.04422354723465,6.248330474252548,1265,-3.0000617023329506,-4.097520508807346
4367,265.875,11.100631785708753,2541.377920105881,171.7100433164245,1948.572194733213,2544.0714372424236,97.97931447638479,76.70651163736098,431.9764566856798,6.2485432758953685,1265,-3.000061716112038,-4.097072276398529
4368,265.885,11.100955209350843,2541.3777373755324,171.70659778718777,1948.576591261095,2544.071317892784,97.97926730629376,76.70445010524197,431.9086916459911,6.248756071816813,1265,-3.000061729891059,-4.096624071695643
4369,265.895,11.101278608861815,2541.377554643003,171.70315339396728,1948.5809876774813,2544.071198542428,97.97922013610895,76.70238885551878,431.8409284279186,6.248968862017666,1265,-3.000061743670012,-4.096175894690258
4370,265.905,11.101601984248838,2541.3773719082933,171.69971013642711,1948.5853839823892,2544.071079191357,97.97917296583037,76.70032788810441,431.77316703121267,6.249181646498711,1265,-3.0000617574488984,-4.095727745373923
4371,265.91499999999996,11.101925335519075,2541.3771891714055,171.69626801408347,1948.5897801758333,2544.0709598395715,97.97912579545802,76.6982672029119,431.70540745562363,6.249394425260731,1265,-3.0000617712277178,-4.0952796237381905
4372,265.92499999999995,11.10224866267968,2541.3770064323376,171.69282702666908,1948.5941762578282,2544.0708404870707,97.97907862499191,76.69620679985431,431.63764970090193,6.24960719830451,1265,-3.000061785006471,-4.09483152977463
4373,265.935,11.102571965737821,2541.3768236910914,171.68938717375633,1948.598572228391,2544.0707211338563,97.97903145443203,76.69414667884472,431.5698937667982,6.249819965630833,1265,-3.000061798785158,-4.094383463474781
4374,265.945,11.102895244700667,2541.3766409476643,171.68594845494835,1948.602968087538,2544.0706017799257,97.97898428377837,76.69208683979627,431.5021396530629,6.25003272724048,1265,-3.0000618125637786,-4.093935424830225
4375,265.955,11.103218499575362,2541.3764582020594,171.68251086999314,1948.607363835283,2544.070482425282,97.97893711303098,76.69002728262211,431.4343873594468,6.250245483134236,1265,-3.0000618263423324,-4.0934874138325075
4376,265.965,11.103541730369068,2541.376275454273,171.67907441843056,1948.6117594716425,2544.070363069922,97.97888994218982,76.68796800723541,431.3666368857006,6.250458233312883,1265,-3.000061840120821,-4.0930394304731985
4377,265.97499999999997,11.103864937088945,2541.376092704308,171.6756390998439,1948.6161549966325,2544.0702437138484,97.97884277125492,76.68590901354939,431.2988882315752,6.250670977777203,1265,-3.000061853899243,-4.092591474743859
4378,265.985,11.10418811974214,2541.3759099521653,171.67220491392982,1948.6205504102682,2544.0701243570616,97.97879560022625,76.68385030147728,431.2311413968215,6.2508837165279765,1265,-3.000061867677599,-4.09214354663605
4379,265.995,11.104511278335814,2541.3757271978416,171.6687718603082,1948.624945712565,2544.0700049995585,97.97874842910385,76.68179187093234,431.16339638119047,6.2510964495659875,1265,-3.0000618814558893,-4.091695646141338
4380,266.005,11.104834412877118,2541.3755444413378,171.66533993859682,1948.62934090354,2544.0698856413414,97.97870125788768,76.67973372182789,431.09565318443316,6.251309176892017,1265,-3.000061895234114,-4.091247773251285
4381,266.015,11.10515752337319,2541.3753616826557,171.6619091484322,1948.6337359832064,2544.069766282411,97.97865408657778,76.6776758540772,431.02791180630066,6.251521898506845,1265,-3.0000619090122735,-4.09079992795745
4382,266.025,11.10548060983119,2541.3751789217936,171.65847948937903,1948.6381309515812,2544.069646922766,97.97860691517413,76.67561826759366,430.96017224654435,6.251734614411255,1265,-3.0000619227903678,-4.090352110251413
4383,266.03499999999997,11.105803672258263,2541.374996158752,171.65505096121683,1948.6425258086801,2544.069527562406,97.97855974367674,76.67356096229064,430.89243450491534,6.251947324606027,1265,-3.0000619365683967,-4.0899043201247425
4384,266.04499999999996,11.106126710661558,2541.3748133935296,171.6516235634012,1948.6469205545184,2544.0694082013324,97.97851257208562,76.67150393808154,430.8246985811651,6.25216002909194,1265,-3.0000619503463604,-4.089456557568993
4385,266.055,11.106449725048213,2541.374630626129,171.6481972956721,1948.6513151891118,2544.0692888395456,97.97846540040076,76.6694471948798,430.7569644750451,6.252372727869775,1265,-3.000061964124259,-4.089008822575743
4386,266.065,11.106772715425377,2541.3744478565495,171.6447721575992,1948.6557097124758,2544.069169477045,97.97841822862217,76.66739073259888,430.6892321863068,6.2525854209403136,1265,-3.0000619779020923,-4.08856111513656
4387,266.075,11.107095681800189,2541.374265084789,171.6413481488679,1948.6601041246256,2544.0690501138297,97.97837105674986,76.66533455115226,430.6215017147018,6.252798108304335,1265,-3.0000619916798614,-4.088113435243015
4388,266.085,11.10741862417979,2541.3740823108496,171.6379252690237,1948.6644984255774,2544.0689307499015,97.9783238847838,76.66327865045348,430.5537730599817,6.253010789962618,1265,-3.0000620054575657,-4.087665782886674
4389,266.09499999999997,11.107741542571322,2541.3738995347308,171.6345035177667,1948.6688926153472,2544.0688113852593,97.97827671272404,76.66122303041608,430.48604622189845,6.2532234659159425,1265,-3.000062019235206,-4.087218158059116
4390,266.10499999999996,11.108064436981916,2541.373716756431,171.6310828947224,1948.673286693949,2544.0686920199028,97.97822954057054,76.65916769095365,430.41832120020376,6.253436136165087,1265,-3.0000620330127816,-4.086770560751916
4391,266.115,11.108387307418713,2541.373533975953,171.62766339949562,1948.6776806613996,2544.068572653833,97.97818236832332,76.65711263197979,430.35059799464955,6.253648800710831,1265,-3.000062046790293,-4.086322990956652
4392,266.125,11.108710153888847,2541.373351193294,171.62424503171408,1948.6820745177142,2544.0684532870505,97.97813519598239,76.65505785340811,430.28287660498773,6.253861459553954,1265,-3.0000620605677404,-4.085875448664889
4393,266.135,11.109032976399458,2541.373168408456,171.62082779103173,1948.6864682629093,2544.0683339195534,97.97808802354773,76.6530033551523,430.21515703097043,6.254074112695233,1265,-3.0000620743451236,-4.085427933868203
4394,266.145,11.109355774957665,2541.372985621439,171.61741167709502,1948.6908618969985,2544.068214551344,97.97804085101937,76.65094913712603,430.14743927234986,6.254286760135447,1265,-3.0000620881224425,-4.084980446558171
4395,266.155,11.109678549570608,2541.3728028322407,171.6139966894296,1948.6952554199988,2544.068095182421,97.9779936783973,76.64889519924303,430.07972332887806,6.254499401875372,1265,-3.0000621018996982,-4.084532986726383
4396,266.16499999999996,11.110001300245417,2541.372620040863,171.61058282779345,1948.6996488319257,2544.067975812784,97.9779465056815,76.64684154141705,430.0120092003075,6.25471203791579,1265,-3.00006211567689,-4.084085554364409
4397,266.17499999999995,11.110324026989215,2541.3724372473057,171.6071700917608,1948.704042132794,2544.0678564424347,97.97789933287203,76.64478816356184,429.9442968863904,6.254924668257475,1265,-3.000062129454019,-4.083638149463821
4398,266.185,11.110646729809131,2541.3722544515695,171.60375848097158,1948.7084353226196,2544.0677370713724,97.97785215996882,76.64273506559124,429.87658638687924,6.255137292901205,1265,-3.000062143231084,-4.0831907720162075
4399,266.195,11.110969408712295,2541.3720716536513,171.600347995047,1948.7128284014188,2544.0676176995958,97.97780498697193,76.64068224741904,429.80887770152657,6.255349911847757,1265,-3.0000621570080863,-4.082743422013154
4400,266.205,11.111292063705822,2541.371888853554,171.5969386336177,1948.7172213692054,2544.0674983271065,97.97775781388133,76.63862970895913,429.74117083008497,6.255562525097908,1265,-3.0000621707850246,-4.082296099446227
4401,266.215,11.11161469479684,2541.3717060512777,171.59353039631517,1948.721614225996,2544.0673789539055,97.97771064069704,76.63657745012537,429.67346577230705,6.255775132652435,1265,-3.0000621845619,-4.081848804307015
4402,266.22499999999997,11.111937301992473,2541.371523246822,171.5901232828108,1948.7260069718068,2544.067259579992,97.97766346741906,76.63452547083172,429.6057625279456,6.255987734512112,1265,-3.0000621983387132,-4.081401536587104
4403,266.235,11.112259885299835,2541.371340440184,171.58671729267328,1948.730399606652,2544.0671402053636,97.97761629404738,76.63247377099208,429.5380610967535,6.256200330677718,1265,-3.0000622121154628,-4.080954296278084
4404,266.245,11.112582444726046,2541.3711576313676,171.58331242555516,1948.734792130548,2544.0670208300244,97.977569120582,76.63042235052043,429.47036147848354,6.256412921150027,1265,-3.00006222589215,-4.080507083371537
4405,266.255,11.11290498027822,2541.3709748203714,171.57990868108442,1948.739184543509,2544.0669014539717,97.97752194702295,76.6283712093308,429.4026636728887,6.256625505929815,1265,-3.000062239668775,-4.080059897859043
4406,266.265,11.113227491963483,2541.370792007195,171.57650605890836,1948.7435768455525,2544.066782077207,97.9774747733702,76.62632034733717,429.33496767972207,6.256838085017858,1265,-3.0000622534453374,-4.079612739732192
4407,266.275,11.113549979788942,2541.370609191838,171.5731045586466,1948.747969036693,2544.066662699729,97.97742759962378,76.62426976445364,429.2672734987368,6.25705065841493,1265,-3.0000622672218373,-4.079165608982571
4408,266.28499999999997,11.113872443761704,2541.3704263743007,171.5697041799712,1948.7523611169445,2544.0665433215386,97.97738042578366,76.62221946059427,429.19958112968607,6.2572632261218075,1265,-3.000062280998276,-4.0787185056017705
4409,266.29499999999996,11.114194883888892,2541.3702435545842,171.56630492245057,1948.7567530863248,2544.0664239426374,97.97733325184988,76.62016943567319,429.13189057232313,6.257475788139262,1265,-3.0000622947746516,-4.0782714295813784
4410,266.305,11.114517300177612,2541.370060732687,171.56290678581578,1948.7611449448486,2544.066304563022,97.97728607782244,76.61811968960451,429.0642018264013,6.25768834446807,1265,-3.0000623085509663,-4.077824380912985
4411,266.315,11.11483969263497,2541.3698779086103,171.55950976957337,1948.7655366925308,2544.0661851826962,97.9772389037013,76.61607022230244,428.9965148916741,6.257900895109006,1265,-3.000062322327219,-4.07737735958818
4412,266.325,11.115162061268075,2541.369695082353,171.55611387340142,1948.7699283293875,2544.0660658016573,97.97719172948649,76.61402103368114,428.9288297678949,6.258113440062844,1265,-3.0000623361034098,-4.076930365598562
4413,266.335,11.115484406084034,2541.3695122539148,171.55271909701935,1948.774319855434,2544.065946419906,97.97714455517801,76.61197212365485,428.86114645481746,6.258325979330356,1265,-3.0000623498795393,-4.076483398935718
4414,266.34499999999997,11.115806727089954,2541.3693294232976,171.54932543994124,1948.7787112706856,2544.065827037443,97.97709738077587,76.60992349213784,428.79346495219534,6.258538512912316,1265,-3.000062363655607,-4.076036459591233
4415,266.35499999999996,11.116129024292935,2541.3691465904994,171.54593290185937,1948.7831025751582,2544.065707654268,97.97705020628008,76.60787513904434,428.7257852597823,6.258751040809498,1265,-3.0000623774316137,-4.075589547556724
4416,266.365,11.116451297700083,2541.3689637555203,171.54254148238073,1948.7874937688669,2544.065588270381,97.97700303169061,76.6058270642887,428.65810737733204,6.258963563022673,1265,-3.000062391207559,-4.075142662823768
4417,266.375,11.116773547318488,2541.368780918362,171.5391511811771,1948.7918848518261,2544.0654688857826,97.97695585700748,76.60377926778524,428.5904313045986,6.259176079552616,1265,-3.000062404983444,-4.074695805383955
4418,266.385,11.117095773155262,2541.3685980790224,171.53576199784334,1948.796275824053,2544.0653495004713,97.97690868223071,76.60173174944835,428.52275704133586,6.259388590400099,1265,-3.0000624187592675,-4.074248975228899
4419,266.395,11.117417975217498,2541.368415237502,171.5323739320726,1948.8006666855626,2544.0652301144487,97.97686150736027,76.59968450919239,428.45508458729785,6.259601095565894,1265,-3.00006243253503,-4.073802172350193
4420,266.405,11.117740153512289,2541.368232393803,171.5289869834068,1948.8050574363695,2544.0651107277154,97.97681433239617,76.5976375469318,428.38741394223865,6.2598135950507725,1265,-3.000062446310732,-4.073355396739428
4421,266.41499999999996,11.11806230804673,2541.3680495479216,171.5256011515722,1948.8094480764894,2544.0649913402694,97.97676715733844,76.595590862581,428.3197451059126,6.260026088855506,1265,-3.000062460086374,-4.07290864838822
4422,266.42499999999995,11.118384438827922,2541.3678666998603,171.52221643612876,1948.8138386059386,2544.0648719521128,97.97671998218705,76.59354445605453,428.25207807807374,6.260238576980867,1265,-3.0000624738619557,-4.072461927288147
4423,266.435,11.118706545862953,2541.367683849619,171.5188328367335,1948.8182290247316,2544.0647525632444,97.97667280694202,76.59149832726683,428.1844128584766,6.260451059427626,1265,-3.000062487637477,-4.072015233430827
4424,266.445,11.119028629158917,2541.367500997197,171.51545035307234,1948.8226193328849,2544.0646331736652,97.97662563160334,76.58945247613245,428.1167494468755,6.260663536196555,1265,-3.0000625014129376,-4.07156856680786
4425,266.455,11.1193506887229,2541.367318142594,171.51206898473248,1948.8270095304124,2544.0645137833735,97.97657845617103,76.58740690256596,428.04908784302484,6.260876007288423,1265,-3.0000625151883384,-4.0711219274108394
4426,266.465,11.119672724561985,2541.367135285811,171.50868873131984,1948.8313996173297,2544.0643943923724,97.97653128064506,76.58536160648194,427.9814280466793,6.261088472704002,1265,-3.0000625289636793,-4.0706753152313695
4427,266.47499999999997,11.119994736683273,2541.3669524268466,171.50530959258774,1948.8357895936533,2544.0642750006587,97.97648410502549,76.583316587795,427.9137700575935,6.261300932444063,1265,-3.0000625427389607,-4.070228730261061
4428,266.485,11.120316725093842,2541.366769565702,171.50193156801927,1948.840179459398,2544.064155608234,97.97643692931224,76.58127184641981,427.8461138755223,6.261513386509375,1265,-3.0000625565141825,-4.069782172491522
4429,266.495,11.120638689800769,2541.366586702375,171.49855465737772,1948.8445692145783,2544.064036215098,97.9763897535054,76.579227382271,427.77845950022026,6.261725834900707,1265,-3.000062570289345,-4.069335641914349
4430,266.505,11.120960630811151,2541.3664038368697,171.49517886023492,1948.8489588592115,2544.063916821252,97.97634257760491,76.57718319526332,427.71080693144233,6.261938277618829,1265,-3.0000625840644477,-4.068889138521158
4431,266.515,11.121282548132058,2541.3662209691834,171.49180417613857,1948.8533483933113,2544.0637974266956,97.9762954016108,76.57513928531145,427.6431561689435,6.262150714664512,1265,-3.0000625978394906,-4.068442662303549
4432,266.525,11.121604441770577,2541.3660380993147,171.48843060493238,1948.8577378168943,2544.063678031426,97.97624822552307,76.57309565233015,427.57550721247867,6.262363146038524,1265,-3.000062611614475,-4.0679962132531395
4433,266.53499999999997,11.121926311733784,2541.3658552272664,171.48505814611775,1948.8621271299744,2544.0635586354483,97.97620104934171,76.57105229623424,427.50786006180306,6.262575571741634,1265,-3.0000626253894005,-4.067549791361519
4434,266.54499999999996,11.122248158028755,2541.3656723530357,171.48168679935307,1948.8665163325682,2544.0634392387587,97.97615387306674,76.56900921693851,427.4402147166718,6.26278799177461,1265,-3.0000626391642675,-4.067103396620331
4435,266.555,11.122569980662568,2541.3654894766255,171.47831656427024,1948.8709054246906,2544.063319841358,97.97610669669815,76.56696641435778,427.37257117684004,6.263000406138222,1265,-3.000062652939075,-4.06665702902116
4436,266.565,11.122891779642297,2541.365306598033,171.47494744054953,1948.8752944063567,2544.0632004432473,97.97605952023595,76.56492388840694,427.3049294420632,6.263212814833237,1265,-3.0000626667138244,-4.0662106885556195
4437,266.575,11.12321355497502,2541.365123717261,171.47157942773214,1948.8796832775831,2544.0630810444272,97.97601234368013,76.56288163900088,427.23728951209665,6.263425217860423,1265,-3.0000626804885147,-4.065764375215335
4438,266.585,11.123535306667797,2541.3649408343067,171.4682125255603,1948.8840720383828,2544.062961644895,97.97596516703071,76.5608396660545,427.1696513866959,6.2636376152205475,1265,-3.0000626942631468,-4.065318088991917
4439,266.59499999999997,11.123857034727711,2541.364757949172,171.46484673362747,1948.8884606887734,2544.0628422446534,97.97591799028767,76.55879796948278,427.1020150656164,6.263850006914379,1265,-3.0000627080377207,-4.064871829876969
4440,266.60499999999996,11.124178739161827,2541.3645750618557,171.4614820515799,1948.8928492287691,2544.062722843701,97.97587081345102,76.55675654920067,427.03438054861385,6.264062392942683,1265,-3.0000627218122364,-4.064425597862122
4441,266.615,11.124500419977212,2541.3643921723583,171.45811847899768,1948.8972376583856,2544.062603442039,97.97582363652079,76.5547154051232,426.9667478354439,6.264274773306228,1265,-3.0000627355866945,-4.063979392938971
4442,266.625,11.124822077180934,2541.3642092806804,171.4547560156233,1948.9016259776383,2544.0624840396663,97.97577645949696,76.55267453716536,426.89911692586236,6.264487148005781,1265,-3.0000627493610947,-4.063533215099158
4443,266.635,11.125143710780058,2541.3640263868197,171.45139466102273,1948.906014186542,2544.0623646365834,97.9757292823795,76.55063394524225,426.83148781962507,6.264699517042107,1265,-3.000062763135437,-4.063087064334275
4444,266.645,11.125465320781647,2541.363843490779,171.44803441482176,1948.9104022851122,2544.0622452327907,97.97568210516847,76.54859362926895,426.7638605164879,6.2649118804159745,1265,-3.0000627769097212,-4.062640940635955
4445,266.655,11.125786907192758,2541.3636605925567,171.44467527670915,1948.914790273364,2544.0621258282886,97.97563492786385,76.54655358916055,426.6962350162069,6.265124238128147,1265,-3.0000627906839483,-4.062194843995824
4446,266.66499999999996,11.126108470020466,2541.363477692152,171.441317246326,1948.9191781513136,2544.0620064230757,97.97558775046564,76.54451382483224,426.62861131853816,6.265336590179392,1265,-3.0000628044581177,-4.061748774405484
4447,266.67499999999995,11.126430009271822,2541.3632947895658,171.43796032325028,1948.9235659189762,2544.0618870171525,97.97554057297381,76.54247433619915,426.5609894232377,6.265548936570475,1265,-3.00006281823223,-4.0613027318565775
4448,266.685,11.126751524953882,2541.3631118847998,171.43460450718567,1948.9279535763662,2544.061767610521,97.97549339538843,76.54043512317648,426.49336933006185,6.26576127730216,1265,-3.000062832006286,-4.060856716340712
4449,266.695,11.127073017073702,2541.3629289778505,171.43124979773089,1948.9323411234984,2544.0616482031787,97.97544621770945,76.53839618567947,426.4257510387668,6.265973612375215,1265,-3.0000628457802843,-4.060410727849504
4450,266.705,11.127394485638348,2541.36274606872,171.42789619454308,1948.9367285603903,2544.061528795127,97.97539903993689,76.53635752362338,426.358134549109,6.266185941790403,1265,-3.0000628595542254,-4.059964766374597
4451,266.715,11.127715930654864,2541.362563157409,171.42454369725846,1948.9411158870548,2544.0614093863664,97.97535186207075,76.53431913692346,426.29051986084505,6.266398265548489,1265,-3.0000628733281105,-4.059518831907592
4452,266.72499999999997,11.128037352130315,2541.3623802439147,171.4211923054892,1948.9455031035097,2544.0612899768953,97.97530468411104,76.53228102549505,426.22290697373126,6.266610583650236,1265,-3.0000628871019384,-4.059072924440131
4453,266.735,11.128358750071738,2541.3621973282407,171.41784201892438,1948.9498902097675,2544.0611705667166,97.97525750605776,76.53024318925347,426.1552958875242,6.26682289609641,1265,-3.0000629008757107,-4.0586270439638374
4454,266.745,11.128680124486193,2541.362014410383,171.41449283712808,1948.9542772058448,2544.061051155826,97.97521032791089,76.52820562811408,426.0876866019806,6.267035202887773,1265,-3.0000629146494258,-4.0581811904703295
4455,266.755,11.129001475380727,2541.361831490344,171.41114475983326,1948.9586640917578,2544.0609317442277,97.97516314967045,76.52616834199227,426.0200791168573,6.267247504025091,1265,-3.000062928423085,-4.0577353639512515
4456,266.765,11.129322802762387,2541.361648568123,171.40779778666348,1948.9630508675202,2544.06081233192,97.97511597133646,76.52413133080348,425.95247343191096,6.267459799509127,1265,-3.0000629421966876,-4.057289564398211
4457,266.775,11.129644106638215,2541.3614656437203,171.40445191718675,1948.9674375331479,2544.0606929189025,97.9750687929089,76.52209459446316,425.88486954689864,6.267672089340643,1265,-3.000062955970235,-4.056843791802855
4458,266.78499999999997,11.129965387015258,2541.3612827171355,171.401107151129,1948.9718240886552,2544.0605735051768,97.97502161438776,76.52005813288675,425.8172674615772,6.267884373520403,1265,-3.000062969743726,-4.056398046156808
4459,266.79499999999996,11.130286643900568,2541.3610997883698,171.39776348802812,1948.9762105340596,2544.060454090742,97.97497443577308,76.51802194598977,425.7496671757037,6.268096652049169,1265,-3.0000629835171617,-4.055952327451695
4460,266.805,11.130607877301173,2541.3609168574208,171.39442092767348,1948.980596869374,2544.0603346755975,97.97492725706483,76.51598603368772,425.6820686890352,6.268308924927705,1265,-3.0000629972905415,-4.055506635679155
4461,266.815,11.130929087224128,2541.36073392429,171.3910794695772,1948.9849830946152,2544.060215259745,97.97488007826303,76.5139503958962,425.614472001329,6.268521192156773,1265,-3.000063011063866,-4.055060970830811
4462,266.825,11.131250273676466,2541.3605509889762,171.38773911341528,1948.9893692097978,2544.0600958431824,97.97483289936768,76.51191503253077,425.5468771123423,6.268733453737133,1265,-3.0000630248371354,-4.054615332898317
4463,266.835,11.131571436665217,2541.360368051481,171.38439985884975,1948.9937552149358,2544.059976425912,97.97478572037876,76.50987994350704,425.4792840218325,6.268945709669549,1265,-3.000063038610349,-4.054169721873286
4464,266.84499999999997,11.13189257619744,2541.3601851118033,171.3810617055241,1948.998141110048,2544.059857007932,97.97473854129632,76.50784512874066,425.4116927295569,6.269157959954782,1265,-3.000063052383508,-4.053724137747357
4465,266.85499999999996,11.132213692280143,2541.3600021699435,171.3777246530591,1949.002526895145,2544.0597375892444,97.97469136212031,76.50581058814728,425.34410323527317,6.269370204593593,1265,-3.000063066156612,-4.053278580512174
4466,266.865,11.132534784920383,2541.3598192259014,171.3743887011026,1949.0069125702457,2544.0596181698475,97.97464418285077,76.50377632164259,425.27651553873875,6.269582443586743,1265,-3.000063079929661,-4.052833050159369
4467,266.875,11.132855854125177,2541.3596362796766,171.3710538492959,1949.0112981353627,2544.059498749743,97.97459700348767,76.50174232914233,425.2089296397113,6.2697946769349935,1265,-3.000063093702655,-4.052387546680578
4468,266.885,11.13317689990157,2541.35945333127,171.36772009727673,1949.0156835905138,2544.0593793289295,97.97454982403106,76.49970861056224,425.14134553794855,6.270006904639105,1265,-3.0000631074755946,-4.051942070067432
4469,266.895,11.133497922256579,2541.359270380681,171.36438744471258,1949.0200689357118,2544.0592599074084,97.97450264448089,76.49767516581808,425.0737632332083,6.270219126699837,1265,-3.00006312124848,-4.051496620311587
4470,266.905,11.133818921197237,2541.3590874279075,171.36105589121075,1949.0244541709724,2544.059140485177,97.97445546483719,76.49564199482566,425.00618272524844,6.270431343117952,1265,-3.000063135021311,-4.051051197404683
4471,266.91499999999996,11.134139896730577,2541.3589044729533,171.35772543640186,1949.0288392963118,2544.059021062239,97.97440828509997,76.49360909750082,424.9386040138269,6.270643553894208,1265,-3.0000631487940876,-4.0506058013383415
4472,266.92499999999995,11.134460848863622,2541.358721515816,171.3543960800151,1949.033224311745,2544.0589016385925,97.9743611052692,76.49157647375941,424.8710270987016,6.270855759029365,1265,-3.0000631625668097,-4.0501604321042235
4473,266.935,11.134781777603395,2541.3585385564943,171.35106782164593,1949.0376092172864,2544.0587822142365,97.97431392534492,76.4895441235173,424.8034519796307,6.271067958524182,1265,-3.000063176339479,-4.04971508969396
4474,266.945,11.135102682956923,2541.3583555949913,171.34774066081323,1949.0419940129518,2544.0586627891744,97.9742667453271,76.48751204669044,424.7358786563724,6.27128015237942,1265,-3.000063190112094,-4.049269774099196
4475,266.955,11.135423564931221,2541.358172631305,171.34441459742544,1949.046378698756,2544.0585433634037,97.97421956521578,76.48548024319473,424.6683071286849,6.271492340595837,1265,-3.000063203884655,-4.0488244853115765
4476,266.965,11.13574442353332,2541.3579896654364,171.34108963087533,1949.0507632747144,2544.058423936925,97.97417238501092,76.48344871294616,424.6007373963264,6.271704523174192,1265,-3.000063217657162,-4.0483792233227485
4477,266.97499999999997,11.136065258770229,2541.3578066973846,171.3377657608816,1949.055147740842,2544.0583045097383,97.97412520471254,76.4814174558607,424.53316945905544,6.271916700115243,1265,-3.0000632314296167,-4.0479339881243614
4478,266.985,11.136386070648971,2541.357623727149,171.33444298712203,1949.0595320971534,2544.058185081844,97.97407802432065,76.47938647185437,424.4656033166304,6.272128871419749,1265,-3.0000632452020173,-4.047488779708058
4479,266.995,11.136706859176565,2541.3574407547317,171.33112130927222,1949.0639163436651,2544.0580656532425,97.97403084383525,76.47735576084324,424.39803896880983,6.272341037088467,1265,-3.000063258974365,-4.047043598065471
4480,267.005,11.137027624360023,2541.3572577801306,171.3278007269413,1949.0683004803911,2544.057946223933,97.97398366325633,76.47532532274339,424.3304764153524,6.272553197122157,1265,-3.0000632727466603,-4.046598443188271
4481,267.015,11.137348366206357,2541.3570748033453,171.3244812397636,1949.0726845073466,2544.0578267939145,97.9739364825839,76.4732951574709,424.2629156560167,6.272765351521575,1265,-3.0000632865189014,-4.046153315068102
4482,267.025,11.137669084722585,2541.356891824378,171.32116284733968,1949.0770684245479,2544.0577073631903,97.97388930181799,76.47126526494189,424.19535669056154,6.272977500287478,1265,-3.0000633002910906,-4.045708213696602
4483,267.03499999999997,11.137989779915715,2541.356708843227,171.31784554941035,1949.0814522320084,2544.057587931758,97.97384212095854,76.46923564507254,424.12779951874575,6.273189643420624,1265,-3.0000633140632265,-4.045263139065442
4484,267.04499999999996,11.138310451792764,2541.356525859892,171.31452934550708,1949.085835929745,2544.0574684996177,97.9737949400056,76.46720629777904,424.0602441403281,6.27340178092177,1265,-3.00006332783531,-4.044818091166244
4485,267.055,11.138631100360724,2541.3563428743746,171.31121423536882,1949.0902195177707,2544.057349066771,97.97374775895918,76.46517722297757,423.9926905550678,6.273613912791673,1265,-3.000063341607341,-4.044373069990694
4486,267.065,11.138951725626622,2541.356159886673,171.3079002186461,1949.0946029961033,2544.0572296332166,97.97370057781924,76.4631484205844,423.92513876272375,6.273826039031088,1265,-3.00006335537932,-4.043928075530412
4487,267.075,11.13927232759745,2541.355976896789,171.30458729486003,1949.0989863647553,2544.057110198956,97.97365339658583,76.46111989051577,423.85758876305516,6.274038159640773,1265,-3.0000633691512477,-4.043483107777073
4488,267.085,11.13959290628022,2541.355793904719,171.30127546378526,1949.1033696237434,2544.0569907639865,97.9736062152589,76.45909163268799,423.79004055582124,6.274250274621482,1265,-3.0000633829231225,-4.043038166722336
4489,267.09499999999997,11.13991346168193,2541.355610910467,171.29796472505396,1949.1077527730818,2544.056871328311,97.97355903383848,76.45706364701736,423.72249414078107,6.274462383973974,1265,-3.000063396694945,-4.0425932523578405
4490,267.10499999999996,11.140233993809588,2541.355427914032,171.29465507825032,1949.1121358127862,2544.056751891929,97.97351185232459,76.45503593342026,423.65494951769415,6.274674487699001,1265,-3.000063410466716,-4.04214836467525
4491,267.115,11.140554502670193,2541.3552449154113,171.29134652306448,1949.1165187428724,2544.0566324548386,97.9734646707172,76.45300849181302,423.5874066863199,6.274886585797321,1265,-3.0000634242384354,-4.0417035036662305
4492,267.125,11.140874988270737,2541.3550619146085,171.28803905907424,1949.120901563353,2544.0565130170426,97.97341748901634,76.45098132211207,423.5198656464179,6.275098678269687,1265,-3.0000634380101037,-4.041258669322421
4493,267.135,11.141195450618229,2541.3548789116203,171.28473268607038,1949.1252842742456,2544.056393578539,97.97337030722201,76.44895442423382,423.4523263977476,6.275310765116855,1265,-3.00006345178172,-4.040813861635497
4494,267.145,11.14151588971966,2541.354695906448,171.28142740356395,1949.1296668755642,2544.0562741393283,97.97332312533418,76.44692779809475,423.38478894006863,6.2755228463395785,1265,-3.000063465553285,-4.040369080597113
4495,267.155,11.141836305582025,2541.354512899093,171.278123211258,1949.1340493673238,2544.056154699412,97.97327594335287,76.4449014436113,423.31725327314075,6.275734921938614,1265,-3.0000634793247993,-4.039924326198916
4496,267.16499999999996,11.142156698212323,2541.3543298895543,171.27482010874084,1949.1384317495404,2544.05603525879,97.97322876127811,76.44287536070003,423.2497193967238,6.275946991914714,1265,-3.0000634930962624,-4.039479598432584
4497,267.17499999999995,11.142477067617545,2541.354146877829,171.27151809573414,1949.1428140222285,2544.055915817459,97.97318157910986,76.44084954927744,423.18218731057755,6.276159056268633,1265,-3.0000635068676744,-4.039034897289788
4498,267.185,11.142797413804672,2541.3539638639218,171.26821717185564,1949.1471961854022,2544.0557963754236,97.97313439684815,76.43882400926012,423.11465701446207,6.276371115001125,1265,-3.0000635206390363,-4.038590222762165
4499,267.195,11.143117736780704,2541.3537808478286,171.2649173367532,1949.1515782390773,2544.055676932681,97.97308721449298,76.43679874056461,423.0471285081372,6.276583168112942,1265,-3.000063534410347,-4.038145574841391
4500,267.205,11.14343803655263,2541.3535978295527,171.26161859011745,1949.1559601832691,2544.055557489232,97.97304003204431,76.43477374310758,422.97960179136317,6.276795215604838,1265,-3.0000635481816067,-4.037700953519137
4501,267.215,11.143758313127437,2541.353414809091,171.2583209314496,1949.1603420179927,2544.055438045077,97.9729928495022,76.43274901680567,422.9120768639001,6.277007257477567,1265,-3.0000635619528166,-4.037256358787062
4502,267.22499999999997,11.144078566512107,2541.353231786445,171.25502436054254,1949.1647237432628,2544.0553186002157,97.97294566686665,76.4307245615755,422.84455372550815,6.27721929373188,1265,-3.0000635757239764,-4.036811790636821
4503,267.235,11.14439879671363,2541.3530487616154,171.25172887705887,1949.1691053590946,2544.0551991546486,97.97289848413762,76.42870037733383,422.7770323759477,6.27743132436853,1265,-3.0000635894950864,-4.0363672490601035
4504,267.245,11.144719003738988,2541.3528657346,171.2484344805393,1949.1734868655033,2544.0550797083747,97.97285130131513,76.42667646399735,422.70951281497923,6.277643349388271,1265,-3.000063603266146,-4.0359227340485635
4505,267.255,11.145039187595156,2541.3526827054,171.2451411706664,1949.1778682625031,2544.0549602613946,97.97280411839921,76.42465282148281,422.641995042363,6.277855368791853,1265,-3.0000636170371555,-4.035478245593874
4506,267.265,11.145359348289123,2541.3524996740152,171.24184894708105,1949.1822495501094,2544.054840813709,97.97275693538982,76.42262944970699,422.5744790578597,6.278067382580028,1265,-3.0000636308081154,-4.035033783687702
4507,267.275,11.145679485827868,2541.3523166404448,171.23855780953684,1949.186630728338,2544.054721365317,97.97270975228699,76.42060634858672,422.5069648612299,6.278279390753549,1265,-3.0000636445790265,-4.0345893483217194
4508,267.28499999999997,11.145999600218362,2541.352133604691,171.23526775754442,1949.1910117972027,2544.0546019162202,97.97266256909072,76.4185835180388,422.4394524522342,6.278491393313167,1265,-3.000063658349887,-4.0341449394875895
4509,267.29499999999996,11.146319691467594,2541.351950566751,171.23197879081025,1949.1953927567201,2544.0544824664157,97.97261538580099,76.41656095798011,422.37194183063343,6.278703390259632,1265,-3.000063672120699,-4.033700557177003
4510,267.305,11.146639759582529,2541.3517675266266,171.2286909089505,1949.1997736069036,2544.0543630159077,97.97256820241785,76.41453866832752,422.3044329961883,6.278915381593696,1265,-3.0000636858914618,-4.033256201381612
4511,267.315,11.14695980457014,2541.351584484317,171.22540411167657,1949.2041543477685,2544.0542435646935,97.97252101894124,76.41251664899796,422.2369259486598,6.279127367316109,1265,-3.000063699662175,-4.032811872093098
4512,267.325,11.14727982643741,2541.3514014398206,171.22211839859156,1949.2085349793308,2544.054124112772,97.9724738353712,76.41049489990836,422.1694206878089,6.279339347427621,1265,-3.000063713432839,-4.032367569303146
4513,267.335,11.147599825191298,2541.3512183931416,171.2188337693708,1949.2129155016037,2544.0540046601473,97.97242665170775,76.40847342097568,422.10191721339663,6.279551321928984,1265,-3.0000637272034543,-4.031923293003398
4514,267.34499999999997,11.147919800838787,2541.3510353442757,171.21555022358453,1949.2172959146042,2544.053885206816,97.97237946795084,76.40645221211693,422.03441552518404,6.279763290820946,1265,-3.0000637409740216,-4.031479043185574
4515,267.35499999999996,11.14823975338684,2541.3508522932248,171.21226776104103,1949.221676218346,2544.05376575278,97.97233228410052,76.40443127324912,421.9669156229325,6.279975254104258,1265,-3.0000637547445397,-4.031034819841324
4516,267.365,11.148559682842425,2541.350669239988,171.2089863811968,1949.226056412845,2544.0536462980385,97.97228510015677,76.4024106042893,421.89941750640315,6.280187211779669,1265,-3.0000637685150098,-4.030590622962326
4517,267.375,11.1488795892125,2541.3504861845654,171.2057060838623,1949.2304364981144,2544.053526842591,97.97223791611958,76.40039020515452,421.8319211753573,6.280399163847929,1265,-3.0000637822854315,-4.030146452540271
4518,267.385,11.149199472504048,2541.350303126957,171.20242686860263,1949.2348164741716,2544.0534073864387,97.97219073198897,76.39837007576192,421.76442662955645,6.280611110309786,1265,-3.0000637960558043,-4.029702308566824
4519,267.395,11.149519332724019,2541.350120067163,171.1991487350665,1949.2391963410303,2544.0532879295806,97.97214354776496,76.39635021602861,421.69693386876196,6.2808230511659895,1265,-3.0000638098261296,-4.029258191033674
4520,267.405,11.149839169879376,2541.349937005184,171.19587168297153,1949.243576098705,2544.053168472019,97.97209636344752,76.39433062587175,421.62944289273554,6.281034986417288,1265,-3.000063823596407,-4.028814099932504
4521,267.41499999999996,11.150158983977082,2541.3497539410187,171.1925957118797,1949.2479557472109,2544.0530490137517,97.97204917903666,76.3923113052085,421.5619537012387,6.281246916064431,1265,-3.0000638373666373,-4.02837003525498
4522,267.42499999999995,11.150478775024096,2541.3495708746673,171.18932082155888,1949.2523352865633,2544.0529295547794,97.97200199453239,76.39029225395606,421.49446629403315,6.281458840108164,1265,-3.000063851136819,-4.027925996992808
4523,267.435,11.150798543027381,2541.3493878061304,171.18604701147189,1949.256714716777,2544.0528100951024,97.9719548099347,76.38827347203171,421.42698067088077,6.281670758549237,1265,-3.0000638649069535,-4.027481985137648
4524,267.445,11.151118287993892,2541.3492047354057,171.18277428146226,1949.2610940378677,2544.05269063472,97.97190762524362,76.38625495935268,421.3594968315433,6.281882671388396,1265,-3.0000638786770404,-4.027037999681196
4525,267.455,11.151438009930574,2541.3490216624964,171.17950263109546,1949.2654732498481,2544.0525711736336,97.97186044045911,76.38423671583627,421.2920147757827,6.282094578626391,1265,-3.0000638924470797,-4.026594040615139
4526,267.465,11.151757708844396,2541.3488385874007,171.17623206002057,1949.2698523527354,2544.0524517118424,97.97181325558122,76.38221874139978,421.22453450336104,6.282306480263967,1265,-3.0000639062170724,-4.026150107931155
4527,267.47499999999997,11.152077384742308,2541.3486555101185,171.1729625678863,1949.2742313465444,2544.0523322493464,97.97176607060992,76.38020103596057,421.1570560140403,6.282518376301872,1265,-3.0000639199870185,-4.025706201620934
4528,267.485,11.152397037631257,2541.3484724306495,171.16969415436597,1949.2786102312887,2544.052212786146,97.97171888554522,76.37818359943597,421.0895793075826,6.282730266740852,1265,-3.0000639337569166,-4.025262321676172
4529,267.495,11.152716667518192,2541.348289348994,171.16642681911424,1949.2829890069834,2544.052093322241,97.97167170038712,76.37616643174341,421.0221043837502,6.282942151581654,1265,-3.000063947526768,-4.024818468088543
4530,267.505,11.15303627441007,2541.348106265152,171.1631605617412,1949.2873676736442,2544.0519738576313,97.97162451513563,76.37414953280032,420.9546312423054,6.283154030825026,1265,-3.0000639612965734,-4.024374640849732
4531,267.515,11.153355858313834,2541.3479231791234,171.15989538193023,1949.2917462312862,2544.051854392318,97.97157732979073,76.3721329025241,420.8871598830106,6.283365904471712,1265,-3.0000639750663325,-4.023930839951452
4532,267.525,11.153675419236427,2541.3477400909082,171.15663127930625,1949.296124679923,2544.0517349263,97.97153014435247,76.37011654083226,420.8196903056282,6.283577772522457,1265,-3.000063988836045,-4.02348706538537
4533,267.53499999999997,11.153994957184802,2541.347557000507,171.15336825361422,1949.3005030195702,2544.051615459579,97.9714829588208,76.36810044764229,420.7522225099207,6.2837896349780085,1265,-3.000064002605711,-4.023043317143184
4534,267.54499999999996,11.154314472165895,2541.347373907918,171.15010630435845,1949.304881250243,2544.051495992152,97.97143577319576,76.36608462287172,420.68475649565073,6.284001491839111,1265,-3.0000640163753305,-4.022599595216599
4535,267.555,11.154633964186656,2541.347190813143,171.14684543133117,1949.3092593719562,2544.0513765240225,97.97138858747732,76.3640690664381,420.6172922625808,6.28421334310651,1265,-3.000064030144905,-4.022155899597285
4536,267.565,11.154953433254024,2541.3470077161787,171.14358563411633,1949.3136373847246,2544.0512570551878,97.97134140166551,76.36205377825902,420.5498298104738,6.28442518878095,1265,-3.000064043914433,-4.021712230276959
4537,267.575,11.155272879374932,2541.3468246170287,171.1403269123604,1949.3180152885623,2544.0511375856495,97.97129421576032,76.36003875825209,420.48236913909244,6.284637028863177,1265,-3.0000640576839155,-4.021268587247304
4538,267.585,11.15559230255633,2541.3466415156918,171.13706926574804,1949.3223930834856,2544.0510181154077,97.97124702976177,76.35802400633493,420.4149102481996,6.2848488633539334,1265,-3.000064071453352,-4.02082497050001
4539,267.59499999999997,11.155911702805145,2541.3464584121675,171.13381269385235,1949.3267707695081,2544.0508986444624,97.97119984366982,76.3560095224252,420.3474531375582,6.285060692253965,1265,-3.0000640852227436,-4.0203813800267865
4540,267.60499999999996,11.15623108012832,2541.346275306455,171.13055719642054,1949.3311483466455,2544.050779172812,97.97115265748452,76.35399530644058,420.2799978069313,6.285272515564016,1265,-3.0000640989920893,-4.0199378158193175
4541,267.615,11.156550434532782,2541.3460921985566,171.12730277312235,1949.3355258149113,2544.0506597004596,97.97110547120583,76.3519813582988,420.212544256082,6.285484333284829,1265,-3.0000641127613896,-4.019494277869301
4542,267.625,11.156869766025478,2541.3459090884694,171.12404942351688,1949.3399031743227,2544.050540227402,97.97105828483379,76.34996767791759,420.1450924847735,6.285696145417148,1265,-3.0000641265306456,-4.019050766168458
4543,267.635,11.15718907461333,2541.3457259761935,171.1207971473386,1949.3442804248932,2544.0504207536405,97.97101109836838,76.34795426521472,420.0776424927689,6.285907951961717,1265,-3.0000641402998562,-4.018607280708457
4544,267.645,11.157508360303266,2541.3455428617303,171.11754594414063,1949.348657566637,2544.050301279177,97.9709639118096,76.34594112010798,420.0101942798317,6.28611975291928,1265,-3.000064154069022,-4.018163821481013
4545,267.655,11.157827623102222,2541.3453597450807,171.11429581369615,1949.3530345995696,2544.0501818040093,97.97091672515748,76.34392824251519,419.9427478457251,6.286331548290577,1265,-3.0000641678381434,-4.017720388477835
4546,267.66499999999996,11.158146863017123,2541.345176626242,171.1110467555952,1949.3574115237059,2544.050062328138,97.97086953841199,76.34191563235419,419.87530319021266,6.286543338076352,1265,-3.000064181607221,-4.017276981690608
4547,267.67499999999995,11.1584660800549,2541.3449935052163,171.10779876950713,1949.3617883390611,2544.0499428515645,97.97082235157313,76.33990328954286,419.80786031305786,6.286755122277347,1265,-3.000064195376253,-4.016833601111031
4548,267.685,11.158785274222474,2541.344810382002,171.10455185508346,1949.3661650456497,2544.049823374287,97.97077516464094,76.3378912139991,419.7404192140243,6.2869669008943045,1265,-3.000064209145241,-4.016390246730833
4549,267.695,11.159104445526765,2541.3446272566,171.10130601195007,1949.3705416434852,2544.0497038963067,97.9707279776154,76.33587940564082,419.67297989287573,6.2871786739279685,1265,-3.000064222914185,-4.015946918541694
4550,267.705,11.159423593974708,2541.344444129008,171.09806123980718,1949.3749181325845,2544.049584417622,97.97068079049652,76.33386786438598,419.6055423493758,6.2873904413790775,1265,-3.0000642366830848,-4.015503616535342
4551,267.715,11.15974271957322,2541.3442609992294,171.09481753828427,1949.379294512962,2544.049464938236,97.97063360328427,76.33185659015257,419.53810658328837,6.287602203248375,1265,-3.0000642504519406,-4.015060340703446
4552,267.72499999999997,11.160061822329215,2541.3440778672616,171.09157490706176,1949.3836707846315,2544.049345458146,97.97058641597869,76.32984558285858,419.47067259437733,6.287813959536601,1265,-3.0000642642207525,-4.014617091037752
4553,267.735,11.160380902249619,2541.343894733106,171.08833334574635,1949.3880469476087,2544.0492259773528,97.97053922857977,76.32783484242202,419.4032403824067,6.288025710244499,1265,-3.000064277989521,-4.014173867529948
4554,267.745,11.160699959341349,2541.3437115967613,171.08509285405154,1949.3924230019081,2544.0491064958574,97.9704920410875,76.32582436876099,419.3358099471404,6.288237455372807,1265,-3.000064291758246,-4.01373067017174
4555,267.755,11.161018993611314,2541.343528458228,171.08185343165843,1949.3967989475436,2544.0489870136585,97.97044485350189,76.32381416179355,419.2683812883426,6.288449194922267,1265,-3.000064305526927,-4.013287498954851
4556,267.765,11.161338005066437,2541.3433453175057,171.07861507810176,1949.4011747845311,2544.048867530758,97.97039766582296,76.3218042214378,419.2009544057775,6.288660928893617,1265,-3.0000643192955656,-4.012844353870979
4557,267.775,11.16165699371363,2541.343162174595,171.07537779310414,1949.4055505128854,2544.0487480471543,97.97035047805069,76.31979454761189,419.13352929920933,6.288872657287602,1265,-3.0000643330641608,-4.012401234911828
4558,267.78499999999997,11.16197595955981,2541.3429790294936,171.07214157633658,1949.4099261326216,2544.048628562847,97.9703032901851,76.31778514023397,419.0661059684024,6.289084380104958,1265,-3.000064346832713,-4.01195814206913
4559,267.79499999999996,11.162294902611878,2541.3427958822053,171.0689064274637,1949.4143016437529,2544.048509077839,97.97025610222617,76.31577599922224,418.99868441312105,6.2892960973464245,1265,-3.0000643606012214,-4.01151507533458
4560,267.805,11.162613822876754,2541.3426127327275,171.06567234605808,1949.4186770462957,2544.0483895921284,97.97020891417392,76.3137671244949,418.9312646331299,6.289507809012743,1265,-3.0000643743696886,-4.011072034699883
4561,267.815,11.162932720361335,2541.342429581059,171.06243933187858,1949.423052340263,2544.048270105713,97.97016172602835,76.3117585159702,418.86384662819336,6.289719515104653,1265,-3.0000643881381124,-4.010629020156783
4562,267.825,11.163251595072543,2541.3422464272035,171.05920738456925,1949.4274275256719,2544.048150618598,97.97011453778947,76.3097501735664,418.7964303980761,6.289931215622891,1265,-3.000064401906494,-4.010186031696968
4563,267.835,11.163570447017271,2541.342063271157,171.0559765037206,1949.4318026025348,2544.0480311307792,97.97006734945727,76.30774209720181,418.7290159425428,6.290142910568198,1265,-3.000064415674833,-4.009743069312161
4564,267.84499999999997,11.163889276202429,2541.341880112922,171.05274668906017,1949.4361775708678,2544.0479116422594,97.97002016103174,76.30573428679475,418.66160326135827,6.2903545999413115,1265,-3.0000644294431296,-4.009300132994083
4565,267.85499999999996,11.164208082634925,2541.341696952495,171.04951794018186,1949.4405524306862,2544.0477921530355,97.9699729725129,76.30372674226354,418.5941923542872,6.2905662837429706,1265,-3.000064443211384,-4.008857222734447
4566,267.865,11.164526866321658,2541.3415137898805,171.04629025677994,1949.4449271820042,2544.047672663111,97.96992578390076,76.30171946352657,418.5267832210946,6.290777961973912,1265,-3.0000644569795973,-4.008414338524974
4567,267.875,11.164845627269516,2541.3413306250764,171.0430636385046,1949.4493018248343,2544.0475531724846,97.9698785951953,76.29971245050223,418.4593758615455,6.290989634634876,1265,-3.0000644707477684,-4.007971480357381
4568,267.885,11.16516436548542,2541.3411474580817,171.0398380850056,1949.4536763591946,2544.047433681156,97.96983140639654,76.29770570310895,418.3919702754048,6.291201301726598,1265,-3.0000644845158977,-4.007528648223379
4569,267.895,11.165483080976259,2541.3409642888964,171.03661359596788,1949.4580507850987,2544.047314189125,97.96978421750447,76.29569922126517,418.3245664624377,6.291412963249816,1265,-3.0000644982839857,-4.007085842114698
4570,267.905,11.165801773748923,2541.3407811175216,171.03339017101916,1949.46242510256,2544.0471946963926,97.9697370285191,76.29369300488939,418.2571644224094,6.291624619205268,1265,-3.0000645120520315,-4.00664306202306
4571,267.91499999999996,11.166120443810323,2541.340597943956,171.030167809841,1949.4667993115959,2544.047075202958,97.96968983944045,76.29168705390009,418.1897641550851,6.29183626959369,1265,-3.0000645258200365,-4.006200307940177
4572,267.92499999999995,11.166439091167337,2541.3404147682013,171.0269465120716,1949.4711734122184,2544.0469557088218,97.96964265026847,76.28968136821581,418.12236566023023,6.292047914415819,1265,-3.0000645395880006,-4.005757579857779
4573,267.935,11.166757715826867,2541.3402315902563,171.02372627736972,1949.4755474044434,2544.046836213985,97.96959546100322,76.2876759477551,418.05496893761017,6.292259553672391,1265,-3.000064553355924,-4.005314877767581
4574,267.945,11.167076317795802,2541.340048410119,171.0205071054346,1949.4799212882851,2544.046716718445,97.96954827164467,76.28567079243653,417.98757398699036,6.292471187364144,1265,-3.000064567123805,-4.004872201661322
4575,267.955,11.167394897081037,2541.3398652277933,171.01728899585444,1949.4842950637594,2544.046597222205,97.96950108219282,76.28366590217874,417.92018080813637,6.292682815491812,1265,-3.0000645808916464,-4.004429551530716
4576,267.965,11.167713453689455,2541.339682043276,171.01407194833402,1949.4886687308797,2544.046477725263,97.9694538926477,76.28166127690034,417.85278940081383,6.292894438056132,1265,-3.000064594659447,-4.003986927367493
4577,267.97499999999997,11.168031987627948,2541.3394988565674,171.01085596248646,1949.4930422896614,2544.0463582276193,97.96940670300928,76.27965691651998,417.7853997647884,6.293106055057839,1265,-3.000064608427207,-4.003544329163368
4578,267.985,11.168350498903404,2541.339315667669,171.0076410380553,1949.497415740119,2544.0462387292746,97.96935951327758,76.27765282095636,417.71801189982597,6.2933176664976695,1265,-3.0000646221949263,-4.003101756910087
4579,267.995,11.168668987522704,2541.3391324765794,171.00442717464014,1949.5017890822674,2544.046119230229,97.96931232345261,76.27564899012818,417.6506258056922,6.293529272376357,1265,-3.0000646359626058,-4.002659210599354
4580,268.005,11.168987453492734,2541.3389492832976,171.00121437193837,1949.5061623161205,2544.0459997304815,97.96926513353435,76.27364542395419,417.58324148215314,6.293740872694638,1265,-3.0000646497302452,-4.002216690222924
4581,268.015,11.169305896820378,2541.338766087826,170.99800262957584,1949.510535441694,2544.045880230033,97.9692179435228,76.27164212235317,417.51585892897475,6.293952467453247,1265,-3.0000646634978443,-4.001774195772512
4582,268.025,11.169624317512511,2541.3385828901614,170.99479194717563,1949.5149084590014,2544.0457607288827,97.96917075341801,76.26963908524387,417.44847814592305,6.294164056652917,1265,-3.0000646772654034,-4.0013317272398545
4583,268.03499999999997,11.169942715576024,2541.3383996903076,170.99158232446482,1949.519281368059,2544.0456412270337,97.96912356321992,76.26763631254512,417.3810991327641,6.294375640294384,1265,-3.000064691032923,-4.000889284616672
4584,268.04499999999996,11.170261091017789,2541.338216488261,170.98837376108716,1949.5236541688798,2544.045521724482,97.96907637292858,76.26563380417579,417.3137218892643,6.294587218378382,1265,-3.0000647048004034,-4.000446867894702
4585,268.055,11.170579443844687,2541.338033284023,170.98516625665843,1949.52802686148,2544.04540222123,97.96902918254396,76.26363156005472,417.2463464151897,6.294798790905642,1265,-3.0000647185678435,-4.00000447706569
4586,268.065,11.17089777406359,2541.337850077594,170.98195981093008,1949.532399445873,2544.045282717276,97.96898199206608,76.26162958010079,417.17897271030677,6.295010357876902,1265,-3.000064732335245,-3.9995621121213456
4587,268.075,11.171216081681376,2541.3376668689716,170.97875442350048,1949.5367719220733,2544.045163212622,97.96893480149494,76.25962786423295,417.1116007743819,6.295221919292891,1265,-3.000064746102607,-3.9991197730534256
4588,268.085,11.171534366704917,2541.337483658159,170.9755500939783,1949.541144290097,2544.0450437072677,97.96888761083052,76.25762641237014,417.0442306071816,6.295433475154345,1265,-3.00006475986993,-3.9986774598536474
4589,268.09499999999997,11.171852629141085,2541.3373004451537,170.97234682216717,1949.5455165499573,2544.044924201213,97.96884042007285,76.25562522443131,416.97686220847237,6.2956450254619964,1265,-3.0000647736372144,-3.998235172513765
4590,268.10499999999996,11.172170868996755,2541.337117229956,170.96914460760055,1949.5498887016693,2544.044804694457,97.96879322922194,76.25362430033549,416.9094955780208,6.295856570216578,1265,-3.0000647874044595,-3.997792911025498
4591,268.115,11.17248908627879,2541.3369340125655,170.96594345000335,1949.5542607452473,2544.0446851869997,97.96874603827777,76.25162364000168,416.8421307155937,6.296068109418821,1265,-3.000064801171666,-3.9973506753805923
4592,268.125,11.17280728099407,2541.3367507929834,170.96274334896202,1949.5586326807074,2544.0445656788424,97.96869884724035,76.24962324334894,416.77476762095785,6.296279643069458,1265,-3.0000648149388343,-3.996908465570784
4593,268.135,11.173125453149447,2541.33656757121,170.95954430426093,1949.563004508062,2544.0444461699863,97.96865165610967,76.24762311029633,416.70740629388,6.296491171169222,1265,-3.000064828705964,-3.9964662815878125
4594,268.145,11.173443602751806,2541.3363843472425,170.95634631546042,1949.5673762273282,2544.044326660429,97.96860446488577,76.24562324076297,416.64004673412717,6.296702693718845,1265,-3.0000648424730554,-3.996024123423418
4595,268.155,11.173761729807994,2541.336201121084,170.95314938222782,1949.5717478385181,2544.0442071501716,97.9685572735686,76.24362363466797,416.57268894146625,6.2969142107190565,1265,-3.000064856240108,-3.9955819910693435
4596,268.16499999999996,11.174079834324882,2541.336017892731,170.94995350429465,1949.5761193416474,2544.044087639213,97.9685100821582,76.24162429193049,416.5053329156644,6.297125722170589,1265,-3.0000648700071233,-3.995139884517326
4597,268.17499999999995,11.174397916309333,2541.335834662186,170.94675868124548,1949.5804907367312,2544.043968127555,97.96846289065458,76.23962521246973,416.4379786564886,6.297337228074175,1265,-3.000064883774101,-3.9946978037591108
4598,268.185,11.17471597576821,2541.335651429448,170.94356491281158,1949.5848620237844,2544.0438486151975,97.9684156990577,76.23762639620486,416.37062616370616,6.297548728430543,1265,-3.0000648975410407,-3.994255748786438
4599,268.195,11.175034012708373,2541.3354681945175,170.9403721985932,1949.5892332028207,2544.04372910214,97.96836850736759,76.23562784305513,416.3032754370844,6.297760223240426,1265,-3.0000649113079416,-3.9938137195910564
4600,268.205,11.175352027136666,2541.335284957393,170.93718053832552,1949.5936042738535,2544.043609588382,97.96832131558423,76.23362955293979,416.2359264763905,6.297971712504554,1265,-3.000064925074806,-3.993371716164704
4601,268.215,11.175670019059966,2541.3351017180757,170.9339899315869,1949.5979752369,2544.0434900739247,97.96827412370766,76.23163152577813,416.168579281392,6.298183196223654,1265,-3.0000649388416334,-3.992929738499126
4602,268.22499999999997,11.175987988485113,2541.334918476565,170.93080037807988,1949.602346091973,2544.043370558766,97.96822693173785,76.22963376148945,416.10123385185636,6.298394674398459,1265,-3.0000649526084238,-3.99248778658608
4603,268.235,11.176305935418974,2541.33473523286,170.9276118774859,1949.6067168390878,2544.043251042909,97.96817973967482,76.22763625999308,416.0338901875511,6.298606147029699,1265,-3.0000649663751755,-3.992045860417306
4604,268.245,11.176623859868393,2541.334551986962,170.9244244294069,1949.6110874782585,2544.0431315263518,97.96813254751856,76.2256390212084,415.96654828824387,6.298817614118103,1265,-3.0000649801418917,-3.991603959984541
4605,268.255,11.17694176184023,2541.3343687388706,170.92123803358962,1949.6154580095001,2544.0430120090955,97.9680853552691,76.22364204505476,415.89920815370243,6.299029075664399,1265,-3.0000649939085706,-3.9911620852795484
4606,268.265,11.177259641341324,2541.334185488585,170.91805268961951,1949.6198284328264,2544.042892491139,97.96803816292639,76.2216453314516,415.8318697836945,6.299240531669317,1265,-3.0000650076752127,-3.9907202362940795
4607,268.275,11.177577498378536,2541.334002236106,170.91486839723203,1949.624198748253,2544.042772972484,97.96799097049049,76.21964888031835,415.76453317798797,6.299451982133586,1265,-3.0000650214418183,-3.990278413019872
4608,268.28499999999997,11.177895332958713,2541.3338189814326,170.9116851560105,1949.6285689557942,2544.0426534531293,97.96794377796137,76.21765269157447,415.6971983363507,6.2996634270579355,1265,-3.000065035208388,-3.9898366154486737
4609,268.29499999999996,11.178213145088698,2541.3336357245657,170.90850296565728,1949.6329390554645,2544.042533933075,97.96789658533905,76.21565676513946,415.6298652585507,6.299874866443092,1265,-3.0000650489749203,-3.9893948435722497
4610,268.305,11.178530934775328,2541.333452465504,170.9053218258789,1949.6373090472769,2544.0424144123217,97.96784939262349,76.2136611009328,415.56253394435595,6.300086300289786,1265,-3.000065062741417,-3.9889530973823515
4611,268.315,11.17884870202547,2541.333269204248,170.9021417362696,1949.6416789312489,2544.042294890869,97.96780219981474,76.21166569887407,415.49520439353466,6.300297728598744,1265,-3.000065076507878,-3.9885113768707217
4612,268.325,11.179166446845947,2541.333085940797,170.89896269655782,1949.646048707393,2544.0421753687165,97.96775500691278,76.20967055888282,415.4278766058551,6.300509151370694,1265,-3.0000650902743025,-3.988069682029126
4613,268.335,11.179484169243603,2541.332902675151,170.89578470637034,1949.6504183757236,2544.0420558458654,97.96770781391761,76.20767568087864,415.3605505810854,6.300720568606363,1265,-3.0000651040406914,-3.9876280128493184
4614,268.34499999999997,11.179801869225287,2541.3327194073113,170.89260776536761,1949.654787936256,2544.0419363223155,97.96766062082926,76.20568106478115,415.293226318994,6.300931980306478,1265,-3.0000651178070448,-3.9871863693230374
4615,268.35499999999996,11.180119546797833,2541.3325361372763,170.88943187318372,1949.6591573890043,2544.041816798066,97.9676134276477,76.20368671050997,415.22590381934924,6.301143386471768,1265,-3.0000651315733635,-3.9867447514420538
4616,268.365,11.180437201968083,2541.3323528650462,170.8862570295542,1949.6635267339836,2544.041697273118,97.96756623437297,76.2016926179848,415.15858308191963,6.30135478710296,1265,-3.000065145339646,-3.9863031591981315
4617,268.375,11.180754834742872,2541.332169590622,170.88308323413213,1949.6678959712087,2544.0415777474714,97.96751904100502,76.19969878712533,415.0912641064738,6.301566182200777,1265,-3.0000651591058936,-3.985861592583017
4618,268.385,11.18107244512903,2541.3319863140027,170.87991048655618,1949.6722651006926,2544.041458221126,97.96747184754389,76.19770521785127,415.02394689278026,6.301777571765949,1265,-3.0000651728721053,-3.9854200515884664
4619,268.395,11.181390033133395,2541.331803035187,170.8767387864813,1949.6766341224504,2544.0413386940813,97.96742465398957,76.19571191008234,414.95663144060774,6.3019889557991995,1265,-3.000065186638283,-3.984978536206248
4620,268.405,11.181707598762802,2541.3316197541762,170.8735681335533,1949.681003036497,2544.041219166338,97.96737746034205,76.19371886373834,414.889317749725,6.302200334301257,1265,-3.0000652004044253,-3.9845370464281182
4621,268.41499999999996,11.182025142024083,2541.33143647097,170.87039852752574,1949.6853718428474,2544.0410996378964,97.96733026660135,76.19172607873908,414.82200581990094,6.302411707272846,1265,-3.000065214170533,-3.9840955822458355
4622,268.42499999999995,11.18234266292406,2541.3312531855686,170.86722996801063,1949.689740541514,2544.0409801087567,97.96728307276747,76.18973355500435,414.75469565090447,6.302623074714692,1265,-3.0000652279366062,-3.983654143651167
4623,268.435,11.182660161469578,2541.3310698979703,170.86406245466375,1949.6941091325143,2544.0408605789175,97.96723587884043,76.18774129245402,414.6873872425045,6.302834436627521,1265,-3.0000652417026448,-3.9832127306358687
4624,268.445,11.182977637667447,2541.330886608178,170.8608959871663,1949.6984776158606,2544.0407410483813,97.96718868482019,76.18574929100794,414.6200805944701,6.303045793012057,1265,-3.000065255468649,-3.9827713431917102
4625,268.455,11.183295091524506,2541.3307033161873,170.85773056514387,1949.7028459915678,2544.040621517145,97.96714149070677,76.18375755058602,414.55277570657046,6.3032571438690255,1265,-3.0000652692346197,-3.9823299813104547
4626,268.465,11.183612523047572,2541.3305200220016,170.85456618836216,1949.70721425965,2544.0405019852114,97.96709429650018,76.1817660711082,414.4854725785747,6.303468489199151,1265,-3.000065283000555,-3.98188864498386
4627,268.47499999999997,11.183929932243474,2541.3303367256203,170.85140285638977,1949.7115824201228,2544.0403824525797,97.96704710220043,76.17977485249442,414.418171210252,6.303679829003158,1265,-3.0000652967664574,-3.9814473342037022
4628,268.485,11.184247319119036,2541.330153427042,170.84824056889403,1949.7159504730002,2544.0402629192504,97.9669999078075,76.17778389466464,414.3508716013719,6.303891163281771,1265,-3.000065310532326,-3.981006048961747
4629,268.495,11.18456468368107,2541.329970126267,170.84507932562875,1949.7203184182958,2544.0401433852217,97.96695271332142,76.17579319753888,414.2835737517037,6.304102492035714,1265,-3.0000653242981605,-3.980564789249754
4630,268.505,11.184882025936407,2541.3297868232958,170.84191912618178,1949.7246862560248,2544.0400238504953,97.96690551874217,76.17380276103714,414.2162776610169,6.30431381526571,1265,-3.000065338063962,-3.9801235550594956
4631,268.515,11.185199345891867,2541.3296035181284,170.83875997024262,1949.7290539862029,2544.0399043150715,97.96685832406975,76.1718125850795,414.14898332908103,6.304525132972483,1265,-3.0000653518297296,-3.9796823463827384
4632,268.525,11.185516643554257,2541.329420210763,170.83560185749184,1949.733421608842,2544.039784778949,97.96681112930418,76.16982266958601,414.0816907556657,6.304736445156755,1265,-3.0000653655954643,-3.979241163211258
4633,268.53499999999997,11.185833918930399,2541.3292369012006,170.83244478754904,1949.7377891239576,2544.0396652421286,97.96676393444545,76.16783301447681,414.01439994054056,6.304947751819251,1265,-3.0000653793611654,-3.978800005536811
4634,268.54499999999996,11.186151172027115,2541.329053589442,170.82928876017104,1949.7421565315658,2544.0395457046106,97.96671673949358,76.16584361967199,413.94711088347543,6.3051590529606925,1265,-3.000065393126834,-3.9783588733511883
4635,268.555,11.186468402851203,2541.3288702754858,170.82613377494422,1949.7465238316777,2544.0394261663955,97.96666954444854,76.16385448509172,413.87982358424017,6.3053703485818025,1265,-3.0000654068924697,-3.977917766646144
4636,268.565,11.186785611409489,2541.3286869593326,170.8229798315364,1949.7508910243105,2544.039306627483,97.96662234931036,76.16186561065619,413.8125380426046,6.305581638683305,1265,-3.0000654206580726,-3.977476685413463
4637,268.575,11.187102797708778,2541.3285036409807,170.8198269297164,1949.7552581094774,2544.039187087871,97.96657515407902,76.15987699628559,413.7452542583388,6.30579292326592,1265,-3.0000654344236426,-3.977035629644916
4638,268.585,11.187419961755886,2541.328320320433,170.8166750690105,1949.7596250871936,2544.0390675475633,97.96652795875455,76.15788864190016,413.6779722312126,6.30600420233037,1265,-3.0000654481891806,-3.9765945993322624
4639,268.59499999999997,11.187737103557613,2541.3281369976867,170.81352424918623,1949.7639919574724,2544.038948006558,97.96648076333693,76.15590054742013,413.61069196099635,6.306215475877377,1265,-3.0000654619546863,-3.97615359446731
4640,268.60499999999996,11.188054223120776,2541.3279536727423,170.81037446986014,1949.7683587203294,2544.0388284648543,97.96643356782617,76.1539127127658,413.54341344746007,6.306426743907664,1265,-3.0000654757201595,-3.9757126150418025
4641,268.615,11.18837132045217,2541.3277703456006,170.8072257307611,1949.7727253757776,2544.038708922454,97.96638637222227,76.15192513785748,413.4761366903741,6.306638006421949,1265,-3.0000654894856007,-3.975271661047524
4642,268.625,11.188688395558614,2541.3275870162606,170.8040780314872,1949.777091923833,2544.0385893793564,97.96633917652525,76.14993782261548,413.40886168950874,6.306849263420955,1265,-3.00006550325101,-3.9748307324762675
4643,268.635,11.189005448446903,2541.327403684723,170.80093137174268,1949.781458364509,2544.0384698355615,97.9662919807351,76.14795076696018,413.34158844463445,6.307060514905403,1265,-3.0000655170163877,-3.9743898293197932
4644,268.645,11.189322479123838,2541.327220350987,170.79778575121654,1949.7858246978196,2544.0383502910704,97.96624478485178,76.14596397081195,413.27431695552156,6.307271760876014,1265,-3.0000655307817334,-3.9739489515698887
4645,268.655,11.18963948759623,2541.327037015052,170.79464116949683,1949.7901909237808,2544.0382307458817,97.96619758887535,76.1439774340912,413.2070472219407,6.307483001333508,1265,-3.000065544547048,-3.9735080992183254
4646,268.66499999999996,11.189956473870868,2541.3268536769174,170.79149762630948,1949.7945570424056,2544.038111199994,97.9661503928058,76.14199115671835,413.1397792436624,6.307694236278604,1265,-3.000065558312331,-3.973067272256906
4647,268.67499999999995,11.190273437954556,2541.3266703365853,170.78835512139725,1949.7989230537082,2544.0379916534107,97.96610319664312,76.14000513861387,413.0725130204574,6.307905465712024,1265,-3.000065572077583,-3.9726264706773895
4648,268.685,11.190590379854086,2541.326486994054,170.7852136542928,1949.8032889577034,2544.0378721061306,97.96605600038731,76.13801937969826,413.0052485520965,6.3081166896344865,1265,-3.0000655858428034,-3.9721856944715617
4649,268.695,11.190907299576264,2541.3263036493236,170.78207322475967,1949.8076547544065,2544.037752558154,97.96600880403841,76.136033879892,412.93798583835036,6.308327908046712,1265,-3.0000655996079932,-3.971744943631209
4650,268.705,11.191224197127879,2541.3261203023944,170.77893383240945,1949.8120204438308,2544.03763300948,97.96596160759637,76.13404863911565,412.87072487898996,6.308539120949418,1265,-3.000065613373152,-3.971304218148115
4651,268.715,11.191541072515722,2541.3259369532643,170.77579547694108,1949.8163860259904,2544.0375134601077,97.9659144110612,76.13206365728972,412.80346567378626,6.308750328343326,1265,-3.0000656271382806,-3.9708635180140663
4652,268.72499999999997,11.191857925746595,2541.325753601937,170.77265815803207,1949.8207515009008,2544.0373939100414,97.96586721443293,76.13007893433485,412.73620822251024,6.308961530229151,1265,-3.0000656409033777,-3.9704228432208364
4653,268.735,11.192174756827278,2541.32557024841,170.76952187535136,1949.8251168685752,2544.0372743592775,97.96582001771156,76.12809447017162,412.6689525249331,6.309172726607616,1265,-3.000065654668445,-3.9699821937602215
4654,268.745,11.192491565764575,2541.3253868926836,170.76638662852537,1949.8294821290297,2544.037154807818,97.96577282089707,76.12611026472068,412.60169858082594,6.309383917479438,1265,-3.0000656684334817,-3.9695415696240044
4655,268.755,11.192808352565256,2541.325203534757,170.76325241730257,1949.8338472822759,2544.0370352556615,97.96572562398947,76.12412631790266,412.53444638995995,6.309595102845334,1265,-3.000065682198488,-3.9691009708039786
4656,268.765,11.193125117236125,2541.3250201746305,170.76011924124285,1949.83821232833,2544.0369157028085,97.96567842698877,76.12214262963828,412.46719595210647,6.309806282706023,1265,-3.000065695963465,-3.9686603972919214
4657,268.775,11.193441859783952,2541.3248368123045,170.7569871001348,1949.8425772672053,2544.0367961492593,97.96563122989498,76.12015919984822,412.39994726703696,6.310017457062223,1265,-3.000065709728411,-3.9682198490796345
4658,268.78499999999997,11.193758580215544,2541.3246534477767,170.7538559935994,1949.846942098918,2544.036676595013,97.96558403270808,76.11817602845323,412.33270033452277,6.31022862591465,1265,-3.000065723493328,-3.9677793261588983
4659,268.79499999999996,11.194075278537664,2541.324470081051,170.75072592133873,1949.8513068234802,2544.036557040072,97.9655368354281,76.1161931153741,412.2654551543355,6.310439789264024,1265,-3.0000657372582156,-3.967338828521502
4660,268.805,11.194391954757103,2541.3242867121235,170.74759688295777,1949.8556714409071,2544.036437484434,97.965489638055,76.11421046053157,412.1982117262466,6.31065094711106,1265,-3.0000657510230737,-3.966898356159248
4661,268.815,11.194708608880644,2541.324103340995,170.74446887811303,1949.860035951214,2544.036317928099,97.96544244058882,76.11222806384647,412.1309700500278,6.310862099456474,1265,-3.0000657647879017,-3.966457909063922
4662,268.825,11.195025240915067,2541.323919967666,170.74134190656838,1949.864400354414,2544.036198371068,97.96539524302955,76.11024592523962,412.0637301254509,6.311073246300986,1265,-3.0000657785527007,-3.966017487227312
4663,268.835,11.195341850867152,2541.3237365921364,170.7382159679397,1949.8687646505227,2544.036078813342,97.96534804537718,76.10826404463191,411.9964919522876,6.31128438764531,1265,-3.000065792317471,-3.9655770906412213
4664,268.84499999999997,11.195658438743665,2541.3235532144067,170.73509106191304,1949.873128839552,2544.0359592549203,97.96530084763174,76.1062824219442,411.92925553030983,6.311495523490164,1265,-3.0000658060822114,-3.965136719297437
4665,268.85499999999996,11.195975004551395,2541.323369834475,170.73196718820066,1949.8774929215183,2544.035839695802,97.96525364979321,76.10430105709742,411.86202085928954,6.311706653836262,1265,-3.000065819846924,-3.9646963731877496
4666,268.865,11.196291548297106,2541.3231864523423,170.72884434639553,1949.8818568964346,2544.035720135988,97.9652064518616,76.1023199500125,411.7947879389987,6.311917778684321,1265,-3.000065833611608,-3.9642560523039587
4667,268.875,11.196608069987581,2541.3230030680093,170.72572253620186,1949.8862207643165,2544.0356005754793,97.9651592538369,76.10033910061041,411.72755676920934,6.312128898035056,1265,-3.0000658473762627,-3.963815756637869
4668,268.885,11.196924569629589,2541.322819681473,170.72260175728266,1949.8905845251768,2544.035481014274,97.96511205571915,76.09835850881211,411.6603273496937,6.312340011889182,1265,-3.000065861140889,-3.9633754861812736
4669,268.895,11.197241047229904,2541.322636292736,170.71948200934602,1949.8949481790314,2544.0353614523733,97.9650648575083,76.09637817453864,411.593099680224,6.312551120247415,1265,-3.0000658749054874,-3.962935240925966
4670,268.905,11.19755750279529,2541.322452901797,170.7163632920592,1949.899311725893,2544.0352418897764,97.96501765920439,76.09439809771101,411.52587376057244,6.31276222311047,1265,-3.0000658886700573,-3.9624950208637486
4671,268.91499999999996,11.197873936332526,2541.322269508657,170.71324560501097,1949.903675165778,2544.035122326485,97.96497046080741,76.09241827825032,411.45864959051147,6.312973320479061,1265,-3.0000659024345993,-3.962054825986418
4672,268.92499999999995,11.198190347848364,2541.3220861133136,170.71012894801936,1949.9080384986976,2544.0350027624977,97.96492326231736,76.0904387160776,411.3914271698135,6.313184412353903,1265,-3.000065916199114,-3.961614656285787
4673,268.935,11.198506737349586,2541.3219027157693,170.70701332061716,1949.9124017246688,2544.034883197816,97.96487606373422,76.08845941111403,411.3242064982509,6.3133954987357095,1265,-3.0000659299636006,-3.9611745117536343
4674,268.945,11.198823104842944,2541.3217193160212,170.70389872257329,1949.9167648437042,2544.034763632437,97.96482886505805,76.08648036328071,411.2569875755964,6.313606579625196,1265,-3.0000659437280586,-3.960734392381785
4675,268.955,11.199139450335206,2541.3215359140722,170.70078515354308,1949.9211278558184,2544.0346440663648,97.96478166628881,76.08450157249881,411.1897704016225,6.313817655023075,1265,-3.0000659574924904,-3.9602942981620224
4676,268.965,11.19945577383314,2541.321352509918,170.697672613177,1949.9254907610268,2544.034524499595,97.96473446742652,76.08252303868949,411.12255497610204,6.31402872493006,1265,-3.0000659712568942,-3.959854229086184
4677,268.97499999999997,11.199772075343505,2541.3211691035635,170.69456110113052,1949.9298535593425,2544.0344049321316,97.96468726847117,76.080544761774,411.0553412988078,6.314239789346866,1265,-3.0000659850212705,-3.9594141851460236
4678,268.985,11.200088354873058,2541.320985695006,170.69145061709645,1949.9342162507799,2544.0342853639736,97.96464006942276,76.07856674167354,410.9881293695125,6.3144508482742046,1265,-3.00006599878562,-3.958974166333376
4679,268.995,11.200404612428553,2541.320802284245,170.68834116075448,1949.9385788353522,2544.0341657951208,97.9645928702813,76.0765889783094,410.92091918798906,6.314661901712789,1265,-3.000066012549943,-3.9585341726400447
4680,269.005,11.200720848016763,2541.320618871281,170.68523273182058,1949.9429413130763,2544.034046225572,97.96454567104679,76.07461147160286,410.8537107540106,6.314872949663332,1265,-3.000066026314239,-3.958094204057842
4681,269.015,11.20103706164443,2541.3204354561144,170.68212532989452,1949.947303683964,2544.0339266553297,97.96449847171922,76.07263422147524,410.78650406735005,6.315083992126547,1265,-3.0000660400785084,-3.957654260578555
4682,269.025,11.201353253318315,2541.320252038744,170.679018954714,1949.9516659480307,2544.033807084392,97.96445127229863,76.07065722784785,410.7192991277806,6.315295029103145,1265,-3.0000660538427506,-3.957214342194008
4683,269.03499999999997,11.201669423045171,2541.3200686191685,170.67591360589176,1949.9560281052902,2544.0336875127587,97.96440407278499,76.06868049064208,410.6520959350754,6.315506060593838,1265,-3.000066067606967,-3.9567744488960104
4684,269.04499999999996,11.201985570831749,2541.3198851973907,170.67280928312908,1949.960390155757,2544.033567940431,97.96435687317832,76.0667040097793,410.58489448900775,6.315717086599339,1265,-3.000066081371157,-3.9563345806763652
4685,269.055,11.202301696684797,2541.3197017734087,170.66970598612076,1949.9647520994442,2544.033448367409,97.9643096734786,76.06472778518092,410.51769478935097,6.315928107120358,1265,-3.0000660951353204,-3.955894737526886
4686,269.065,11.202617800611076,2541.3195183472226,170.66660371452966,1949.9691139363679,2544.033328793692,97.96426247368584,76.0627518167684,410.4504968358785,6.316139122157609,1265,-3.0000661088994582,-3.9554549194393878
4687,269.075,11.202933882617328,2541.319334918833,170.66350246800909,1949.9734756665412,2544.0332092192816,97.96421527380005,76.06077610446317,410.3833006283637,6.316350131711801,1265,-3.0000661226635703,-3.9550151264056725
4688,269.085,11.2032499427103,2541.3191514882383,170.66040224628858,1949.9778372899784,2544.033089644176,97.96416807382123,76.05880064818673,410.31610616658025,6.316561135783647,1265,-3.000066136427656,-3.9545753584175567
4689,269.09499999999997,11.203565980896736,2541.318968055439,170.65730304895817,1949.9821988066926,2544.032970068376,97.96412087374937,76.05682544786059,410.24891345030164,6.3167721343738545,1265,-3.0000661501917167,-3.954135615466862
4690,269.10499999999996,11.203881997183386,2541.318784620436,170.65420487576333,1949.9865602167,2544.032850491882,97.96407367358451,76.05485050340629,410.1817224793016,6.3169831274831365,1265,-3.0000661639557524,-3.9536958975453897
4691,269.115,11.204197991576997,2541.3186011832286,170.65110772634725,1949.990921520014,2544.032730914694,97.9640264733266,76.05287581474538,410.1145332533539,6.317194115112204,1265,-3.0000661777197624,-3.9532562046449673
4692,269.125,11.2045139640843,2541.318417743815,170.6480116004019,1949.995282716648,2544.0326113368114,97.96397927297569,76.05090138179945,410.04734577223235,6.317405097261765,1265,-3.0000661914837465,-3.9528165367573997
4693,269.135,11.204829914712052,2541.3182343021977,170.64491649761848,1949.999643806618,2544.0324917582348,97.96393207253175,76.04892720449011,409.98016003571087,6.317616073932531,1265,-3.000066205247706,-3.9523768938745096
4694,269.145,11.205145843466978,2541.3180508583737,170.64182241760457,1950.0040047899358,2544.032372178963,97.9638848719948,76.046953282739,409.91297604356333,6.31782704512521,1265,-3.0000662190116403,-3.9519372759881053
4695,269.155,11.205461750355823,2541.3178674123465,170.63872936012783,1950.0083656666168,2544.032252599,97.96383767136481,76.04497961646778,409.8457937955638,6.318038010840513,1265,-3.0000662327755503,-3.9514976830900164
4696,269.16499999999996,11.20577763538533,2541.3176839641123,170.6356373248227,1950.012726436676,2544.032133018341,97.96379047064183,76.04300620559812,409.7786132914864,6.318248971079148,1265,-3.0000662465394354,-3.9510581151720556
4697,269.17499999999995,11.206093498562225,2541.3175005136723,170.63254631135516,1950.0170871001255,2544.032013436988,97.96374326982584,76.04103305005175,409.7114345311053,6.318459925841825,1265,-3.000066260303296,-3.9506185722260545
4698,269.185,11.206409339893256,2541.317317061027,170.62945631941187,1950.0214476569818,2544.031893854942,97.96369606891685,76.03906014975038,409.64425751419463,6.318670875129253,1265,-3.0000662740671316,-3.950179054243811
4699,269.195,11.206725159385142,2541.317133606177,170.62636734869267,1950.0258081072566,2544.0317742722027,97.96364886791483,76.03708750461578,409.57708224052885,6.318881818942139,1265,-3.0000662878309434,-3.949739561217155
4700,269.205,11.20704095704463,2541.3169501491184,170.62327939879376,1950.0301684509661,2544.031654688768,97.96360166681983,76.03511511456975,409.5099087098822,6.319092757281194,1265,-3.0000663015947318,-3.9493000931379294
4701,269.215,11.207356732878436,2541.316766689855,170.620192469484,1950.0345286881227,2544.0315351046406,97.9635544656318,76.03314297953406,409.4427369220292,6.319303690147123,1265,-3.000066315358495,-3.9488606499979246
4702,269.22499999999997,11.207672486893312,2541.3165832283858,170.61710656037806,1950.0388888187426,2544.0314155198207,97.96350726435078,76.03117109943058,409.37556687674436,6.319514617540636,1265,-3.000066329122236,-3.948421231788974
4703,269.235,11.207988219095967,2541.3163997647093,170.6140216711873,1950.043248842838,2544.0312959343055,97.96346006297676,76.02919947418114,409.3083985738022,6.31972553946244,1265,-3.0000663428859524,-3.947981838502916
4704,269.245,11.208303929493145,2541.3162162988265,170.61093780162255,1950.047608760425,2544.031176348098,97.96341286150977,76.02722810370764,409.24123201297743,6.319936455913243,1265,-3.000066356649645,-3.9475424701315536
4705,269.255,11.20861961809156,2541.3160328307367,170.60785495127416,1950.0519685715158,2544.0310567611964,97.96336565994977,76.025256987932,409.17406719404477,6.320147366893752,1265,-3.0000663704133146,-3.9471031266667307
4706,269.265,11.208935284897931,2541.3158493604406,170.60477311987785,1950.0563282761238,2544.0309371736025,97.96331845829678,76.02328612677611,409.10690411677894,6.3203582724046745,1265,-3.0000663841769604,-3.9466638081002667
4707,269.275,11.209250929919008,2541.3156658879357,170.60169230710426,1950.0606878742667,2544.0308175853143,97.9632712565508,76.02131552016196,409.03974278095484,6.320569172446716,1265,-3.000066397940583,-3.9462245144239905
4708,269.28499999999997,11.209566553161487,2541.3154824132257,170.59861251261074,1950.065047365955,2544.030697996334,97.96322405471184,76.01934516801151,408.97258318634744,6.320780067020586,1265,-3.0000664117041835,-3.9457852456297275
4709,269.29499999999996,11.209882154632103,2541.3152989363075,170.5955337361064,1950.0694067512043,2544.03057840666,97.9631768527799,76.01737507024679,408.9054253327317,6.3209909561269875,1265,-3.00006642546776,-3.945346001709298
4710,269.305,11.210197734337582,2541.315115457182,170.59245597726996,1950.07376603003,2544.0304588162935,97.96312965075498,76.01540522678981,408.8382692198826,6.321201839766629,1265,-3.0000664392313148,-3.9449067826545487
4711,269.315,11.210513292284631,2541.3149319758472,170.589379235747,1950.0781252024433,2544.030339225232,97.96308244863707,76.01343563756264,408.77111484757535,6.321412717940214,1265,-3.0000664529948464,-3.944467588457295
4712,269.325,11.210828828479974,2541.3147484923065,170.58630351126328,1950.0824842684606,2544.0302196334796,97.9630352464262,76.01146630248734,408.7039622155852,6.321623590648451,1265,-3.0000664667583554,-3.9440284191093786
4713,269.335,11.211144342930325,2541.314565006556,170.58322880344193,1950.0868432280947,2544.0301000410336,97.96298804412234,76.00949722148601,408.6368113236873,6.321834457892045,1265,-3.0000664805218418,-3.9435892746026253
4714,269.34499999999997,11.211459835642406,2541.3143815185986,170.58015511192897,1950.0912020813614,2544.0299804478946,97.96294084172553,76.0075283944808,408.5696621716571,6.3220453196717,1265,-3.000066494285307,-3.9431501549288726
4715,269.35499999999996,11.211775306622922,2541.314198028432,170.57708243656265,1950.0955608282723,2544.029860854063,97.96289363923572,76.00555982139385,408.50251475926996,6.322256175988122,1265,-3.0000665080487487,-3.942711060079932
4716,269.365,11.212090755878592,2541.3140145360585,170.57401077685682,1950.0999194688427,2544.029741259539,97.96284643665297,76.00359150214734,408.4353690863014,6.322467026842016,1265,-3.00006652181217,-3.942271990047665
4717,269.375,11.212406183416132,2541.3138310414747,170.5709401325827,1950.1042780030878,2544.0296216643214,97.96279923397722,76.0016234366635,408.36822515252686,6.322677872234087,1265,-3.0000665355755682,-3.9418329448239082
4718,269.385,11.212721589242243,2541.313647544682,170.56787050340472,1950.1086364310197,2544.029502068412,97.96275203120854,75.9996556248645,408.30108295772203,6.32288871216504,1265,-3.0000665493389453,-3.9413939244004745
4719,269.395,11.213036973665726,2541.313464045702,170.56480188896353,1950.1129947526529,2544.02938247181,97.96270482834689,75.99768806667267,408.2339425016626,6.323099546635576,1265,-3.0000665631023007,-3.940954928769134
4720,269.405,11.213352355408167,2541.31328054582,170.56173428896577,1950.117352968003,2544.0292628745156,97.96265762539228,75.99572076201078,408.16680378412434,6.323310375646402,1265,-3.0000665768656347,-3.940515957917265
4721,269.41499999999996,11.213667745558313,2541.313097045795,170.55866770317914,1950.1217110770817,2544.0291432765284,97.96261042234471,75.99375371080023,408.09966680488304,6.323521199198223,1265,-3.000066590628948,-3.9400770118341972
4722,269.42499999999995,11.213983144110387,2541.3129135456256,170.55560213126537,1950.1260690799052,2544.029023677849,97.96256321920418,75.99178691296403,408.03253156371454,6.323732017291738,1265,-3.0000666043922397,-3.9396380905115516
4723,269.435,11.214298551058365,2541.312730045311,170.55253757292067,1950.130426976487,2544.028904078477,97.96251601597072,75.98982036842672,407.9653980603948,6.323942829927654,1265,-3.000066618155511,-3.939199193941331
4724,269.445,11.214613966396026,2541.31254654485,170.54947402779104,1950.1347847668399,2544.0287844784148,97.9624688126443,75.98785407711296,407.89826629469997,6.324153637106674,1265,-3.000066631918762,-3.9387603221158805
4725,269.455,11.214929390117158,2541.3123630442383,170.54641149564375,1950.1391424509786,2544.0286648776587,97.96242160922493,75.98588803894735,407.831136266406,6.324364438829499,1265,-3.0000666456819927,-3.9383214750275948
4726,269.465,11.21524482221551,2541.3121795434754,170.54334997610357,1950.1435000289177,2544.0285452762105,97.96237440571261,75.9839222538546,407.7640079752892,6.324575235096834,1265,-3.000066659445203,-3.9378826526688266
4727,269.47499999999997,11.215560262684878,2541.31199604256,170.54028946890008,1950.147857500671,2544.0284256740706,97.96232720210736,75.98195672175936,407.6968814211257,6.32478602590938,1265,-3.0000666732083934,-3.937443855031952
4728,269.485,11.215875711519057,2541.3118125414912,170.53722997368007,1950.1522148662518,2544.028306071239,97.96227999840916,75.97999144258638,407.6297566036918,6.32499681126784,1265,-3.0000666869715644,-3.9370050821093274
4729,269.495,11.21619116871187,2541.311629040266,170.53417149013814,1950.1565721256757,2544.028186467715,97.96223279461803,75.97802641626036,407.56263352276386,6.325207591172917,1265,-3.000066700734715,-3.936566333893329
4730,269.505,11.216506634257062,2541.3114455388836,170.53111401792407,1950.160929278955,2544.0280668634996,97.96218559073395,75.97606164270607,407.49551217811836,6.3254183656253105,1265,-3.0000667144978452,-3.9361276103763156
4731,269.515,11.21682210814847,2541.311262037341,170.52805755679287,1950.1652863261033,2544.0279472585908,97.96213838675695,75.9740971218483,407.4283925695318,6.325629134625724,1265,-3.000066728260957,-3.9356889115506806
4732,269.525,11.217137590379906,2541.311078535639,170.52500210641128,1950.1696432671372,2544.027827652992,97.96209118268702,75.97213285361184,407.3612746967807,6.325839898174859,1265,-3.00006674202405,-3.9352502374087726
4733,269.53499999999997,11.217453080945178,2541.310895033773,170.5219476664562,1950.1740001020694,2544.027708046701,97.96204397852415,75.97016883792153,407.2941585596417,6.3260506562734165,1265,-3.000066755787123,-3.9348115879429804
4734,269.54499999999996,11.217768579838133,2541.310711531745,170.5188942365793,1950.178356830913,2544.0275884397192,97.96199677426837,75.96820507470223,407.22704415789144,6.326261408922097,1265,-3.0000667695501777,-3.934372963145651
4735,269.555,11.218084087052567,2541.31052802955,170.51584181648784,1950.182713453682,2544.027468832044,97.96194956991965,75.96624156387878,407.1599314913068,6.326472156121602,1265,-3.0000667833132124,-3.933934363009183
4736,269.565,11.218399602582352,2541.3103445271886,170.51279040586346,1950.1870699703923,2544.0273492236797,97.96190236547801,75.96427830537608,407.0928205596645,6.326682897872631,1265,-3.0000667970762294,-3.933495787525932
4737,269.575,11.218715126421294,2541.3101610246576,170.5097400043873,1950.191426381055,2544.0272296146227,97.96185516094347,75.96231529911908,407.02571136274156,6.326893634175887,1265,-3.0000668108392277,-3.9330572366882866
4738,269.585,11.21903065856324,2541.3099775219566,170.50669061183441,1950.1957826856867,2544.0271100048744,97.961807956316,75.9603525450327,406.9586039003148,6.327104365032068,1265,-3.0000668246022077,-3.9326187104886055
4739,269.59499999999997,11.219346199002082,2541.309794019084,170.50364222773808,1950.2001388843,2544.0269903944354,97.9617607515956,75.95839004304192,406.8914981721614,6.327315090441874,1265,-3.00006683836517,-3.9321802089192732
4740,269.60499999999996,11.219661747731625,2541.3096105160357,170.50059485186657,1950.2044949769102,2544.026870783304,97.9617135467823,75.95642779307171,406.82439417805836,6.327525810406006,1265,-3.0000668521281137,-3.9317417319726666
4741,269.615,11.219977304745798,2541.309427012813,170.4975484839081,1950.20885096353,2544.026751171482,97.9616663418761,75.95446579504711,406.7572919177829,6.327736524925164,1265,-3.0000668658910397,-3.9313032796411673
4742,269.625,11.220292870038385,2541.3092435094136,170.49450312354824,1950.2132068441726,2544.026631558969,97.96161913687698,75.95250404889312,406.69019139111214,6.327947234000045,1265,-3.0000668796539487,-3.930864851917133
4743,269.635,11.220608443603336,2541.3090600058354,170.4914587704969,1950.2175626188543,2544.026511945764,97.96157193178495,75.95054255453483,406.6230925978235,6.32815793763135,1265,-3.0000668934168395,-3.9304264487929603
4744,269.645,11.220924025434496,2541.308876502077,170.4884154243697,1950.2219182875872,2544.0263923318694,97.96152472660002,75.94858131189731,406.55599553769423,6.328368635819779,1265,-3.0000669071797135,-3.9299880702610075
4745,269.655,11.221239615525738,2541.3086929981373,170.48537308487747,1950.226273850386,2544.026272717284,97.96147752132218,75.94662032090565,406.4889002105018,6.328579328566029,1265,-3.00006692094257,-3.929549716313676
4746,269.66499999999996,11.221555213870985,2541.308509494014,170.4823317517594,1950.2306293072636,2544.0261531020074,97.96143031595145,75.944659581485,406.42180661602373,6.3287900158707995,1265,-3.000066934705409,-3.9291113869433287
4747,269.67499999999995,11.221870820464112,2541.3083259897044,170.47929142464088,1950.2349846582358,2544.0260334860386,97.96138311048782,75.9426990935605,406.3547147540376,6.329000697734788,1265,-3.000066948468231,-3.928673082142351
4748,269.685,11.222186435299047,2541.308142485209,170.4762521032164,1950.2393399033147,2544.0259138693805,97.9613359049313,75.94073885705733,406.287624624321,6.329211374158693,1265,-3.000066962231037,-3.928234801903131
4749,269.695,11.222502058369644,2541.307958980525,170.47321378723498,1950.2436950425156,2544.0257942520316,97.96128869928188,75.93877887190065,406.2205362266516,6.329422045143213,1265,-3.000066975993826,-3.9277965462180355
4750,269.705,11.222817689669869,2541.3077754756505,170.47017647628408,1950.248050075852,2544.025674633991,97.96124149353957,75.93681913801574,406.1534495608072,6.3296327106890455,1265,-3.000066989756598,-3.9273583150794633
4751,269.715,11.223133329193612,2541.307591970585,170.46714017011746,1950.2524050033371,2544.025555015261,97.96119428770437,75.9348596553278,406.08636462656557,6.329843370796888,1265,-3.0000670035193546,-3.926920108479778
4752,269.72499999999997,11.223448976934824,2541.3074084653263,170.46410486845863,1950.256759824986,2544.0254353958403,97.9611470817763,75.93290042376209,406.01928142370457,6.330054025467438,1265,-3.0000670172820945,-3.9264819264113724
4753,269.735,11.22376463288742,2541.307224959873,170.46107057093164,1950.2611145408125,2544.0253157757297,97.96109987575534,75.93094144324395,405.9521999520023,6.330264674701392,1265,-3.0000670310448183,-3.9260437688666343
4754,269.745,11.224080297045333,2541.307041454222,170.4580372772281,1950.2654691508296,2544.0251961549266,97.96105266964149,75.92898271369864,405.88512021123665,6.330475318499447,1265,-3.000067044807527,-3.925605635837944
4755,269.755,11.224395969402506,2541.3068579483743,170.4550049870354,1950.269823655051,2544.0250765334354,97.96100546343477,75.9270242350515,405.8180422011858,6.3306859568623,1265,-3.0000670585702194,-3.9251675273176874
4756,269.765,11.224711649952885,2541.306674442326,170.45197370011022,1950.2741780534923,2544.0249569112525,97.96095825713516,75.9250660072279,405.7509659216278,6.3308965897906475,1265,-3.0000670723328966,-3.924729443298241
4757,269.775,11.225027338690447,2541.3064909360764,170.44894341599647,1950.2785323461658,2544.0248372883802,97.96091105074268,75.92310803015323,405.683891372341,6.3311072172851866,1265,-3.0000670860955587,-3.9242913837719966
4758,269.78499999999997,11.225343035609075,2541.3063074296233,170.44591413452363,1950.2828865330857,2544.0247176648163,97.96086384425735,75.92115030375287,405.6168185531036,6.331317839346612,1265,-3.0000670998582053,-3.923853348731357
4759,269.79499999999996,11.22565874070283,2541.306123922968,170.442885855323,1950.2872406142665,2544.0245980405643,97.96081663767912,75.91919282795226,405.54974746369396,6.33152845597562,1265,-3.0000671136208377,-3.9234153381686774
4760,269.805,11.225974453965598,2541.3059404161045,170.43985857808866,1950.2915945897216,2544.024478415621,97.96076943100803,75.91723560267684,405.4826781038905,6.331739067172906,1265,-3.0000671273834545,-3.922977352076378
4761,269.815,11.226290175391417,2541.3057569090342,170.43683230250886,1950.2959484594649,2544.024358789989,97.96072222424408,75.91527862785209,405.4156104734717,6.331949672939167,1265,-3.0000671411460558,-3.9225393904468278
4762,269.825,11.226605904974233,2541.3055734017544,170.43380702828233,1950.3003022235102,2544.0242391636666,97.96067501738726,75.9133219034035,405.34854457221616,6.332160273275097,1265,-3.0000671549086437,-3.9221014532724254
4763,269.835,11.22692164270803,2541.305389894262,170.43078275507958,1950.3046558818717,2544.024119536653,97.96062781043759,75.91136542925658,405.28148039990236,6.332370868181391,1265,-3.0000671686712175,-3.921663540545552
4764,269.84499999999997,11.227237388586829,2541.305206386559,170.42775948259393,1950.3090094345634,2544.0239999089513,97.96058060339504,75.90940920533689,405.2144179563092,6.332581457658743,1265,-3.000067182433776,-3.9212256522585998
4765,269.85499999999996,11.227553142604593,2541.3050228786415,170.42473721052968,1950.313362881598,2544.0238802805598,97.96053339625965,75.90745323156997,405.1473572412152,6.33279204170785,1265,-3.0000671961963215,-3.920787788403961
4766,269.865,11.227868904755352,2541.304839370507,170.4217159385212,1950.3177162229913,2544.023760651478,97.9604861890314,75.90549750788142,405.08029825439934,6.333002620329404,1265,-3.0000672099588526,-3.920349948974037
4767,269.875,11.228184675033088,2541.3046558621554,170.41869566632175,1950.3220694587553,2544.0236410217058,97.96043898171031,75.90354203419685,405.01324099564044,6.333213193524101,1265,-3.00006722372137,-3.9199121339612106
4768,269.885,11.22850045343182,2541.3044723535854,170.41567639366284,1950.3264225889054,2544.023521391246,97.96039177429637,75.90158681044188,404.9461854647174,6.333423761292634,1265,-3.0000672374838735,-3.9194743433578685
4769,269.895,11.228816239945589,2541.3042888447953,170.41265812012406,1950.3307756134548,2544.023401760096,97.96034456678957,75.89963183654218,404.8791316614093,6.333634323635698,1265,-3.000067251246364,-3.9190365771564184
4770,269.905,11.229132034568398,2541.3041053357806,170.40964084543168,1950.3351285324163,2544.0232821282552,97.96029735918992,75.89767711242341,404.8120795854952,6.333844880553985,1265,-3.0000672650088416,-3.9185988353492505
4771,269.91499999999996,11.22944783729427,2541.303921826543,170.4066245693394,1950.3394813458046,2544.023162495726,97.96025015149745,75.89572263801128,404.7450292367542,6.334055432048189,1265,-3.000067278771305,-3.9181611179287485
4772,269.92499999999995,11.22976364811726,2541.303738317081,170.40360929146206,1950.3438340536345,2544.0230428625077,97.96020294371213,75.89376841323153,404.6779806149655,6.334265978119004,1265,-3.0000672925337564,-3.917723424887322
4773,269.935,11.230079467031409,2541.3035548073913,170.40059501147155,1950.3481866559184,2544.0229232286,97.96015573583395,75.89181443800986,404.6109337199085,6.334476518767122,1265,-3.0000673062961947,-3.917285756217353
4774,269.945,11.23039529403074,2541.3033712974725,170.39758172914784,1950.352539152671,2544.0228035940036,97.96010852786296,75.88986071227205,404.54388855136244,6.334687053993237,1265,-3.00006732005862,-3.916848111911246
4775,269.955,11.230711129109327,2541.3031877873245,170.39456944415556,1950.356891543906,2544.022683958718,97.96006131979912,75.88790723594393,404.4768451091067,6.334897583798041,1265,-3.000067333821033,-3.916410491961404
4776,269.965,11.231026972261226,2541.3030042769424,170.39155815614873,1950.3612438296364,2544.0225643227427,97.96001411164245,75.88595400895129,404.40980339292076,6.335108108182225,1265,-3.0000673475834336,-3.9159728963602167
4777,269.97499999999997,11.231342823480489,2541.3028207663297,170.38854786480528,1950.3655960098758,2544.02244468608,97.95996690339295,75.88400103121995,404.34276340258424,6.335318627146482,1265,-3.0000673613458226,-3.9155353251000835
4778,269.985,11.231658682761198,2541.302637255478,170.38553856987056,1950.36994808464,2544.0223250487256,97.95991969505063,75.8820483026758,404.2757251378767,6.335529140691505,1265,-3.000067375108199,-3.915097778173411
4779,269.995,11.231974550097405,2541.302453744393,170.38253027101624,1950.3743000539414,2544.0222054106844,97.95987248661548,75.8800958232447,404.20868859857774,6.3357396488179845,1265,-3.000067388870564,-3.9146602555725836
4780,270.005,11.23229042548322,2541.3022702330686,170.37952296791573,1950.3786519177945,2544.0220857719537,97.95982527808751,75.87814359285257,404.14165378446717,6.335950151526613,1265,-3.000067402632917,-3.914222757290008
4781,270.015,11.232606308912699,2541.302086721503,170.37651666028435,1950.3830036762117,2544.021966132534,97.95977806946672,75.87619161142533,404.0746206953247,6.336160648818081,1265,-3.0000674163952588,-3.913785283318091
4782,270.025,11.232922200379958,2541.3019032096972,170.37351134779297,1950.3873553292083,2544.021846492426,97.95973086075311,75.87423987888891,404.00758933093033,6.336371140693081,1265,-3.0000674301575887,-3.913347833649231
4783,270.03499999999997,11.233238099879058,2541.301719697647,170.3705070301558,1950.3917068767973,2544.021726851629,97.95968365194668,75.8722883951693,403.94055969106387,6.336581627152301,1265,-3.0000674439199075,-3.9129104082758266
4784,270.04499999999996,11.233554007404129,2541.3015361853536,170.36750370703987,1950.3960583189928,2544.021607210144,97.95963644304744,75.8703371601925,403.8735317755054,6.336792108196435,1265,-3.0000674576822157,-3.912473007190283
4785,270.055,11.23386992294928,2541.3013526728137,170.36450137815223,1950.400409655808,2544.0214875679703,97.95958923405539,75.86838617388453,403.8065055840349,6.337002583826172,1265,-3.000067471444512,-3.9120356303850055
4786,270.065,11.234185846508598,2541.3011691600245,170.36150004318512,1950.4047608872584,2544.021367925108,97.95954202497053,75.86643543617141,403.73948111643256,6.337213054042203,1265,-3.0000674852067983,-3.9115982778523883
4787,270.075,11.234501778076234,2541.3009856469866,170.35849970183384,1950.4091120133546,2544.0212482815573,97.95949481579287,75.86448494697923,403.6724583724785,6.337423518845217,1265,-3.0000674989690737,-3.911160949584856
4788,270.085,11.234817717646271,2541.300802133697,170.35550035378884,1950.413463034114,2544.0211286373183,97.9594476065224,75.86253470623406,403.60543735195307,6.337633978235904,1265,-3.0000675127313383,-3.910723645574788
4789,270.09499999999997,11.235133665212903,2541.300618620155,170.35250199876145,1950.417813949548,2544.0210089923908,97.95940039715911,75.860584713862,403.53841805463657,6.337844432214954,1265,-3.0000675264935937,-3.9102863658146028
4790,270.10499999999996,11.235449620770181,2541.3004351063587,170.34950463632973,1950.4221647596705,2544.020889346775,97.95935318770303,75.85863496978921,403.4714004803092,6.338054880783058,1265,-3.000067540255838,-3.9098491102967072
4791,270.115,11.235765584312276,2541.3002515923063,170.3465082663681,1950.4265154644957,2544.020769700472,97.95930597815416,75.85668547394181,403.4043846287517,6.338265323940902,1265,-3.0000675540180723,-3.909411879013518
4792,270.125,11.236081555833357,2541.3000680779965,170.34351288840847,1950.4308660640388,2544.0206500534805,97.9592587685125,75.854736226246,403.33737049974445,6.338475761689179,1265,-3.0000675677802975,-3.908974671957414
4793,270.135,11.236397535327555,2541.2998845634274,170.34051850229667,1950.4352165583107,2544.0205304058004,97.95921155877802,75.85278722662795,403.270358093068,6.3386861940285755,1265,-3.000067581542513,-3.908537489120834
4794,270.145,11.236713522789026,2541.2997010485974,170.3375251075965,1950.4395669473272,2544.0204107574327,97.95916434895076,75.85083847501393,403.2033474085031,6.33889662095978,1265,-3.0000675953047184,-3.9081003304961692
4795,270.155,11.23702951821195,2541.299517533505,170.334532704055,1950.4439172311018,2544.0202911083766,97.95911713903072,75.84888997133014,403.13633844583035,6.339107042483482,1265,-3.0000676090669147,-3.9076631960758372
4796,270.16499999999996,11.237345521590461,2541.299334018148,170.33154129135153,1950.4482674096469,2544.020171458633,97.9590699290179,75.84694171550287,403.0693312048306,6.339317458600369,1265,-3.0000676228291026,-3.907226085852242
4797,270.17499999999995,11.237661532918763,2541.299150502527,170.32855086923172,1950.4526174829778,2544.0200518082024,97.95902271891228,75.8449937074584,403.00232568528463,6.339527869311129,1265,-3.0000676365912806,-3.9067889998177985
4798,270.185,11.237977552190989,2541.298966986638,170.3255614373137,1950.4569674511072,2544.019932157083,97.95897550871389,75.84304594712304,402.93532188697344,6.339738274616451,1265,-3.0000676503534502,-3.9063519379649128
4799,270.195,11.238293579401365,2541.298783470479,170.3225729953265,1950.4613173140497,2544.0198125052752,97.95892829842272,75.84109843442315,402.8683198096779,6.339948674517022,1265,-3.000067664115611,-3.9059149002860027
4800,270.205,11.238609614544071,2541.2985999540515,170.319585542945,1950.4656670718186,2544.019692852781,97.95888108803877,75.83915116928503,402.8013194531792,6.340159069013529,1265,-3.0000676778777633,-3.9054778867734767
4801,270.215,11.238925657613285,2541.2984164373515,170.31659907989825,1950.4700167244275,2544.0195731996,97.95883387756203,75.83720415163509,402.73432081725826,6.34036945810666,1265,-3.000067691639907,-3.9050408974197373
4802,270.22499999999997,11.239241708603236,2541.298232920377,170.31361360584813,1950.47436627189,2544.01945354573,97.95878666699252,75.83525738139976,402.6673239016964,6.340579841797102,1265,-3.000067705402043,-3.9046039322172246
4803,270.235,11.23955776750808,2541.2980494031285,170.31062912049666,1950.4787157142202,2544.019333891173,97.95873945633025,75.83331085850541,402.60032870627475,6.340790220085541,1265,-3.0000677191641705,-3.9041669911583265
4804,270.245,11.239873834322058,2541.2978658856027,170.3076456235863,1950.4830650514318,2544.0192142359283,97.9586922455752,75.83136458287854,402.53333523077464,6.341000592972664,1265,-3.0000677329262904,-3.9037300742354715
4805,270.255,11.240189909039396,2541.2976823678005,170.30466311471994,1950.4874142835374,2544.019094579998,97.95864503472738,75.82941855444558,402.46634347497746,6.341210960459158,1265,-3.0000677466884023,-3.9032931814410623
4806,270.265,11.240505991654311,2541.297498849716,170.3016815936644,1950.4917634105525,2544.0189749233787,97.9585978237868,75.82747277313304,402.39935343866466,6.341421322545708,1265,-3.0000677604505066,-3.902856312767541
4807,270.275,11.240822082160994,2541.29731533135,170.2987010600803,1950.4961124324893,2544.018855266072,97.95855061275347,75.82552723886742,402.33236512161767,6.341631679233,1265,-3.000067774212604,-3.9024194682072935
4808,270.28499999999997,11.24113818055372,2541.2971318127015,170.29572151368293,1950.500461349363,2544.0187356080787,97.95850340162737,75.82358195157528,402.26537852361804,6.341842030521722,1265,-3.0000677879746935,-3.901982647752758
4809,270.29499999999996,11.241454286826707,2541.2969482937683,170.29274295415473,1950.504810161186,2544.0186159493983,97.95845619040851,75.82163691118315,402.1983936444475,6.342052376412557,1265,-3.0000678017367757,-3.9015458513963455
4810,270.305,11.241770400974193,2541.2967647745495,170.28976538123936,1950.5091588679713,2544.018496290032,97.9584089790969,75.81969211761762,402.13141048388763,6.342262716906193,1265,-3.0000678154988516,-3.901109079130468
4811,270.315,11.242086522990432,2541.296581255042,170.28678879452013,1950.5135074697341,2544.018376629977,97.95836176769254,75.81774757080531,402.06442904172025,6.342473052003313,1265,-3.00006782926092,-3.90067233094755
4812,270.325,11.242402652869663,2541.296397735245,170.28381319380796,1950.517855966488,2544.0182569692356,97.95831455619542,75.81580327067283,401.9974493177271,6.342683381704602,1265,-3.000067843022982,-3.9002356068400155
4813,270.335,11.24271879060617,2541.296214215157,170.28083857871243,1950.5222043582467,2544.018137307807,97.95826734460556,75.81385921714683,401.9304713116902,6.342893706010746,1265,-3.0000678567850376,-3.8997989068002785
4814,270.34499999999997,11.2430349361942,2541.296030694778,170.27786494898174,1950.5265526450214,2544.018017645694,97.95822013292296,75.81191541015399,401.8634950233914,6.34310402492243,1265,-3.0000678705470873,-3.8993622308207545
4815,270.35499999999996,11.24335108962802,2541.2958471741026,170.27489230427844,1950.5309008268289,2544.017897982891,97.9581729211476,75.809971849621,401.79652045261275,6.3433143384403365,1265,-3.000067884309131,-3.8989255788938832
4816,270.365,11.243667250901934,2541.2956636531326,170.27192064435056,1950.5352489036823,2544.0177783194035,97.9581257092795,75.80802853547455,401.7295475991363,6.343524646565151,1265,-3.000067898071168,-3.8984889510120713
4817,270.375,11.243983420010192,2541.295480131864,170.26894996884633,1950.5395968755943,2544.017658655228,97.95807849731865,75.80608546764142,401.66257646274414,6.343734949297557,1265,-3.0000679118331997,-3.898052347167744
4818,270.385,11.244299596947057,2541.2952966102976,170.26598027750043,1950.5439447425783,2544.017538990367,97.9580312852651,75.80414264604833,401.5956070432186,6.343945246638239,1265,-3.0000679255952254,-3.8976157673533294
4819,270.395,11.244615781706889,2541.2951130884308,170.26301156995606,1950.5482925046497,2544.0174193248195,97.95798407311878,75.80220007062209,401.5286393403419,6.34415553858788,1265,-3.000067939357246,-3.897179211561242
4820,270.405,11.244931974283919,2541.2949295662615,170.26004384593995,1950.5526401618197,2544.017299658585,97.95793686087974,75.8002577412895,401.4616733538964,6.344365825147164,1265,-3.0000679531192604,-3.896742679783909
4821,270.41499999999996,11.245248174672458,2541.2947460437877,170.25707710517736,1950.5569877141036,2544.0171799916643,97.95788964854796,75.79831565797738,401.3947090836644,6.344576106316772,1265,-3.0000679668812698,-3.8963061720137646
4822,270.42499999999995,11.245564382866874,2541.2945625210086,170.2541113472814,1950.561335161515,2544.017060324057,97.95784243612346,75.79637382061259,401.3277465294285,6.344786382097389,1265,-3.0000679806432746,-3.895869688243229
4823,270.435,11.245880598861401,2541.2943789979236,170.25114657204787,1950.565682504067,2544.016940655764,97.95779522360623,75.79443222912198,401.26078569097115,6.344996652489699,1265,-3.000067994405274,-3.895433228464716
4824,270.445,11.246196822650385,2541.2941954745297,170.24818277914267,1950.570029741773,2544.0168209867843,97.95774801099627,75.79249088343246,401.193826568075,6.345206917494381,1265,-3.000068008167269,-3.8949967926706686
4825,270.455,11.246513054228158,2541.2940119508253,170.2452199682052,1950.574376874647,2544.016701317119,97.9577007982936,75.79054978347096,401.12686916052263,6.345417177112119,1265,-3.00006802192926,-3.8945603808535023
4826,270.465,11.246829293589029,2541.2938284268103,170.24225813900608,1950.5787239027031,2544.016581646768,97.9576535854982,75.7886089291644,401.05991346809685,6.345627431343597,1265,-3.0000680356912457,-3.8941239930056595
4827,270.47499999999997,11.247145540727349,2541.2936449024805,170.2392972911891,1950.5830708259534,2544.0164619757297,97.95760637261009,75.78666832043973,400.9929594905804,6.345837680189494,1265,-3.000068049453228,-3.8936876291195657
4828,270.485,11.24746179563748,2541.2934613778384,170.23633742453922,1950.5874176444138,2544.016342304007,97.95755915962926,75.78472795722395,400.9260072277562,6.3460479236504925,1265,-3.0000680632152057,-3.8932512891876336
4829,270.495,11.247778058313713,2541.293277852878,170.2333785386198,1950.5917643580954,2544.016222631597,97.95751194655571,75.78278783944408,400.85905667940705,6.346258161727276,1265,-3.000068076977179,-3.8928149732023067
4830,270.505,11.248094328750424,2541.293094327599,170.23042063325363,1950.5961109670131,2544.016102958501,97.95746473338947,75.78084796702711,400.792107845316,6.346468394420524,1265,-3.0000680907391497,-3.892378681156016
4831,270.515,11.24841060694197,2541.2929108020016,170.22746370807016,1950.6004574711817,2544.0159832847207,97.9574175201305,75.77890833990013,400.72516072526616,6.346678621730916,1265,-3.0000681045011155,-3.891942413041181
4832,270.525,11.248726892882706,2541.292727276083,170.2245077627828,1950.6048038706122,2544.0158636102537,97.95737030677884,75.77696895799018,400.6582153190406,6.346888843659138,1265,-3.000068118263078,-3.8915061688502437
4833,270.53499999999997,11.249043186566979,2541.292543749841,170.22155279707215,1950.609150165319,2544.015743935101,97.95732309333447,75.77502982122435,400.5912716264225,6.347099060205866,1265,-3.0000681320250377,-3.8910699485756397
4834,270.54499999999996,11.249359487989203,2541.2923602232754,170.21859881067036,1950.6134963553175,2544.015624259263,97.95727587979741,75.7730909295298,400.52432964719503,6.347309271371783,1265,-3.0000681457869947,-3.890633752209797
4835,270.555,11.249675797143727,2541.2921766963836,170.2156458032696,1950.6178424406194,2544.0155045827396,97.95722866616762,75.77115228283363,400.4573893811416,6.347519477157568,1265,-3.000068159548948,-3.890197579745145
4836,270.565,11.249992114024915,2541.2919931691654,170.21269377453822,1950.622188421238,2544.015384905531,97.95718145244516,75.76921388106301,400.39045082804546,6.347729677563902,1265,-3.000068173310899,-3.8897614311741138
4837,270.575,11.250308438627185,2541.2918096416165,170.20974272422603,1950.6265342971888,2544.015265227636,97.95713423862999,75.76727572414514,400.32351398769015,6.347939872591463,1265,-3.0000681870728467,-3.889325306489152
4838,270.585,11.250624770944931,2541.291626113739,170.2067926519894,1950.6308800684833,2544.015145549057,97.95708702472213,75.76533781200719,400.25657885985913,6.348150062240934,1265,-3.000068200834792,-3.8888892056826907
4839,270.59499999999997,11.25094111097252,2541.2914425855274,170.20384355753788,1950.6352257351364,2544.0150258697913,97.95703981072157,75.76340014457642,400.189645444336,6.348360246512992,1265,-3.0000682145967357,-3.88845312874715
4840,270.60499999999996,11.251257458704371,2541.291259056982,170.2008954405561,1950.6395712971614,2544.0149061898405,97.95699259662834,75.76146272178006,400.1227137409044,6.348570425408318,1265,-3.0000682283586766,-3.8880170756749948
4841,270.615,11.251573814134883,2541.2910755281036,170.19794830079246,1950.6439167545711,2544.0147865092063,97.95694538244241,75.7595255435454,400.0557837493479,6.348780598927591,1265,-3.000068242120615,-3.887581046458633
4842,270.625,11.25189017725849,2541.290891998886,170.19500213788058,1950.6482621073806,2544.014666827885,97.95689816816382,75.7575886097997,399.9888554694503,6.348990767071488,1265,-3.0000682558825527,-3.8871450410905153
4843,270.635,11.252206548069594,2541.29070846933,170.19205695157865,1950.6526073556017,2544.014547145879,97.95685095379253,75.7556519204703,399.92192890099557,6.349200929840689,1265,-3.0000682696444874,-3.8867090595630844
4844,270.645,11.252522926562618,2541.2905249394353,170.18911274154408,1950.6569524992478,2544.0144274631884,97.95680373932856,75.75371547548454,399.85500404376745,6.349411087235873,1265,-3.0000682834064216,-3.8862731018687584
4845,270.655,11.252839312732016,2541.2903414091975,170.186169507516,1950.6612975383352,2544.014307779812,97.95675652477192,75.75177927476976,399.78808089754995,6.349621239257716,1265,-3.0000682971683537,-3.885837168000013
4846,270.66499999999996,11.253155706572151,2541.2901578786177,170.1832272491232,1950.6656424728737,2544.014188095752,97.95670931012259,75.74984331825338,399.721159462127,6.349831385906898,1265,-3.0000683109302853,-3.8854012579492494
4847,270.67499999999995,11.253472108077556,2541.2899743476924,170.18028596616736,1950.6699873028801,2544.0140684110065,97.9566620953806,75.74790760586276,399.6542397372828,6.350041527184098,1265,-3.000068324692216,-3.884965371708936
4848,270.685,11.253788517242613,2541.2897908164214,170.1773456582616,1950.6743320283656,2544.013948725576,97.95661488054593,75.74597213752537,399.5873217228014,6.350251663089993,1265,-3.000068338454145,-3.884529509271489
4849,270.695,11.254104934061782,2541.289607284802,170.17440632520015,1950.6786766493449,2544.013829039461,97.95656766561859,75.74403691316863,399.520405418467,6.350461793625258,1265,-3.0000683522160734,-3.8840936706293783
4850,270.705,11.254421358529552,2541.2894237528335,170.17146796657224,1950.6830211658312,2544.013709352662,97.9565204505986,75.74210193272,399.453490824064,6.350671918790574,1265,-3.0000683659780014,-3.8836578557750236
4851,270.715,11.25473779064036,2541.289240220514,170.16853058213047,1950.6873655778384,2544.013589665178,97.95647323548594,75.740167196107,399.38657793937654,6.350882038586614,1265,-3.0000683797399286,-3.8832220647008837
4852,270.72499999999997,11.255054230388655,2541.2890566878414,170.16559417157455,1950.69170988538,2544.0134699770088,97.95642602028062,75.73823270325713,399.3196667641892,6.35109215301406,1265,-3.0000683935018557,-3.882786297399385
4853,270.735,11.255370677768907,2541.2888731548137,170.16265873462694,1950.696054088468,2544.0133502881554,97.95637880498263,75.7362984540979,399.2527572982863,6.351302262073584,1265,-3.000068407263783,-3.882350553862984
4854,270.745,11.255687132775629,2541.288689621433,170.15972427096793,1950.7003981871171,2544.013230598619,97.956331589592,75.73436444855693,399.1858495414525,6.351512365765865,1265,-3.000068421025711,-3.8819148340841214
4855,270.755,11.256003595403262,2541.2885060876924,170.15679078030786,1950.7047421813413,2544.0131109083964,97.9562843741087,75.73243068656174,399.1189434934723,6.351722464091579,1265,-3.000068434787638,-3.8814791380552447
4856,270.765,11.256320065646335,2541.2883225535934,170.15385826227302,1950.709086071154,2544.01299121749,97.95623715853276,75.73049716803997,399.05203915413034,6.351932557051401,1265,-3.0000684485495657,-3.881043465768806
4857,270.775,11.256636543499306,2541.288139019135,170.1509267166901,1950.7134298565668,2544.0128715259,97.95618994286416,75.72856389291923,398.9851365232114,6.352142644646008,1265,-3.0000684623114937,-3.8806078172172245
4858,270.78499999999997,11.256953028956667,2541.2879554843144,170.14799614316917,1950.7177735375956,2544.0127518336258,97.95614272710291,75.72663086112716,398.9182356005002,6.3523527268760756,1265,-3.0000684760734226,-3.8801721923929735
4859,270.79499999999996,11.257269522012974,2541.28777194913,170.14506654145214,1950.722117114253,2544.012632140667,97.95609551124902,75.72469807259145,398.85133638578174,6.35256280374228,1265,-3.0000684898353525,-3.8797365912884936
4860,270.805,11.257586022662656,2541.28758841358,170.1421379112514,1950.7264605865516,2544.012512447024,97.9560482953025,75.72276552723976,398.7844388788407,6.352772875245294,1265,-3.0000685035972836,-3.8793010138962316
4861,270.815,11.25790253090028,2541.2874048776625,170.13921025223522,1950.7308039545055,2544.0123927526965,97.9560010792633,75.72083322499984,398.71754307946225,6.352982941385794,1265,-3.0000685173592156,-3.878865460208641
4862,270.825,11.25821904672036,2541.287221341379,170.13628356412025,1950.7351472181285,2544.0122730576863,97.95595386313148,75.7189011657994,398.65064898743134,6.353193002164456,1265,-3.0000685311211486,-3.8784299302181666
4863,270.835,11.258535570117374,2541.2870378047232,170.1333578466094,1950.739490377434,2544.0121533619913,97.95590664690704,75.71696934956618,398.5837566025331,6.353403057581954,1265,-3.0000685448830837,-3.877994423917255
4864,270.84499999999997,11.25885210108593,2541.286854267698,170.1304330994123,1950.743833432436,2544.012033665613,97.95585943058992,75.715037776228,398.51686592455263,6.353613107638962,1265,-3.0000685586450198,-3.8775589412983713
4865,270.85499999999996,11.259168639620489,2541.2866707302983,170.12750932219308,1950.7481763831458,2544.0119139685507,97.95581221418021,75.71310644571264,398.4499769532752,6.353823152336155,1265,-3.0000685724069585,-3.877123482353943
4866,270.865,11.259485185715631,2541.286487192525,170.12458651470288,1950.7525192295793,2544.0117942708052,97.95576499767786,75.71117535794791,398.38308968848617,6.354033191674205,1265,-3.0000685861688985,-3.8766880470764358
4867,270.875,11.259801739365889,2541.286303654375,170.1216646766203,1950.7568619717488,2544.0116745723753,97.95571778108288,75.70924451286166,398.3162041299708,6.354243225653788,1265,-3.0000685999308407,-3.8762526354583016
4868,270.885,11.260118300565791,2541.286120115847,170.11874380766628,1950.7612046096672,2544.011554873262,97.95567056439528,75.70731391038176,398.2493202775145,6.354453254275578,1265,-3.0000686136927857,-3.8758172474920003
4869,270.895,11.260434869309934,2541.2859365769405,170.11582390750957,1950.7655471433493,2544.0114351734646,97.95562334761505,75.70538355043608,398.1824381309029,6.354663277540248,1265,-3.000068627454733,-3.8753818831699776
4870,270.905,11.260751445592845,2541.2857530376536,170.11290497587336,1950.7698895728074,2544.011315472985,97.95557613074219,75.70345343295256,398.11555768992145,6.354873295448471,1265,-3.0000686412166826,-3.8749465424846745
4871,270.91499999999996,11.261068029409104,2541.2855694979835,170.10998701251262,1950.7742318980556,2544.0111957718213,97.95552891377672,75.7015235578591,398.04867895435575,6.3550833080009195,1265,-3.0000686549786346,-3.874511225428562
4872,270.92499999999995,11.26138462075327,2541.28538595793,170.10707001701653,1950.778574119107,2544.011076069975,97.95548169671862,75.69959392508369,397.98180192399155,6.355293315198266,1265,-3.0000686687405898,-3.874075931994098
4873,270.935,11.26170121961994,2541.28520241749,170.10415398916462,1950.7829162359747,2544.0109563674437,97.95543447956791,75.69766453455426,397.9149265986145,6.355503317041185,1265,-3.0000686825025484,-3.873640662173737
4874,270.945,11.26201782600363,2541.285018876664,170.10123892866451,1950.7872582486727,2544.0108366642307,97.9553872623246,75.69573538619883,397.84805297801046,6.355713313530349,1265,-3.00006869626451,-3.8732054159599145
4875,270.955,11.262334439899025,2541.2848353354484,170.0983248351616,1950.791600157215,2544.010716960333,97.95534004498867,75.69380647994544,397.7811810619653,6.355923304666428,1265,-3.000068710026475,-3.8727701933451213
4876,270.965,11.262651061300629,2541.2846517938438,170.0954117084341,1950.7959419616127,2544.010597255753,97.95529282756014,75.69187781572208,397.7143108502649,6.356133290450096,1265,-3.0000687237884436,-3.8723349943217746
4877,270.97499999999997,11.262967690203102,2541.284468251847,170.0924995481208,1950.8002836618825,2544.010477550491,97.955245610039,75.68994939345686,397.64744234269534,6.356343270882024,1265,-3.000068737550416,-3.8718998188823677
4878,270.985,11.263284326601005,2541.284284709457,170.08958835399983,1950.8046252580343,2544.0103578445446,97.95519839242525,75.68802121307785,397.5805755390426,6.356553245962885,1265,-3.0000687513123925,-3.8714646670193544
4879,270.995,11.263600970488952,2541.284101166673,170.0866781257143,1950.8089667500847,2544.010238137916,97.9551511747189,75.68609327451314,397.51371043909285,6.356763215693349,1265,-3.000068765074373,-3.8710295387251703
4880,271.005,11.263917621861545,2541.2839176234907,170.0837688630118,1950.8133081380452,2544.0101184306036,97.95510395691996,75.68416557769086,397.4468470426322,6.356973180074088,1265,-3.0000687788363574,-3.8705944339923057
4881,271.015,11.264234280713435,2541.283734079912,170.080860565503,1950.8176494219297,2544.009998722609,97.95505673902841,75.68223812253918,397.379985349447,6.357183139105772,1265,-3.0000687925983467,-3.870159352813198
4882,271.025,11.264550947039222,2541.283550535933,170.07795323302526,1950.8219906017505,2544.009879013932,97.95500952104426,75.68031090898623,397.3131253593236,6.357393092789073,1265,-3.000068806360339,-3.8697242951803186
4883,271.03499999999997,11.26486762083353,2541.2833669915535,170.0750468652121,1950.8263316775233,2544.009759304572,97.95496230296753,75.67838393696026,397.24626707204817,6.357603041124662,1265,-3.0000688201223378,-3.869289261086126
4884,271.04499999999996,11.265184302090981,2541.2831834467715,170.07214146175218,1950.8306726492592,2544.0096395945297,97.95491508479822,75.67645720638944,397.1794104874073,6.357812984113209,1265,-3.0000688338843404,-3.868854250523086
4885,271.055,11.265500990806267,2541.282999901585,170.06923702238998,1950.8350135169733,2544.009519883804,97.9548678665363,75.67453071720202,397.11255560518754,6.358022921755384,1265,-3.0000688476463484,-3.868419263483662
4886,271.065,11.265817686973945,2541.2828163559934,170.0663335468138,1950.8393542806775,2544.009400172397,97.95482064818181,75.67260446932625,397.04570242517536,6.358232854051858,1265,-3.0000688614083617,-3.867984299960304
4887,271.075,11.26613439058871,2541.2826328099936,170.0634310347244,1950.8436949403854,2544.0092804603064,97.95477342973473,75.67067846269042,396.9788509471574,6.3584427810032995,1265,-3.00006887517038,-3.8675493599454915
4888,271.085,11.266451101645236,2541.2824492635846,170.06052948580188,1950.848035496112,2544.009160747533,97.95472621119507,75.66875269722283,396.9120011709204,6.358652702610378,1265,-3.0000688889324043,-3.867114443431687
4889,271.09499999999997,11.266767820138147,2541.282265716766,170.05762889978433,1950.852375947869,2544.009041034077,97.95467899256283,75.6668271728518,396.8451530962511,6.358862618873766,1265,-3.0000689026944336,-3.86667955041136
4890,271.10499999999996,11.267084546062108,2541.2820821695354,170.05472927638496,1950.8567162956706,2544.0089213199403,97.954631773838,75.66490188950566,396.77830672293635,6.359072529794129,1265,-3.000068916456469,-3.8662446808769566
4891,271.115,11.267401279411779,2541.281898621892,170.05183061530863,1950.8610565395284,2544.0088016051213,97.9545845550206,75.6629768471128,396.7114620507629,6.359282435372138,1265,-3.00006893021851,-3.8658098348209498
4892,271.125,11.267718020181874,2541.281715073832,170.04893291624887,1950.865396679458,2544.008681889619,97.95453733611063,75.66105204560161,396.64461907951784,6.359492335608461,1265,-3.000068943980557,-3.86537501223583
4893,271.135,11.268034768367047,2541.281531525356,170.0460361789144,1950.869736715472,2544.0085621734343,97.95449011710811,75.65912748490048,396.5777778089882,6.3597022305037685,1265,-3.000068957742611,-3.8649402131140422
4894,271.145,11.268351523961986,2541.2813479764636,170.0431404030461,1950.8740766475844,2544.0084424565694,97.954442898013,75.65720316493785,396.51093823896093,6.359912120058729,1265,-3.000068971504671,-3.8645054374480434
4895,271.155,11.268668286961358,2541.281164427149,170.04024558824548,1950.8784164758063,2544.0083227390205,97.95439567882532,75.65527908564219,396.44410036922324,6.360122004274008,1265,-3.0000689852667377,-3.8640706852303395
4896,271.16499999999996,11.26898505735987,2541.280980877416,170.0373517343336,1950.8827562001534,2544.0082030207914,97.95434845954509,75.65335524694194,396.37726419956226,6.360331883150276,1265,-3.000068999028812,-3.863635956453366
4897,271.17499999999995,11.269301835152246,2541.280797327258,170.03445884095896,1950.8870958206371,2544.0080833018797,97.95430124017228,75.65143164876561,396.31042972976536,6.3605417566882005,1265,-3.0000690127908918,-3.8632012511096034
4898,271.185,11.269618620333134,2541.280613776676,170.03156690784004,1950.891435337272,2544.007963582286,97.95425402070693,75.64950829104171,396.2435969596198,6.360751624888448,1265,-3.0000690265529797,-3.8627665691915336
4899,271.195,11.26993541289731,2541.2804302256677,170.02867593471,1950.8957747500713,2544.0078438620094,97.954206801149,75.6475851736988,396.17676588891305,6.360961487751688,1265,-3.0000690403150743,-3.862331910691618
4900,271.205,11.270252212839447,2541.280246674233,170.0257859211767,1950.900114059048,2544.0077241410527,97.95415958149853,75.64566229666544,396.1099365174324,6.361171345278586,1265,-3.0000690540771764,-3.861897275602322
4901,271.215,11.270569020154278,2541.28006312237,170.0228968670758,1950.904453264216,2544.0076044194143,97.9541123617555,75.64373965987019,396.04310884496556,6.36138119746981,1265,-3.0000690678392865,-3.861462663916118
4902,271.22499999999997,11.270885834836497,2541.279879570075,170.0200087720415,1950.908792365587,2544.007484697094,97.95406514191993,75.64181726324168,395.9762828713,6.361591044326026,1265,-3.0000690816014037,-3.8610280756254816
4903,271.235,11.271202656880856,2541.2796960173478,170.01712163577193,1950.9131313631767,2544.007364974091,97.9540179219918,75.63989510670851,395.9094585962233,6.361800885847902,1265,-3.000069095363529,-3.860593510722903
4904,271.245,11.271519486282122,2541.2795124641875,170.014235458039,1950.9174702569967,2544.007245250408,97.95397070197114,75.63797319019933,395.8426360195233,6.362010722036104,1265,-3.000069109125662,-3.8601589692008385
4905,271.255,11.271836323035004,2541.279328910592,170.01135023852734,1950.9218090470604,2544.0071255260427,97.95392348185793,75.63605151364284,395.77581514098773,6.362220552891299,1265,-3.0000691228878043,-3.8597244510517554
4906,271.265,11.272153167134226,2541.2791453565605,170.00846597688434,1950.9261477333805,2544.0070058009965,97.95387626165217,75.63413007696771,395.70899596040437,6.362430378414151,1265,-3.000069136649954,-3.8592899562681495
4907,271.275,11.27247001857456,2541.2789618020897,170.00558267289713,1950.9304863159723,2544.0068860752685,97.95382904135388,75.63220888010262,395.6421784775612,6.362640198605328,1265,-3.0000691504121124,-3.858855484842483
4908,271.28499999999997,11.272786877350773,2541.278778247179,170.002700326213,1950.9348247948485,2544.006766348859,97.95378182096304,75.63028792297636,395.5753626922461,6.3628500134654935,1265,-3.00006916417428,-3.8584210367672354
4909,271.29499999999996,11.273103743457616,2541.278594691828,169.99981893654405,1950.9391631700207,2544.006646621769,97.95373460047968,75.62836720551766,395.50854860424715,6.363059822995316,1265,-3.0000691779364552,-3.8579866120348916
4910,271.305,11.273420616889826,2541.2784111360334,169.9969385036467,1950.9435014415044,2544.006526893998,97.95368737990377,75.62644672765529,395.4417362133524,6.363269627195459,1265,-3.00006919169864,-3.8575522106379134
4911,271.315,11.273737497642223,2541.278227579794,169.9940590272285,1950.9478396093104,2544.006407165545,97.95364015923535,75.62452648931804,395.37492551935,6.363479426066587,1265,-3.0000692054608344,-3.8571178325687936
4912,271.325,11.27405438570955,2541.27804402311,169.99118050689137,1950.9521776734546,2544.0062874364116,97.95359293847437,75.62260649043476,395.3081165220281,6.363689219609368,1265,-3.000069219223038,-3.8566834778199857
4913,271.335,11.274371281086571,2541.277860465977,169.98830294249132,1950.9565156339477,2544.006167706597,97.9535457176209,75.62068673093427,395.2413092211752,6.363899007824464,1265,-3.000069232985251,-3.856249146384002
4914,271.34499999999997,11.274688183768115,2541.277676908396,169.98542633363763,1950.9608534908057,2544.006047976102,97.9534984966749,75.61876721074543,395.17450361657933,6.364108790712539,1265,-3.0000692467474743,-3.855814838253303
4915,271.35499999999996,11.275005093748943,2541.277493350365,169.98255068008206,1950.9651912440395,2544.0059282449265,97.95345127563635,75.61684792979713,395.1076997080291,6.364318568274259,1265,-3.000069260509706,-3.855380553420376
4916,271.365,11.275322011023878,2541.2773097918807,169.9796759815289,1950.9695288936634,2544.005808513069,97.9534040545053,75.61492888801827,395.0408974953129,6.364528340510288,1265,-3.000069274271948,-3.8549462918776967
4917,271.375,11.27563893558768,2541.2771262329425,169.97680223765065,1950.9738664396896,2544.0056887805313,97.95335683328173,75.61301008533779,394.9740969782192,6.36473810742129,1265,-3.000069288034201,-3.8545120536177464
4918,271.385,11.275955867435183,2541.27694267355,169.97392944821706,1950.978203882134,2544.0055690473127,97.95330961196565,75.61109152168461,394.9072981565367,6.364947869007928,1265,-3.000069301796464,-3.8540778386330095
4919,271.395,11.276272806561183,2541.2767591137003,169.9710576128821,1950.9825412210064,2544.005449313414,97.95326239055706,75.60917319698774,394.84050103005393,6.365157625270864,1265,-3.0000693155587372,-3.8536436469159736
4920,271.405,11.276589752960522,2541.2765755533933,169.9681867313838,1950.9868784563223,2544.0053295788352,97.95321516905597,75.60725511117614,394.77370559855973,6.365367376210765,1265,-3.000069329321021,-3.8532094784591036
4921,271.41499999999996,11.276906706627987,2541.2763919926247,169.96531680342002,1950.9912155880945,2544.0052098435744,97.95316794746235,75.60533726417883,394.7069118618428,6.365577121828292,1265,-3.000069343083316,-3.852775333254902
4922,271.42499999999995,11.277223667558422,2541.2762084313954,169.96244782873524,1950.9955526163367,2544.005090107634,97.95312072577622,75.60341965592484,394.6401198196921,6.36578686212411,1265,-3.000069356845622,-3.852341211295853
4923,271.435,11.27754063574667,2541.276024869703,169.9595798069539,1950.9998895410604,2544.004970371013,97.95307350399759,75.60150228634322,394.57332947189633,6.365996597098879,1265,-3.000069370607938,-3.851907112574433
4924,271.445,11.277857611187532,2541.2758413075467,169.95671273788662,1951.00422636228,2544.004850633711,97.95302628212646,75.59958515536306,394.50654081824456,6.366206326753262,1265,-3.000069384370266,-3.8514730370831263
4925,271.455,11.278174593875885,2541.275657744924,169.95384662118215,1951.0085630800086,2544.0047308957296,97.95297906016283,75.59766826291346,394.43975385852576,6.3664160510879215,1265,-3.0000693981326054,-3.851038984814432
4926,271.465,11.27849158380654,2541.275474181835,169.9509814565653,1951.0128996942599,2544.0046111570687,97.95293183810672,75.59575160892354,394.3729685925291,6.3666257701035205,1265,-3.0000694118949567,-3.8506049557608173
4927,271.47499999999997,11.278808580974383,2541.2752906182773,169.9481172437718,1951.017236205046,2544.004491417728,97.9528846159581,75.5938351933224,394.30618502004376,6.366835483800721,1265,-3.000069425657319,-3.8501709499147756
4928,271.485,11.279125585374238,2541.275107054247,169.94525398243817,1951.021572612381,2544.0043716777054,97.95283739371698,75.59191901603926,394.2394031408588,6.367045192180185,1265,-3.0000694394196934,-3.849736967268806
4929,271.495,11.279442597000994,2541.2749234897447,169.94239167236765,1951.0259089162776,2544.004251937002,97.95279017138337,75.59000307700326,394.17262295476365,6.3672548952425725,1265,-3.0000694531820806,-3.8493030078154002
4930,271.505,11.279759615849477,2541.2747399247705,169.93953031323537,1951.030245116749,2544.0041321956214,97.95274294895727,75.58808737614363,394.1058444615476,6.367464592988547,1265,-3.0000694669444794,-3.8488690715470133
4931,271.515,11.280076641914642,2541.27455635932,169.93666990472076,1951.0345812138094,2544.0040124535594,97.95269572643869,75.58617191338959,394.03906766100005,6.367674285418769,1265,-3.0000694807068906,-3.8484351584561685
4932,271.525,11.280393675191272,2541.2743727933926,169.93381044654046,1951.0389172074708,2544.003892710817,97.95264850382762,75.58425668867038,393.97229255291046,6.367883972533898,1265,-3.0000694944693143,-3.848001268535352
4933,271.53499999999997,11.280710715674275,2541.274189226987,169.93095193841955,1951.0432530977462,2544.0037729673954,97.95260128112407,75.58234170191525,393.9055191370683,6.368093654334596,1265,-3.000069508231751,-3.8475674017770443
4934,271.54499999999996,11.28102776335855,2541.274005660102,169.92809438008095,1951.0475888846493,2544.0036532232944,97.95255405832805,75.58042695305355,393.83874741326326,6.368303330821524,1265,-3.0000695219942,-3.8471335581737325
4935,271.555,11.281344818238994,2541.2738220927367,169.9252377712552,1951.051924568194,2544.0035334785143,97.95250683543955,75.57851244201453,393.77197738128496,6.368513001995342,1265,-3.0000695357566625,-3.8466997377179233
4936,271.565,11.281661880310493,2541.2736385248863,169.92238211161907,1951.0562601483923,2544.003413733053,97.95245961245857,75.57659816872754,393.70520904092314,6.3687226678567095,1265,-3.000069549519138,-3.8462659404020947
4937,271.575,11.281978949567936,2541.273454956552,169.91952740087788,1951.0605956252573,2544.0032939869116,97.95241238938512,75.57468413312195,393.6384423919675,6.368932328406288,1265,-3.0000695632816274,-3.8458321662187607
4938,271.585,11.282296026006277,2541.2732713877326,169.91667363873117,1951.0649309988032,2544.003174240092,97.9523651662192,75.57277033512712,393.5716774342079,6.3691419836447345,1265,-3.0000695770441297,-3.845398415160387
4939,271.59499999999997,11.282613109620351,2541.273087818426,169.91382082494104,1951.0692662690433,2544.0030544925935,97.9523179429608,75.57085677467244,393.5049141674343,6.3693516335727125,1265,-3.000069590806646,-3.8449646872194885
4940,271.60499999999996,11.282930200405133,2541.2729042486303,169.91096895917104,1951.0736014359888,2544.0029347444147,97.95227071960993,75.56894345168735,393.4381525914367,6.3695612781908775,1265,-3.0000696045691764,-3.844530982388541
4941,271.615,11.283247298355521,2541.272720678344,169.908118041211,1951.0779364996547,2544.0028149955565,97.9522234961666,75.56703036610126,393.37139270600494,6.369770917499891,1265,-3.00006961833172,-3.8440973006600556
4942,271.625,11.283564403466462,2541.272537107565,169.9052680706756,1951.082271460054,2544.002695246019,97.95217627263082,75.56511751784366,393.3046345109293,6.369980551500412,1265,-3.0000696320942786,-3.843663642026537
4943,271.635,11.283881515732864,2541.272353536294,169.90241904730834,1951.086606317199,2544.0025754958033,97.95212904900256,75.563204906844,393.23787800599985,6.3701901801931,1265,-3.000069645856851,-3.8432300064804505
4944,271.645,11.284198635149647,2541.2721699645263,169.89957097085136,1951.0909410711029,2544.002455744907,97.95208182528185,75.5612925330318,393.1711231910068,6.370399803578612,1265,-3.0000696596194385,-3.84279639401433
4945,271.655,11.284515761711795,2541.271986392263,169.89672384099438,1951.0952757217797,2544.0023359933325,97.9520346014687,75.55938039633659,393.10437006574045,6.370609421657607,1265,-3.0000696733820393,-3.8423628046206386
4946,271.66499999999996,11.28483289541421,2541.271802819501,169.89387765744547,1951.0996102692416,2544.0022162410787,97.95198737756309,75.55746849668789,393.0376186299912,6.370819034430744,1265,-3.000069687144656,-3.841929238291897
4947,271.67499999999995,11.285150036251906,2541.27161924624,169.89103241993217,1951.1039447135029,2544.002096488146,97.95194015356502,75.55555683401528,392.97086888354926,6.371028641898679,1265,-3.0000697009072876,-3.841495695020595
4948,271.685,11.285467184219774,2541.271435672477,169.88818812815313,1951.1082790545756,2544.0019767345343,97.95189292947451,75.55364540824836,392.9041208262053,6.371238244062072,1265,-3.0000697146699338,-3.841062174799235
4949,271.695,11.285784339312798,2541.2712520982122,169.88534478180827,1951.1126132924726,2544.001856980244,97.95184570529155,75.55173421931671,392.8373744577497,6.371447840921579,1265,-3.0000697284325955,-3.840628677620302
4950,271.705,11.286101501525968,2541.2710685234415,169.88250238067545,1951.1169474272076,2544.0017372252737,97.95179848101614,75.54982326714997,392.7706297779732,6.37165743247786,1265,-3.0000697421952727,-3.840195203476333
4951,271.715,11.28641867085421,2541.270884948166,169.8796609243652,1951.1212814587943,2544.0016174696248,97.9517512566483,75.54791255167781,392.7038867866664,6.37186701873157,1265,-3.0000697559579654,-3.8397617523597907
4952,271.72499999999997,11.286735847292523,2541.2707013723834,169.87682041266356,1951.1256153872448,2544.0014977132982,97.95170403218802,75.54600207282988,392.63714548361986,6.372076599683367,1265,-3.0000697697206737,-3.8393283242631937
4953,271.735,11.287053030835903,2541.270517796092,169.87398084526816,1951.129949212573,2544.0013779562923,97.95165680763529,75.54409183053586,392.57040586862456,6.372286175333906,1265,-3.0000697834833985,-3.838894919179042
4954,271.745,11.287370221479282,2541.2703342192895,169.87114222191727,1951.134282934791,2544.001258198607,97.95160958299012,75.5421818247255,392.5036679414713,6.372495745683847,1265,-3.0000697972461388,-3.8384615370998487
4955,271.755,11.287687419217729,2541.2701506419753,169.86830454228067,1951.1386165539125,2544.001138440244,97.95156235825252,75.5402720553285,392.4369317019508,6.372705310733844,1265,-3.0000698110088964,-3.8380281780180905
4956,271.765,11.288004624046158,2541.2699670641487,169.86546780606017,1951.1429500699503,2544.001018681203,97.95151513342249,75.53836252227464,392.3701971498542,6.372914870484554,1265,-3.0000698247716695,-3.8375948419262946
4957,271.775,11.288321835959641,2541.2697834858063,169.8626320130631,1951.147283482918,2544.0008989214834,97.95146790850004,75.53645322549367,392.30346428497256,6.373124424936633,1265,-3.000069838534459,-3.837161528816961
4958,271.78499999999997,11.288639054953153,2541.269599906948,169.85979716289046,1951.151616792829,2544.0007791610847,97.95142068348514,75.53454416491543,392.23673310709677,6.3733339740907375,1265,-3.0000698522972664,-3.8367282386825816
4959,271.79499999999996,11.288956281021694,2541.269416327572,169.8569632553359,1951.1559499996952,2544.000659400009,97.95137345837783,75.5326353404697,392.17000361601816,6.373543517947522,1265,-3.0000698660600897,-3.8362949715156835
4960,271.805,11.28927351416028,2541.2692327476752,169.8541302900849,1951.1602831035311,2544.0005396382535,97.95132623317811,75.53072675208634,392.10327581152785,6.373753056507644,1265,-3.00006987982293,-3.835861727308751
4961,271.815,11.289590754363942,2541.2690491672593,169.8512982668182,1951.1646161043477,2544.000419875821,97.95127900788594,75.5288183996952,392.0365496934171,6.3739625897717564,1265,-3.000069893585788,-3.835428506054307
4962,271.825,11.289908001627703,2541.2688655863203,169.8484671853032,1951.1689490021602,2544.0003001127106,97.95123178250138,75.52691028322616,391.9698252614773,6.374172117740517,1265,-3.0000699073486627,-3.834995307744846
4963,271.835,11.29022525594661,2541.2686820048566,169.84563704523444,1951.1732817969812,2544.0001803489213,97.95118455702439,75.52500240260915,391.9031025154998,6.374381640414577,1265,-3.000069921111556,-3.834562132372893
4964,271.84499999999997,11.290542517315647,2541.2684984228686,169.84280784633276,1951.1776144888229,2544.000060584455,97.951137331455,75.52309475777406,391.8363814552762,6.374591157794595,1265,-3.0000699348744657,-3.8341289799309295
4965,271.85499999999996,11.290859785729925,2541.268314840352,169.83997958829752,1951.1819470776982,2543.999940819309,97.95109010579318,75.52118734865086,391.76966208059775,6.374800669881223,1265,-3.0000699486373947,-3.833695850411496
4966,271.865,11.291177061184419,2541.268131257307,169.83715227083923,1951.1862795636205,2543.9998210534854,97.95104288003895,75.51928017516948,391.7029443912562,6.375010176675116,1265,-3.000069962400341,-3.8332627438070817
4967,271.875,11.291494343674206,2541.267947673732,169.8343258936834,1951.190611946604,2543.9997012869844,97.95099565419233,75.51737323725995,391.6362283870433,6.375219678176929,1265,-3.0000699761633056,-3.832829660110201
4968,271.885,11.291811633194362,2541.2677640896263,169.83150045654978,1951.1949442266607,2543.999581519806,97.9509484282533,75.51546653485225,391.5695140677505,6.375429174387316,1265,-3.0000699899262884,-3.832396599313358
4969,271.895,11.29212892973992,2541.2675805049857,169.82867595916306,1951.1992764038027,2543.9994617519487,97.95090120222186,75.51356006787643,391.50280143316974,6.375638665306928,1265,-3.0000700036892898,-3.8319635614090783
4970,271.905,11.292446233305963,2541.2673969198117,169.82585240120542,1951.2036084780455,2543.999341983414,97.95085397609802,75.51165383626252,391.4360904830928,6.375848150936423,1265,-3.00007001745231,-3.8315305463898675
4971,271.91499999999996,11.292763543887549,2541.2672133341002,169.82302978244422,1951.2079404494,2543.999222214202,97.95080674988178,75.50974783994062,391.3693812173116,6.37605763127645,1265,-3.0000700312153485,-3.8310975542482435
4972,271.92499999999995,11.293080861479753,2541.267029747853,169.82020810258143,1951.21227231788,2543.999102444313,97.95075952357315,75.50784207884078,391.3026736356181,6.376267106327665,1265,-3.000070044978407,-3.8306645849766943
4973,271.935,11.29339818607765,2541.266846161066,169.8173873612716,1951.216604083499,2543.998982673746,97.95071229717212,75.50593655289315,391.23596773780423,6.376476576090721,1265,-3.0000700587414837,-3.830231638567757
4974,271.945,11.293715517676324,2541.266662573738,169.81456755826943,1951.2209357462682,2543.9988629025015,97.9506650706787,75.50403126202785,391.16926352366215,6.37668604056627,1265,-3.00007007250458,-3.8297987150139443
4975,271.955,11.294032856270881,2541.2664789858677,169.81174869333577,1951.2252673062028,2543.998743130579,97.9506178440929,75.50212620617502,391.10256099298397,6.376895499754964,1265,-3.0000700862676957,-3.8293658143077676
4976,271.965,11.294350201856393,2541.2662953974523,169.80893076609664,1951.2295987633147,2543.998623357979,97.9505706174147,75.50022138526487,391.03586014556186,6.377104953657456,1265,-3.000070100030831,-3.828932936441741
4977,271.97499999999997,11.294667554427978,2541.266111808494,169.806113776384,1951.2339301176182,2543.9985035847035,97.95052339064412,75.49831679922757,390.96916098118817,6.377314402274399,1265,-3.0000701137939867,-3.8285000814083787
4978,271.985,11.294984913980707,2541.265928218988,169.80329772382268,1951.2382613691234,2543.9983838107496,97.95047616378115,75.49641244799334,390.90246349965514,6.377523845606443,1265,-3.0000701275571617,-3.828067249200187
4979,271.995,11.295302280509738,2541.2657446289336,169.8004826081729,1951.2425925178463,2543.9982640361186,97.95042893682582,75.49450833149241,390.8357677007552,6.3777332836542415,1265,-3.0000701413203577,-3.8276344398097075
4980,272.005,11.295619654010128,2541.265561038329,169.79766842909717,1951.2469235637977,2543.998144260811,97.9503817097781,75.49260444965508,390.76907358428076,6.3779427164184455,1265,-3.0000701550835736,-3.827201653229445
4981,272.015,11.295937034477012,2541.265377447174,169.79485518634615,1951.2512545069926,2543.9980244848257,97.95033448263798,75.49070080241158,390.70238115002434,6.378152143899706,1265,-3.00007016884681,-3.8267688894519036
4982,272.025,11.296254421905576,2541.265193855465,169.79204287968997,1951.255585347443,2543.9979047081633,97.95028725540553,75.48879738969224,390.6356903977786,6.378361566098676,1265,-3.0000701826100666,-3.826336148469627
4983,272.03499999999997,11.296571816290864,2541.265010263202,169.78923150874135,1951.2599160851614,2543.997784930824,97.95024002808067,75.48689421142737,390.569001327336,6.3785709830160044,1265,-3.000070196373344,-3.825903430275115
4984,272.04499999999996,11.296889217628031,2541.2648266703845,169.78642107331063,1951.2642467201615,2543.9976651528086,97.95019280066344,75.48499126754731,390.50231393848935,6.378780394652344,1265,-3.0000702101366428,-3.82547073486089
4985,272.055,11.297206625912247,2541.264643077008,169.78361157305682,1951.268577252455,2543.997545374116,97.95014557315386,75.48308855798244,390.43562823103144,6.378989801008344,1265,-3.0000702238999617,-3.825038062219488
4986,272.065,11.297524041138614,2541.264459483073,169.7808030076849,1951.2729076820576,2543.997425594746,97.95009834555191,75.48118608266314,390.368944204755,6.379199202084655,1265,-3.000070237663303,-3.824605412343408
4987,272.075,11.297841463302303,2541.2642758885786,169.77799537697845,1951.277238008979,2543.9973058147007,97.95005111785758,75.4792838415198,390.30226185945287,6.379408597881929,1265,-3.0000702514266653,-3.8241727852251826
4988,272.085,11.298158892398488,2541.264092293521,169.77518868059866,1951.2815682332343,2543.9971860339774,97.95000389007092,75.47738183448287,390.23558119491815,6.379617988400812,1265,-3.000070265190049,-3.82374018085734
4989,272.09499999999997,11.298476328422252,2541.2639086978998,169.77238291830554,1951.2858983548363,2543.997066252577,97.94995666219187,75.47548006148277,390.16890221094366,6.379827373641959,1265,-3.000070278953454,-3.8233075992323933
4990,272.10499999999996,11.298793771368807,2541.2637251017145,169.76957808984903,1951.290228373797,2543.996946470501,97.94990943422047,75.47357852245,390.1022249073226,6.380036753606016,1265,-3.0000702927168823,-3.82287504034286
4991,272.115,11.299111221233337,2541.2635415049626,169.7667741948329,1951.2945582901307,2543.9968266877486,97.94986220615672,75.47167721731502,390.035549283848,6.380246128293635,1265,-3.000070306480332,-3.822442504181274
4992,272.125,11.29942867801099,2541.2633579076432,169.7639712330502,1951.2988881038489,2543.9967069043196,97.94981497800063,75.46977614600834,389.96887534031316,6.380455497705463,1265,-3.0000703202438035,-3.8220099907401583
4993,272.135,11.299746141696927,2541.2631743097536,169.7611692041947,1951.3032178149647,2543.996587120214,97.94976774975218,75.46787530846049,389.9022030765112,6.38066486184215,1265,-3.0000703340072983,-3.8215775000120367
4994,272.145,11.300063612286374,2541.2629907112937,169.75836810798495,1951.3075474234927,2543.996467335432,97.94972052141138,75.46597470460205,389.83553249223553,6.380874220704345,1265,-3.000070347770815,-3.8211450319894307
4995,272.155,11.30038108977446,2541.26280711226,169.75556794419632,1951.3118769294433,2543.996347549974,97.94967329297823,75.46407433436356,389.7688635872795,6.381083574292698,1265,-3.0000703615343545,-3.8207125866648717
4996,272.16499999999996,11.30069857415642,2541.2626235126545,169.7527687124081,1951.3162063328323,2543.99622776384,97.94962606445274,75.46217419767562,389.70219636143645,6.381292922607856,1265,-3.0000703752979168,-3.820280164030877
4997,272.17499999999995,11.30101606542743,2541.2624399124725,169.74997041254832,1951.3205356336696,2543.9961079770296,97.94957883583491,75.46027429446885,389.6355308145,6.381502265650467,1265,-3.0000703890615026,-3.819847764079976
4998,272.185,11.30133356358269,2541.262256311713,169.7471730441465,1951.3248648319707,2543.995988189543,97.94953160712475,75.45837462467388,389.5688669462636,6.381711603421181,1265,-3.000070402825111,-3.819415386804709
4999,272.195,11.3016510686174,2541.262072710375,169.74437660698635,1951.329193927747,2543.9958684013804,97.94948437832224,75.45647518822136,389.5022047565209,6.381920935920644,1265,-3.000070416588743,-3.818983032197596
5000,272.205,11.301968580526799,2541.261889108458,169.74158110087154,1951.3335229210122,2543.9957486125422,97.94943714942741,75.45457598504197,389.4355442450656,6.382130263149505,1265,-3.000070430352399,-3.818550700251156
5001,272.215,11.30228609930608,2541.2617055059586,169.73878652539574,1951.3378518117781,2543.995628823028,97.94938992044024,75.45267701506641,389.36888541169145,6.3823395851084115,1265,-3.0000704441160786,-3.8181183909579315
5002,272.22499999999997,11.302603624950468,2541.2615219028767,169.73599288028274,1951.3421806000592,2543.995509032837,97.94934269136071,75.45077827822539,389.3022282561922,6.38254890179801,1265,-3.0000704578797817,-3.817686104310447
5003,272.235,11.302921157455156,2541.26133829921,169.73320016535058,1951.3465092858673,2543.995389241971,97.94929546218889,75.44887977444964,389.2355727783618,6.382758213218948,1265,-3.0000704716435087,-3.8172538403012313
5004,272.245,11.303238696815432,2541.261154694958,169.7304083802464,1951.3508378692159,2543.9952694504295,97.94924823292473,75.44698150366993,389.16891897799405,6.382967519371873,1265,-3.00007048540726,-3.8168215989228176
5005,272.255,11.30355624302649,2541.2609710901174,169.72761752472871,1951.3551663501169,2543.9951496582116,97.94920100356825,75.44508346581704,389.10226685488306,6.383176820257432,1265,-3.000070499171036,-3.8163893801677395
5006,272.265,11.303873796083579,2541.2607874846885,169.72482759844937,1951.3594947285844,2543.9950298653184,97.94915377411945,75.44318566082175,389.0356164088227,6.383386115876271,1265,-3.000070512934836,-3.8159571840285214
5007,272.275,11.304191355981935,2541.260603878668,169.72203860121624,1951.3638230046304,2543.994910071749,97.94910654457831,75.44128808861491,388.96896763960723,6.383595406229037,1265,-3.000070526698661,-3.8155250104977076
5008,272.28499999999997,11.304508922716828,2541.260420272056,169.7192505327006,1951.3681511782686,2543.994790277504,97.94905931494488,75.43939074912734,388.90232054703074,6.383804691316375,1265,-3.000070540462511,-3.8150928595678275
5009,272.29499999999996,11.304826496283496,2541.2602366648516,169.7164633926207,1951.3724792495116,2543.9946704825848,97.94901208521911,75.43749364228991,388.8356751308875,6.384013971138932,1265,-3.0000705542263857,-3.8146607312313945
5010,272.305,11.305144076677196,2541.260053057051,169.71367718071738,1951.376807218372,2543.9945506869894,97.94896485540104,75.43559676803349,388.76903139097186,6.384223245697354,1265,-3.0000705679902855,-3.8142286254809696
5011,272.315,11.305461663893178,2541.2598694486546,169.71089189667094,1951.381135084862,2543.994430890719,97.94891762549067,75.43370012628898,388.702389327078,6.3844325149922865,1265,-3.0000705817542106,-3.813796542309075
5012,272.325,11.305779257926746,2541.2596858396605,169.70810754025752,1951.385462848996,2543.994311093773,97.94887039548796,75.43180371698732,388.63574893900045,6.384641779024375,1265,-3.000070595518161,-3.8133644817082497
5013,272.335,11.306096858773133,2541.259502230066,169.70532411116204,1951.3897905107851,2543.9941912961517,97.94882316539297,75.42990754005945,388.56911022653367,6.384851037794264,1265,-3.000070609282137,-3.8129324436710355
5014,272.34499999999997,11.30641446642765,2541.2593186198696,169.70254160913794,1951.3941180702443,2543.9940714978543,97.94877593520566,75.42801159543633,388.5024731894722,6.3850602913026,1265,-3.00007062304614,-3.8125004281899537
5015,272.35499999999996,11.306732080885558,2541.2591350090725,169.69976003384275,1951.398445527385,2543.993951698883,97.94872870492605,75.42611588304895,388.43583782761056,6.385269539550026,1265,-3.0000706368101677,-3.8120684352575473
5016,272.365,11.307049702142145,2541.2589513976704,169.69697938509876,1951.402772882221,2543.9938318992363,97.94868147455415,75.42422040282831,388.3692041407435,6.385478782537189,1265,-3.000070650574222,-3.8116364648663597
5017,272.375,11.307367330192701,2541.2587677856636,169.6941996624672,1951.4071001347638,2543.993712098915,97.94863424408994,75.42232515470543,388.3025721286657,6.385688020264731,1265,-3.0000706643383026,-3.811204517008928
5018,272.385,11.30768496503254,2541.2585841730493,169.69142086588224,1951.4114272850277,2543.993592297918,97.94858701353346,75.42043013861135,388.23594179117185,6.385897252733299,1265,-3.00007067810241,-3.810772591677789
5019,272.395,11.308002606656956,2541.2584005598255,169.68864299485523,1951.415754333024,2543.9934724962454,97.94853978288465,75.41853535447717,388.16931312805696,6.3861064799435345,1265,-3.000070691866544,-3.810340688865479
5020,272.405,11.308320255061247,2541.258216945993,169.68586604923365,1951.4200812787672,2543.993352693899,97.94849255214356,75.41664080223394,388.1026861391158,6.386315701896083,1265,-3.0000707056307045,-3.809908808564531
5021,272.41499999999996,11.308637910240707,2541.258033331548,169.68309002873482,1951.4244081222685,2543.993232890878,97.94844532131019,75.4147464818128,388.0360608241434,6.386524918591587,1265,-3.000070719394892,-3.809476950767497
5022,272.42499999999995,11.308955572190674,2541.257849716491,169.68031493297798,1951.4287348635416,2543.993113087182,97.94839809038453,75.41285239314486,387.96943718293477,6.386734130030692,1265,-3.0000707331591068,-3.809045115466919
5023,272.435,11.30927324090648,2541.2576661008184,169.6775407618488,1951.4330615025997,2543.9929932828104,97.94835085936658,75.41095853616126,387.90281521528493,6.386943336214039,1265,-3.0000707469233485,-3.8086133026553415
5024,272.445,11.30959091638344,2541.2574824845315,169.6747675149109,1951.4373880394553,2543.9928734777654,97.94830362825635,75.40906491079319,387.8361949209891,6.387152537142274,1265,-3.0000707606876182,-3.8081815123252802
5025,272.455,11.309908598616857,2541.257298867627,169.67199519200128,1951.4417144741203,2543.9927536720465,97.94825639705384,75.40717151697183,387.76957629984247,6.3873617328160375,1265,-3.0000707744519146,-3.807749744469299
5026,272.465,11.310226287602077,2541.2571152501023,169.669223792793,1951.4460408066093,2543.9926338656514,97.94820916575905,75.40527835462841,387.70295935164023,6.387570923235974,1265,-3.0000707882162394,-3.8073179990799524
5027,272.47499999999997,11.310543983334476,2541.2569316319573,169.666453316996,1951.4503670369334,2543.9925140585824,97.948161934372,75.40338542369413,387.6363440761778,6.387780108402725,1265,-3.000070801980592,-3.8068862761497577
5028,272.485,11.31086168580936,2541.2567480131906,169.6636837643621,1951.454693165107,2543.992394250839,97.94811470289264,75.40149272410025,387.56973047325056,6.387989288316933,1265,-3.000070815744973,-3.8064545756712773
5029,272.495,11.311179395022085,2541.256564393801,169.66091513460435,1951.4590191911416,2543.9922744424216,97.94806747132102,75.39960025577804,387.50311854265385,6.38819846297924,1265,-3.000070829509382,-3.806022897637045
5030,272.505,11.311497110968004,2541.256380773785,169.65814742741279,1951.46334511505,2543.992154633329,97.94802023965715,75.39770801865882,387.43650828418333,6.3884076323902885,1265,-3.0000708432738192,-3.80559124203962
5031,272.515,11.311814833642478,2541.2561971531436,169.65538064252962,1951.467670936846,2543.9920348235623,97.947973007901,75.39581601267386,387.3698996976344,6.38861679655072,1265,-3.000070857038285,-3.8051596088715267
5032,272.525,11.312132563040867,2541.256013531875,169.6526147797349,1951.4719966565417,2543.991915013123,97.94792577605259,75.39392423775452,387.3032927828029,6.3888259554611775,1265,-3.0000708708027792,-3.8047279981253297
5033,272.53499999999997,11.312450299158556,2541.255829909975,169.6498498386492,1951.4763222741503,2543.9917952020073,97.94787854411192,75.39203269383215,387.2366875394843,6.3890351091223,1265,-3.0000708845673034,-3.8042964097935688
5034,272.54499999999996,11.31276804199089,2541.2556462874463,169.64708581907445,1951.4806477896832,2543.99167539022,97.94783131207897,75.39014138083813,387.1700839674745,6.389244257534731,1265,-3.000070898331856,-3.803864843868787
5035,272.555,11.313085791533261,2541.255462664284,169.64432272071875,1951.484973203156,2543.991555577757,97.94778407995378,75.38825029870384,387.10348206656926,6.38945340069911,1265,-3.000070912096438,-3.803433300343545
5036,272.565,11.313403547781054,2541.2552790404875,169.64156054330616,1951.489298514578,2543.99143576462,97.94773684773634,75.38635944736072,387.0368818365644,6.389662538616079,1265,-3.000070925861049,-3.8030017792103767
5037,272.575,11.313721310729619,2541.2550954160565,169.63879928649874,1951.4936237239654,2543.99131595081,97.94768961542663,75.38446882674018,386.97028327725604,6.3898716712862775,1265,-3.0000709396256897,-3.8025702804618446
5038,272.585,11.314039080374423,2541.254911790987,169.6360389500877,1951.4979488313281,2543.9911961363246,97.94764238302467,75.38257843677367,386.90368638843995,6.390080798710348,1265,-3.0000709533903605,-3.8021388040904984
5039,272.59499999999997,11.314356856710775,2541.2547281652805,169.6332795338105,1951.5022738366802,2543.9910763211665,97.94759515053046,75.38068827739268,386.83709116991224,6.390289920888928,1265,-3.0000709671550614,-3.80170735008887
5040,272.60499999999996,11.314674639734132,2541.2545445389337,169.6305210373204,1951.5065987400346,2543.9909565053345,97.94754791794402,75.37879834852873,386.77049762146913,6.390499037822659,1265,-3.0000709809197916,-3.801275918449532
5041,272.615,11.314992429439886,2541.2543609119466,169.6277634604535,1951.5109235414043,2543.9908366888294,97.94750068526533,75.3769086501133,386.70390574290667,6.390708149512181,1265,-3.0000709946845525,-3.800844509165017
5042,272.625,11.31531022582344,2541.254177284315,169.6250068027955,1951.5152482408014,2543.9907168716495,97.94745345249437,75.37501918207795,386.63731553402124,6.390917255958134,1265,-3.0000710084493436,-3.8004131222278987
5043,272.635,11.315628028880209,2541.25399365604,169.62225106414087,1951.5195728382382,2543.9905970537966,97.94740621963118,75.37312994435422,386.57072699460895,6.391126357161157,1265,-3.0000710222141653,-3.7999817576307118
5044,272.645,11.315945838605607,2541.2538100271186,169.61949624420302,1951.5238973337287,2543.9904772352697,97.94735898667575,75.37124093687369,386.5041401244663,6.39133545312189,1265,-3.0000710359790173,-3.7995504153660167
5045,272.655,11.316263654995103,2541.2536263975517,169.61674234275668,1951.528221727285,2543.9903574160708,97.9473117536281,75.36935215956797,386.43755492338965,6.391544543840972,1265,-3.0000710497439007,-3.799119095426352
5046,272.66499999999996,11.316581478044041,2541.2534427673336,169.61398935941526,1951.5325460189192,2543.990237596197,97.9472645204882,75.36746361236867,386.3709713911755,6.391753629319043,1265,-3.000071063508815,-3.7986877978042983
5047,272.67499999999995,11.31689930774794,2541.253259136466,169.6112372940052,1951.5368702086448,2543.99011777565,97.94721728725607,75.36557529520742,386.3043895276204,6.391962709556738,1265,-3.0000710772737604,-3.7982565224923857
5048,272.685,11.317217144102182,2541.2530755049474,169.6084861462251,1951.5411942964747,2543.9899979544307,97.94717005393171,75.3636872080159,386.2378093325209,6.3921717845547,1265,-3.000071091038737,-3.7978252694831847
5049,272.695,11.317534987102224,2541.252891872776,169.6057359158026,1951.5455182824207,2543.9898781325383,97.94712282051512,75.36179935072579,386.17123080567364,6.392380854313564,1265,-3.0000711048037454,-3.7973940387692418
5050,272.705,11.317852836743533,2541.252708239949,169.6029866024416,1951.5498421664965,2543.989758309972,97.94707558700631,75.35991172326877,386.10465394687543,6.392589918833971,1265,-3.000071118568786,-3.7969628303431313
5051,272.715,11.318170693021539,2541.2525246064656,169.6002382058546,1951.554165948715,2543.9896384867325,97.94702835340526,75.35802432557658,386.038078755923,6.3927989781165575,1265,-3.0000711323338574,-3.7965316441973878
5052,272.72499999999997,11.318488555931689,2541.2523409723253,169.597490725788,1951.5584896290884,2543.98951866282,97.94698111971202,75.35613715758093,385.97150523261314,6.393008032161961,1265,-3.0000711460989615,-3.7961004803245686
5053,272.735,11.318806425469473,2541.252157337525,169.5947441619784,1951.5628132076286,2543.9893988382346,97.94693388592654,75.35425021921361,385.9049333767429,6.39321708097082,1265,-3.0000711598640972,-3.795669338717243
5054,272.745,11.319124301630328,2541.251973702064,169.59199851413626,1951.5671366843487,2543.9892790129757,97.94688665204883,75.35236351040639,385.8383631881091,6.3934261245437725,1265,-3.000071173629266,-3.795238219367978
5055,272.755,11.319442184409791,2541.251790065942,169.58925378198958,1951.5714600592632,2543.9891591870455,97.94683941807892,75.35047703109107,385.77179466650875,6.393635162881454,1265,-3.0000711873944668,-3.7948071222693174
5056,272.765,11.31976007380322,2541.251606429156,169.58650996528357,1951.5757833323823,2543.9890393604414,97.9467921840168,75.34859078119948,385.705227811739,6.393844195984502,1265,-3.0000712011597,-3.7943760474138157
5057,272.775,11.32007796980624,2541.251422791704,169.58376706373645,1951.5801065037206,2543.988919533164,97.94674494986245,75.34670476066346,385.63866262359704,6.394053223853555,1265,-3.0000712149249664,-3.793944994794044
5058,272.78499999999997,11.320395872414185,2541.251239153586,169.58102507701597,1951.5844295732895,2543.9887997052147,97.9466977156159,75.34481896941487,385.57209910188,6.394262246489249,1265,-3.000071228690266,-3.793513964402569
5059,272.79499999999996,11.320713781622642,2541.2510555148,169.57828400493176,1951.5887525411024,2543.9886798765924,97.94665048127715,75.34293340738557,385.5055372463851,6.394471263892219,1265,-3.0000712424555984,-3.793082956231938
5060,272.805,11.321031697427092,2541.2508718753447,169.5755438471749,1951.593075407172,2543.9885600472976,97.9466032468462,75.34104807450748,385.4389770569098,6.394680276063103,1265,-3.000071256220965,-3.7926519702747186
5061,272.815,11.321349619823023,2541.250688235217,169.5728046034502,1951.5973981715106,2543.9884402173293,97.94655601232304,75.33916297071254,385.37241853325133,6.394889283002537,1265,-3.0000712699863636,-3.792221006523473
5062,272.825,11.321667548805909,2541.2505045944185,169.57006627349853,1951.6017208341304,2543.9883203866902,97.94650877770768,75.33727809593266,385.3058616752072,6.395098284711157,1265,-3.000071283751797,-3.791790064970764
5063,272.835,11.321985484371298,2541.250320952944,169.56732885709485,1951.6060433950456,2543.9882005553764,97.94646154300013,75.33539345009983,385.23930648257493,6.395307281189597,1265,-3.000071297517264,-3.791359145609151
5064,272.84499999999997,11.322303426514717,2541.250137310796,169.56459235385614,1951.6103658542672,2543.9880807233926,97.94641430820037,75.33350903314602,385.1727529551521,6.395516272438494,1265,-3.0000713112827646,-3.790928248431206
5065,272.85499999999996,11.322621375231629,2541.24995366797,169.56185676361764,1951.614688211809,2543.987960890735,97.94636707330841,75.33162484500322,385.1062010927362,6.395725258458484,1265,-3.0000713250482995,-3.790497373429493
5066,272.865,11.32293933051758,2541.249770024467,169.5591220860394,1951.6190104676828,2543.987841057406,97.94631983832429,75.32974088560347,385.03965089512513,6.395934239250201,1265,-3.0000713388138687,-3.7900665205965627
5067,272.875,11.323257292368112,2541.249586380283,169.5563883209454,1951.6233326219026,2543.9877212234046,97.94627260324796,75.32785715487881,384.9731023621165,6.3961432148142805,1265,-3.0000713525794724,-3.7896356899249914
5068,272.885,11.323575260778748,2541.249402735417,169.55365546792757,1951.6276546744798,2543.9876013887297,97.94622536807945,75.3259736527613,384.90655549350805,6.396352185151358,1265,-3.0000713663451104,-3.789204881407353
5069,272.895,11.323893235745011,2541.249219089869,169.5509235268149,1951.6319766254273,2543.987481553384,97.94617813281874,75.32409037918303,384.8400102890978,6.396561150262066,1265,-3.000071380110784,-3.788774095036201
5070,272.905,11.32421121726247,2541.249035443636,169.54819249723295,1951.6362984747582,2543.9873617173653,97.94613089746586,75.32220733407611,384.7734667486836,6.396770110147042,1265,-3.000071393876492,-3.7883433308041075
5071,272.91499999999996,11.324529205326634,2541.248851796719,169.54546237903452,1951.6406202224855,2543.9872418806763,97.94608366202081,75.32032451737264,384.7069248720634,6.396979064806916,1265,-3.000071407642235,-3.7879125887036333
5072,272.92499999999995,11.324847199933068,2541.2486681491114,169.5427331718496,1951.64494186862,2543.987122043313,97.94603642648357,75.31844192900479,384.64038465903525,6.397188014242327,1265,-3.0000714214080135,-3.78748186872736
5073,272.935,11.325165201077334,2541.2484845008175,169.54000487544866,1951.6492634131762,2543.9870022052796,97.94598919085415,75.3165595689047,384.5738461093973,6.397396958453905,1265,-3.0000714351738273,-3.7870511708678496
5074,272.945,11.325483208754983,2541.248300851832,169.53727748955777,1951.6535848561653,2543.986882366573,97.94594195513258,75.31467743700456,384.50730922294775,6.397605897442286,1265,-3.0000714489396767,-3.7866204951176714
5075,272.955,11.325801222961562,2541.2481172021553,169.5345510138897,1951.657906197601,2543.9867625271954,97.94589471931882,75.3127955332366,384.4407739994847,6.397814831208103,1265,-3.000071462705562,-3.786189841469396
5076,272.965,11.326119243692661,2541.2479335517864,169.53182544818702,1951.6622274374959,2543.9866426871463,97.94584748341289,75.31091385753301,384.37424043880657,6.398023759751988,1265,-3.0000714764714833,-3.785759209915597
5077,272.97499999999997,11.326437270943867,2541.247749900722,169.5291007921933,1951.6665485758629,2543.9865228464255,97.94580024741478,75.30903240982603,384.3077085407116,6.398232683074574,1265,-3.0000714902374406,-3.785328600448829
5078,272.985,11.326755304710744,2541.2475662489624,169.5263770455925,1951.670869612713,2543.986403005033,97.94575301132453,75.30715119004796,384.2411783049982,6.398441601176496,1265,-3.000071504003434,-3.78489801306168
5079,272.995,11.32707334498881,2541.2473825965044,169.52365420809886,1951.6751905480596,2543.9862831629694,97.9457057751421,75.30527019813107,384.1746497314649,6.398650514058387,1265,-3.000071517769464,-3.78446744774671
5080,273.005,11.327391391773785,2541.2471989433475,169.52093227955564,1951.6795113819169,2543.9861633202336,97.94565853886752,75.30338943400764,384.1081228199102,6.398859421720877,1265,-3.0000715315355304,-3.784036904496512
5081,273.015,11.32770944506113,2541.247015289488,169.51821125954444,1951.6838321142948,2543.9860434768248,97.94561130250077,75.30150889761003,384.0415975701326,6.399068324164599,1265,-3.000071545301634,-3.78360638330364
5082,273.025,11.328027504846524,2541.2468316349286,169.515491147903,1951.6881527452083,2543.985923632747,97.94556406604187,75.29962858887058,383.97507398193085,6.399277221390186,1265,-3.0000715590677745,-3.7831758841606744
5083,273.03499999999997,11.32834557112554,2541.246647979666,169.5127719443069,1951.6924732746688,2543.985803787997,97.94551682949081,75.29774850772162,383.9085520551036,6.399486113398271,1265,-3.0000715728339515,-3.782745407060191
5084,273.04499999999996,11.328663643893757,2541.2464643236976,169.51005364852278,1951.6967937026884,2543.985683942576,97.9454695928476,75.29586865409557,383.8420317894496,6.3996950001894835,1265,-3.0000715866001664,-3.782314951994761
5085,273.055,11.328981723146828,2541.2462806670233,169.50733626025922,1951.7011140292814,2543.985564096484,97.94542235611225,75.29398902792482,383.77551318476776,6.399903881764456,1265,-3.0000716003664185,-3.7818845189569594
5086,273.065,11.329299808880327,2541.2460970096404,169.50461977919915,1951.7054342544582,2543.9854442497203,97.94537511928473,75.29210962914179,383.7089962408569,6.400112758123821,1265,-3.0000716141327075,-3.7814541079393673
5087,273.075,11.329617901089915,2541.2459133515486,169.50190420513837,1951.7097543782327,2543.985324402285,97.94532788236509,75.29023045767894,383.64248095751594,6.400321629268208,1265,-3.000071627899035,-3.7810237189345557
5088,273.085,11.329935999771216,2541.2457296927455,169.49918953776884,1951.714074400618,2543.9852045541797,97.94528064535328,75.28835151346873,383.5759673345439,6.400530495198249,1265,-3.0000716416654005,-3.78059335193511
5089,273.09499999999997,11.330254104919794,2541.24554603323,169.49647577682506,1951.7183943216257,2543.9850847054026,97.94523340824935,75.28647279644363,383.5094553717399,6.400739355914575,1265,-3.0000716554318037,-3.780163006933594
5090,273.10499999999996,11.33057221653132,2541.245362373,169.4937629220651,1951.7227141412684,2543.984964855954,97.94518617105327,75.28459430653615,383.44294506890293,6.400948211417817,1265,-3.0000716691982454,-3.7797326839225955
5091,273.115,11.330890334601444,2541.2451787120563,169.4910509731681,1951.7270338595588,2543.9848450058357,97.94513893376505,75.28271604367883,383.37643642583225,6.401157061708604,1265,-3.0000716829647254,-3.779302382894688
5092,273.125,11.331208459125813,2541.2449950503956,169.4883399299328,1951.7313534765096,2543.984725155047,97.94509169638471,75.28083800780418,383.30992944232713,6.401365906787568,1265,-3.000071696731244,-3.778872103842444
5093,273.135,11.331526590100044,2541.244811388016,169.48562979205317,1951.7356729921337,2543.9846053035862,97.94504445891222,75.2789601988448,383.2434241181868,6.401574746655338,1265,-3.000071710497801,-3.778441846758455
5094,273.145,11.331844727519782,2541.2446277249164,169.48292055922502,1951.7399924064428,2543.9844854514545,97.9449972213476,75.27708261673325,383.1769204532107,6.401783581312545,1265,-3.000071724264397,-3.778011611635303
5095,273.155,11.332162871380723,2541.244444061097,169.48021223121773,1951.744311719451,2543.9843655986533,97.94494998369086,75.27520526140215,383.1104184471982,6.401992410759817,1265,-3.0000717380310324,-3.777581398465561
5096,273.16499999999996,11.33248102167849,2541.244260396554,169.4775048077537,1951.7486309311691,2543.9842457451805,97.944902745942,75.27332813278412,383.04391809994877,6.402201234997785,1265,-3.000071751797707,-3.777151207241814
5097,273.17499999999995,11.33279917840877,2541.244076731287,169.4747982885662,1951.7529500416103,2543.9841258910374,97.944855508101,75.27145123081179,382.97741941126196,6.402410054027077,1265,-3.0000717655644205,-3.776721037956634
5098,273.185,11.333117341567213,2541.2438930652943,169.4720926734149,1951.757269050787,2543.9840060362235,97.94480827016788,75.26957455541785,382.91092238093734,6.402618867848323,1265,-3.000071779331174,-3.776290890602618
5099,273.195,11.333435511149542,2541.243709398576,169.4693879619482,1951.7615879587122,2543.9838861807402,97.94476103214265,75.26769810653495,382.84442700877463,6.402827676462153,1265,-3.000071793097967,-3.775860765172341
5100,273.205,11.33375368715133,2541.243525731127,169.46668415393967,1951.7659067653974,2543.983766324585,97.9447137940253,75.26582188409581,382.77793329457353,6.403036479869194,1265,-3.0000718068648,-3.775430661658386
5101,273.215,11.334071869568367,2541.2433420629495,169.46398124918838,1951.7702254708568,2543.983646467761,97.94466655581583,75.26394588803316,382.71144123813383,6.403245278070076,1265,-3.000071820631673,-3.7750005800533417
5102,273.22499999999997,11.334390058396295,2541.24315839404,169.4612792473098,1951.7745440751016,2543.9835266102655,97.94461931751425,75.26207011827974,382.6449508392553,6.403454071065428,1265,-3.0000718343985864,-3.7745705203497812
5103,273.235,11.334708253630795,2541.242974724398,169.45857814809372,1951.7788625781448,2543.9834067521006,97.94457207912055,75.26019457476829,382.5784620977379,6.403662858855877,1265,-3.00007184816554,-3.774140482540295
5104,273.245,11.335026455267586,2541.2427910540223,169.45587795131033,1951.7831809799989,2543.9832868932654,97.94452484063476,75.25831925743162,382.5119750133816,6.40387164144205,1265,-3.000071861932534,-3.7737104666174766
5105,273.255,11.335344663302344,2541.242607382909,169.4531786565837,1951.7874992806755,2543.983167033759,97.94447760205684,75.25644416620254,382.44548958598625,6.404080418824576,1265,-3.000071875699569,-3.77328047257391
5106,273.265,11.335662877730803,2541.2424237110586,169.4504802637706,1951.7918174801891,2543.983047173583,97.94443036338681,75.25456930101385,382.3790058153521,6.404289191004083,1265,-3.0000718894666445,-3.772850500402179
5107,273.275,11.335981098548652,2541.242240038471,169.4477827725327,1951.7961355785508,2543.982927312738,97.94438312462471,75.25269466179839,382.31252370127925,6.4044979579811985,1265,-3.0000719032337613,-3.7724205500948558
5108,273.28499999999997,11.336299325751606,2541.2420563651426,169.44508618255867,1951.8004535757727,2543.982807451222,97.94433588577049,75.25082024848903,382.2460432435679,6.40470671975655,1265,-3.0000719170009194,-3.771990621644553
5109,273.29499999999996,11.336617559335401,2541.2418726910723,169.4423904936751,1951.804771471869,2543.9826875890367,97.94428864682416,75.24894606101866,382.17956444201826,6.404915476330763,1265,-3.000071930768118,-3.771560715043839
5110,273.305,11.33693579929575,2541.2416890162585,169.43969570558272,1951.8090892668506,2543.9825677261806,97.94424140778574,75.24707209932015,382.11308729643065,6.405124227704467,1265,-3.000071944535359,-3.771130830285313
5111,273.315,11.337254045628367,2541.2415053407003,169.43700181797095,1951.8134069607306,2543.9824478626556,97.94419416865523,75.24519836332647,382.0466118066054,6.405332973878286,1265,-3.0000719583026414,-3.770700967361564
5112,273.325,11.337572298328993,2541.2413216643954,169.43430883061134,1951.8177245535217,2543.9823279984594,97.94414692943263,75.24332485297052,381.9801379723431,6.405541714852848,1265,-3.0000719720699665,-3.770271126265187
5113,273.335,11.33789055739337,2541.241137987345,169.43161674323724,1951.8220420452353,2543.9822081335956,97.94409969011794,75.24145156818528,381.913665793444,6.405750450628781,1265,-3.000071985837333,-3.769841306988746
5114,273.34499999999997,11.338208822817242,2541.240954309544,169.4289255555561,1951.826359435886,2543.982088268061,97.94405245071115,75.23957850890373,381.84719526970883,6.405959181206708,1265,-3.0000719996047414,-3.7694115095248635
5115,273.35499999999996,11.338527094596333,2541.240770630993,169.4262352673104,1951.8306767254844,2543.9819684018576,97.9440052112123,75.23770567505886,381.78072640093814,6.406167906587257,1265,-3.000072013372192,-3.7689817338661147
5116,273.365,11.338845372726434,2541.24058695169,169.4235458782469,1951.8349939140435,2543.9818485349833,97.94395797162134,75.2358330665837,381.71425918693257,6.406376626771053,1265,-3.000072027139685,-3.768551980005096
5117,273.375,11.339163657203274,2541.2404032716336,169.42085738810138,1951.8393110015754,2543.98172866744,97.94391073193832,75.23396068341128,381.6477936274929,6.406585341758722,1265,-3.000072040907221,-3.7681222479343903
5118,273.385,11.339481948022602,2541.2402195908235,169.4181697965865,1951.843627988093,2543.9816087992285,97.9438634921632,75.23208852547467,381.5813297224199,6.406794051550889,1265,-3.0000720546747996,-3.767692537646603
5119,273.395,11.339800245180216,2541.240035909256,169.415483103417,1951.847944873609,2543.981488930347,97.94381625229602,75.23021659270695,381.51486747151444,6.407002756148181,1265,-3.000072068442422,-3.767262849134324
5120,273.405,11.34011854867183,2541.2398522269305,169.41279730838454,1951.852261658136,2543.9813690607953,97.94376901233677,75.22834488504121,381.44840687457736,6.407211455551221,1265,-3.000072082210087,-3.7668331823901458
5121,273.41499999999996,11.340436858493254,2541.2396685438466,169.41011241115072,1951.856578341686,2543.981249190575,97.94372177228544,75.22647340241058,381.3819479314096,6.407420149760634,1265,-3.0000720959777953,-3.7664035374066587
5122,273.42499999999995,11.340755174640258,2541.239484860002,169.407428411515,1951.8608949242703,2543.9811293196863,97.94367453214204,75.22460214474816,381.3154906418123,6.407628838777046,1265,-3.000072109745547,-3.7659739141764614
5123,273.435,11.341073497108647,2541.2393011753943,169.40474530916646,1951.8652114059041,2543.9810094481268,97.94362729190657,75.22273111198717,381.2490350055864,6.40783752260108,1265,-3.000072123513342,-3.7655443126921573
5124,273.445,11.341391825894156,2541.239117490024,169.4020631038811,1951.8695277865982,2543.9808895758993,97.94358005157903,75.22086030406074,381.18258102253316,6.408046201233363,1265,-3.0000721372811823,-3.765114732946329
5125,273.455,11.341710160992626,2541.238933803888,169.39938179538805,1951.8738440663647,2543.980769703002,97.94353281115944,75.21898972090207,381.11612869245374,6.408254874674516,1265,-3.000072151049065,-3.764685174931587
5126,273.465,11.342028502399833,2541.238750116986,169.39670138332946,1951.8781602452161,2543.9806498294365,97.94348557064778,75.21711936244441,381.04967801514937,6.4084635429251655,1265,-3.000072164816993,-3.7642556386405164
5127,273.47499999999997,11.342346850111584,2541.2385664293165,169.39402186756521,1951.8824763231657,2543.980529955202,97.94343833004405,75.21524922862096,380.9832289904215,6.408672205985933,1265,-3.0000721785849644,-3.7638261240657154
5128,273.485,11.342665204123632,2541.2383827408757,169.39134324774707,1951.8867923002247,2543.9804100802976,97.94339108934828,75.213379319365,380.9167816180713,6.408880863857443,1265,-3.0000721923529814,-3.763396631199793
5129,273.495,11.342983564431867,2541.2381990516647,169.38866552363567,1951.8911081764063,2543.980290204724,97.94334384856045,75.21150963460981,380.85033589790027,6.40908951654032,1265,-3.0000722061210423,-3.762967160035347
5130,273.505,11.343301931032052,2541.2380153616828,169.38598869500018,1951.8954239517245,2543.9801703284834,97.94329660768055,75.20964017428867,380.78389182971,6.409298164035186,1265,-3.000072219889148,-3.7625377105649576
5131,273.515,11.343620303920012,2541.237831670927,169.3833127614639,1951.8997396261884,2543.9800504515742,97.94324936670861,75.20777093833489,380.71744941330195,6.409506806342664,1265,-3.000072233657299,-3.7621082827812407
5132,273.525,11.343938683091583,2541.2376479793966,169.38063772289618,1951.9040551998125,2543.9799305739966,97.94320212564462,75.2059019266818,380.6510086484778,6.409715443463378,1265,-3.0000722474254946,-3.7616788766767932
5133,273.53499999999997,11.344257068542557,2541.237464287087,169.37796357893706,1951.9083706726092,2543.9798106957483,97.94315488448859,75.20403313926278,380.5845695350391,6.40992407539795,1265,-3.0000722611937363,-3.761249492244214
5134,273.54499999999996,11.344575460268802,2541.2372805940013,169.37529032935552,1951.9126860445906,2543.9796908168337,97.94310764324051,75.20216457601119,380.51813207278775,6.410132702147002,1265,-3.000072274962023,-3.7608201294761
5135,273.555,11.34489385826614,2541.237096900135,169.37261797389837,1951.917001315769,2543.9795709372484,97.9430604019004,75.2002962368604,380.4516962615254,6.410341323711156,1265,-3.0000722887303555,-3.760390788365077
5136,273.565,11.34521226253041,2541.2369132054887,169.3699465123256,1951.9213164861565,2543.979451056996,97.94301316046824,75.19842812174387,380.38526210105397,6.410549940091035,1265,-3.000072302498734,-3.759961468903716
5137,273.575,11.345530673057462,2541.2367295100585,169.3672759442637,1951.9256315557657,2543.979331176075,97.94296591894404,75.19656023059501,380.31882959117536,6.410758551287261,1265,-3.000072316267158,-3.7595321710846346
5138,273.585,11.345849089843128,2541.236545813845,169.36460626956764,1951.929946524609,2543.9792112944856,97.94291867732781,75.19469256334726,380.25239873169147,6.410967157300454,1265,-3.000072330035629,-3.759102894900441
5139,273.59499999999997,11.346167512883275,2541.236362116846,169.36193748793653,1951.9342613926995,2543.9790914122277,97.94287143561954,75.19282511993411,380.18596952240443,6.411175758131238,1265,-3.0000723438041454,-3.7586736403437384
5140,273.60499999999996,11.346485942173773,2541.2361784190607,169.3592695990447,1951.9385761600488,2543.9789715293023,97.94282419381923,75.19095790028905,380.11954196311626,6.4113843537802335,1265,-3.0000723575727086,-3.7582444074071257
5141,273.615,11.346804377710448,2541.235994720487,169.35660260270123,1951.942890826669,2543.9788516457083,97.94277695192692,75.18909090434558,380.05311605362914,6.411592944248061,1265,-3.0000723713413184,-3.7578151960832007
5142,273.625,11.347122819489204,2541.2358110211226,169.35393649864196,1951.9472053925733,2543.9787317614455,97.94272970994255,75.18722413203723,379.9866917937452,6.411801529535342,1265,-3.000072385109975,-3.757386006364574
5143,273.635,11.347441267505882,2541.235627320968,169.35127128656336,1951.9515198577735,2543.9786118765155,97.94268246786618,75.18535758329756,379.9202691832668,6.412010109642699,1265,-3.0000723988786784,-3.756956838243866
5144,273.645,11.347759721756383,2541.2354436200208,169.34860696618944,1951.955834222282,2543.9784919909175,97.94263522569776,75.18349125806013,379.85384822199615,6.41221868457075,1265,-3.0000724126474294,-3.756527691713665
5145,273.655,11.348078182236573,2541.2352599182805,169.34594353729833,1951.960148486112,2543.9783721046524,97.94258798343733,75.18162515625853,379.78742890973575,6.412427254320116,1265,-3.0000724264162275,-3.7560985667665903
5146,273.66499999999996,11.348396648942316,2541.235076215741,169.34328099961704,1951.9644626492745,2543.978252217717,97.9425407410849,75.17975927782638,379.7210112462879,6.412635818891418,1265,-3.000072440185073,-3.755669463395247
5147,273.67499999999995,11.34871512186953,2541.234892512408,169.34061935286277,1951.9687767117834,2543.9781323301154,97.94249349864043,75.1778936226973,379.6545952314552,6.412844378285276,1265,-3.000072453953966,-3.7552403815922264
5148,273.685,11.349033601014122,2541.2347088082747,169.33795859676775,1951.9730906736495,2543.9780124418453,97.94244625610395,75.17602819080493,379.5881808650401,6.413052932502309,1265,-3.000072467722907,-3.7548113213501635
5149,273.695,11.34935208637195,2541.234525103343,169.33529873110618,1951.9774045348859,2543.9778925529085,97.94239901347547,75.17416298208293,379.5217681468453,6.413261481543138,1265,-3.000072481491896,-3.754382282661654
5150,273.705,11.349670577938944,2541.234341397609,169.3326397555716,1951.9817182955046,2543.9777726633033,97.94235177075497,75.172297996465,379.4553570766735,6.413470025408381,1265,-3.000072495260933,-3.753953265519304
5151,273.715,11.349989075710988,2541.2341576910717,169.3299816699198,1951.9860319555191,2543.97765277303,97.94230452794245,75.17043323388485,379.38894765432735,6.41367856409866,1265,-3.0000725090300184,-3.753524269915738
5152,273.72499999999997,11.350307579684005,2541.2339739837303,169.3273244739222,1951.9903455149404,2543.9775328820892,97.94225728503794,75.1685686942762,379.3225398796097,6.413887097614591,1265,-3.000072522799152,-3.7530952958435515
5153,273.735,11.350626089853911,2541.233790275584,169.3246681672397,1951.9946589737815,2543.9774129904818,97.94221004204142,75.1667043775728,379.2561337523233,6.414095625956795,1265,-3.0000725365683345,-3.7526663432953584
5154,273.745,11.350944606216629,2541.2336065666314,169.32201274968833,1951.9989723320543,2543.9772930982076,97.94216279895291,75.1648402837084,379.1897292722711,6.414304149125891,1265,-3.0000725503375656,-3.752237412263777
5155,273.755,11.351263128768077,2541.2334228568693,169.31935822093092,1952.0032855897716,2543.977173205265,97.94211555577239,75.16297641261679,379.1233264392562,6.414512667122495,1265,-3.000072564106845,-3.751808502741416
5156,273.765,11.35158165750417,2541.2332391462974,169.31670458077602,1952.007598746945,2543.9770533116553,97.94206831249988,75.16111276423177,379.05692525308143,6.414721179947229,1265,-3.0000725778761748,-3.7513796147208973
5157,273.775,11.35190019242088,2541.2330554349123,169.31405182887912,1952.011911803588,2543.9769334173766,97.94202106913538,75.15924933848717,378.99052571354997,6.414929687600708,1265,-3.0000725916455533,-3.7509507481948186
5158,273.78499999999997,11.352218733514096,2541.232871722716,169.31139996505757,1952.0162247597111,2543.9768135224326,97.94197382567886,75.15738613531681,378.92412782046495,6.415138190083551,1265,-3.0000726054149816,-3.7505219031558026
5159,273.79499999999996,11.352537280779794,2541.232688009705,169.30874898899506,1952.020537615329,2543.9766936268206,97.94192658213036,75.15552315465459,378.8577315736295,6.415346687396378,1265,-3.0000726191844587,-3.7500930795964553
5160,273.805,11.352855834213903,2541.232504295878,169.3060989004781,1952.0248503704515,2543.9765737305415,97.94187933848988,75.15366039643435,378.7913369728469,6.415555179539805,1265,-3.0000726329539864,-3.749664277509411
5161,273.815,11.35317439381238,2541.2323205812336,169.30344969918065,1952.029163025093,2543.9764538335953,97.94183209475742,75.15179786059002,378.7249440179205,6.415763666514449,1265,-3.0000726467235634,-3.7492354968872696
5162,273.825,11.35349295957117,2541.2321368657704,169.30080138490888,1952.0334755792658,2543.9763339359824,97.94178485093296,75.14993554705549,378.65855270865376,6.415972148320928,1265,-3.000072660493191,-3.7488067377226466
5163,273.835,11.353811531486253,2541.2319531494877,169.2981539573306,1952.03778803298,2543.9762140377024,97.94173760701653,75.14807345576472,378.59216304484994,6.416180624959859,1265,-3.000072674262868,-3.7483780000081652
5164,273.84499999999997,11.354130109553587,2541.2317694323824,169.29550741625218,1952.04210038625,2543.9760941387544,97.94169036300812,75.14621158665166,378.52577502631266,6.4163890964318595,1265,-3.0000726880325965,-3.747949283736442
5165,273.85499999999996,11.354448693769104,2541.231585714455,169.29286176137634,1952.046412639086,2543.975974239141,97.94164311890772,75.1443499396503,378.45938865284535,6.416597562737546,1265,-3.000072701802375,-3.7475205889000893
5166,273.865,11.354767284128823,2541.2314019957034,169.2902169924259,1952.0507247915027,2543.9758543388607,97.94159587471535,75.14248851469462,378.39300392425173,6.416806023877533,1265,-3.0000727155722053,-3.747091915491722
5167,273.875,11.355085880628698,2541.2312182761257,169.2875731091936,1952.055036843512,2543.975734437914,97.941548630431,75.14062731171865,378.3266208403354,6.4170144798524404,1265,-3.0000727293420857,-3.7466632635039665
5168,273.885,11.355404483264724,2541.231034555721,169.28493011134938,1952.0593487951237,2543.9756145363003,97.94150138605468,75.13876633065641,378.2602394009001,6.4172229306628825,1265,-3.0000727431120175,-3.746234632929451
5169,273.895,11.35572309203287,2541.230850834487,169.28228799867904,1952.0636606463536,2543.975494634019,97.94145414158639,75.13690557144194,378.1938596057496,6.417431376309475,1265,-3.0000727568820005,-3.745806023760772
5170,273.905,11.356041706929123,2541.230667112422,169.2796467708763,1952.0679723972112,2543.9753747310715,97.94140689702614,75.13504503400935,378.12748145468777,6.4176398167928355,1265,-3.000072770652035,-3.745377435990571
5171,273.91499999999996,11.356360327949487,2541.230483389527,169.27700642774346,1952.0722840477101,2543.9752548274587,97.94135965237392,75.13318471829271,378.0611049475185,6.417848252113578,1265,-3.0000727844221204,-3.7449488696114495
5172,273.92499999999995,11.356678955089972,2541.2302996657963,169.27436696898476,1952.0765955978623,2543.9751349231765,97.94131240762974,75.13132462422614,377.9947300840457,6.418056682272319,1265,-3.000072798192259,-3.7445203246160426
5173,273.935,11.356997588346559,2541.230115941233,169.2717283943056,1952.0809070476794,2543.9750150182304,97.9412651627936,75.12946475174377,377.92835686407346,6.418265107269673,1265,-3.0000728119624482,-3.744091800996978
5174,273.945,11.357316227715264,2541.229932215833,169.26909070353497,1952.0852183971745,2543.9748951126167,97.94121791786552,75.12760510077975,377.86198528740584,6.418473527106255,1265,-3.00007282573269,-3.7436632987468594
5175,273.955,11.357634873192117,2541.2297484895967,169.26645389630542,1952.0895296463598,2543.974775206338,97.94117067284544,75.12574567126825,377.7956153538469,6.4186819417826815,1265,-3.0000728395029843,-3.743234817858315
5176,273.965,11.357953524773077,2541.22956476252,169.2638179724234,1952.0938407952478,2543.974655299392,97.94112342773343,75.12388646314345,377.7292470632009,6.418890351299566,1265,-3.00007285327333,-3.74280635832397
5177,273.97499999999997,11.358272182454227,2541.229381034603,169.26118293160172,1952.0981518438498,2543.974535391779,97.94107618252947,75.12202747633957,377.66288041527207,6.419098755657522,1265,-3.0000728670437296,-3.7423779201364566
5178,273.985,11.358590846231563,2541.229197305846,169.25854877360553,1952.1024627921788,2543.9744154835016,97.94102893723357,75.12016871079085,377.5965154098647,6.419307154857167,1265,-3.000072880814182,-3.741949503288387
5179,273.995,11.358909516101141,2541.2290135762446,169.25591549816946,1952.106773640247,2543.974295574558,97.94098169184569,75.1183101664315,377.5301520467832,6.4195155488991125,1265,-3.0000728945846866,-3.7415211077723907
5180,274.005,11.359228192058938,2541.228829845798,169.25328310500885,1952.1110843880658,2543.974175664947,97.94093444636589,75.11645184319583,377.4637903258319,6.419723937783974,1265,-3.000072908355245,-3.7410927335810955
5181,274.015,11.359546874101047,2541.2286461145054,169.2506515939103,1952.1153950356486,2543.97405575467,97.94088720079414,75.1145937410181,377.39743024681536,6.419932321512364,1265,-3.000072922125856,-3.74066438070712
5182,274.025,11.359865562223469,2541.228462382367,169.24802096453564,1952.1197055830064,2543.9739358437287,97.94083995513043,75.11273585983261,377.3310718095381,6.420140700084897,1265,-3.0000729358965206,-3.7402360491430935
5183,274.03499999999997,11.360184256422276,2541.228278649379,169.24539121668133,1952.124016030153,2543.973815932121,97.9407927093748,75.11087819957369,377.26471501380473,6.420349073502186,1265,-3.000072949667239,-3.739807738881657
5184,274.04499999999996,11.360502956693518,2541.2280949155406,169.2427623500992,1952.1283263770993,2543.973696019847,97.94074546352724,75.1090207601757,377.1983598594199,6.420557441764846,1265,-3.0000729634380106,-3.739379449915412
5185,274.055,11.360821663033233,2541.227911180849,169.2401343644907,1952.132636623858,2543.973576106906,97.94069821758772,75.10716354157299,377.1320063461883,6.420765804873487,1265,-3.0000729772088373,-3.7389511822370087
5186,274.065,11.361140375437493,2541.227727445305,169.23750725962344,1952.1369467704408,2543.973456193301,97.94065097155628,75.10530654369992,377.06565447391466,6.420974162828726,1265,-3.0000729909797172,-3.738522935839068
5187,274.075,11.361459093902367,2541.227543708906,169.2348810352133,1952.141256816862,2543.9733362790294,97.94060372543292,75.10344976649091,376.99930424240387,6.421182515631172,1265,-3.0000730047506514,-3.738094710714223
5188,274.085,11.36177781842392,2541.2273599716514,169.23225569101822,1952.14556676313,2543.973216364093,97.94055647921762,75.10159320988039,376.9329556514609,6.421390863281439,1265,-3.00007301852164,-3.7376665068550836
5189,274.09499999999997,11.362096548998192,2541.2271762335386,169.22963122679315,1952.1498766092604,2543.97309644849,97.94050923291039,75.09973687380278,376.86660870089054,6.42159920578014,1265,-3.000073032292683,-3.737238324254303
5190,274.10499999999996,11.362415285621308,2541.2269924945676,169.22700764225578,1952.1541863552643,2543.9729765322227,97.94046198651124,75.09788075819256,376.8002633904978,6.421807543127887,1265,-3.000073046063782,-3.7368101629044954
5191,274.115,11.362734028289328,2541.226808754736,169.2243849371492,1952.1584960011537,2543.972856615289,97.94041474002017,75.09602486298418,376.73391972008784,6.4220158753252905,1265,-3.0000730598349343,-3.7363820227983098
5192,274.125,11.363052776998314,2541.226625014043,169.22176311117465,1952.1628055469407,2543.9727366976904,97.94036749343718,75.09416918811215,376.66757768946576,6.422224202372965,1265,-3.000073073606143,-3.735953903928357
5193,274.135,11.363371531744397,2541.226441272486,169.21914216420328,1952.1671149926376,2543.9726167794265,97.94032024676227,75.09231373351096,376.6012372984367,6.42243252427152,1265,-3.000073087377406,-3.7355258062872814
5194,274.145,11.363690292523657,2541.2262575300642,169.21652209582567,1952.1714243382562,2543.972496860497,97.94027299999544,75.09045849911519,376.53489854680583,6.422640841021567,1265,-3.000073101148725,-3.735097729867708
5195,274.155,11.364009059332172,2541.2260737867764,169.21390290584065,1952.1757335838101,2543.972376940902,97.94022575313672,75.08860348485938,376.4685614343786,6.422849152623719,1265,-3.0000731149200996,-3.734669674662281
5196,274.16499999999996,11.364327832166065,2541.2258900426214,169.21128459404034,1952.1800427293088,2543.9722570206427,97.94017850618606,75.08674869067806,376.4022259609602,6.423057459078586,1265,-3.00007312869153,-3.734241640663628
5197,274.17499999999995,11.364646611021438,2541.225706297597,169.20866716006375,1952.1843517747677,2543.972137099717,97.9401312591435,75.08489411650588,376.3358921263562,6.423265760386778,1265,-3.000073142463016,-3.733813627864379
5198,274.185,11.364965395894393,2541.2255225517015,169.20605060377986,1952.1886607201961,2543.9720171781264,97.94008401200904,75.08303976227742,376.26955993037194,6.423474056548908,1265,-3.000073156234558,-3.733385636257177
5199,274.195,11.365284186781048,2541.2253388049357,169.20343492484622,1952.1929695656092,2543.9718972558726,97.94003676478266,75.08118562792733,376.203229372813,6.423682347565585,1265,-3.0000731700061567,-3.7329576658346477
5200,274.205,11.365602983677544,2541.225155057295,169.20082012300165,1952.1972783110157,2543.971777332952,97.93998951746438,75.07933171339023,376.13690045348494,6.42389063343742,1265,-3.0000731837778116,-3.7325297165894344
5201,274.215,11.365921786579985,2541.2249713087804,169.19820619798426,1952.2015869564314,2543.9716574093673,97.93994227005419,75.0774780186008,376.0705731721934,6.424098914165022,1265,-3.0000731975495234,-3.7321017885141723
5202,274.22499999999997,11.366240595484502,2541.22478755939,169.1955931495938,1952.2058955018654,2543.9715374851176,97.93989502255212,75.07562454349372,376.0042475287441,6.424307189749002,1265,-3.0000732113212916,-3.7316738816014903
5203,274.235,11.366559410387202,2541.224603809121,169.19298097754674,1952.2102039473305,2543.9714175602026,97.93984777495814,75.07377128800371,375.93792352294275,6.424515460189971,1265,-3.000073225093117,-3.7312459958440334
5204,274.245,11.36687823128426,2541.2244200579735,169.19036968155544,1952.2145122928398,2543.9712976346236,97.93980052727228,75.0719182520655,375.87160115459517,6.424723725488536,1265,-3.0000732388649993,-3.7308181312344315
5205,274.255,11.367197058171824,2541.224236305945,169.18775926136558,1952.218820538405,2543.9711777083785,97.93975327949451,75.07006543561383,375.80528042350727,6.424931985645309,1265,-3.0000732526369394,-3.7303902877653368
5206,274.265,11.367515891046002,2541.224052553036,169.18514971677467,1952.2231286840392,2543.971057781471,97.93970603162488,75.06821283858343,375.73896132948494,6.425140240660898,1265,-3.000073266408936,-3.729962465429373
5207,274.275,11.367834729902953,2541.2238687992417,169.18254104747834,1952.2274367297523,2543.9709378538964,97.93965878366333,75.06636046090912,375.6726438723342,6.425348490535913,1265,-3.000073280180991,-3.729534664219191
5208,274.28499999999997,11.368153574738853,2541.2236850445643,169.1799332532305,1952.231744675558,2543.970817925659,97.9396115356099,75.0645083025257,375.6063280518611,6.425556735270961,1265,-3.0000732939531027,-3.729106884127421
5209,274.29499999999996,11.368472425549832,2541.223501288999,169.17732633373768,1952.2360525214685,2543.970697996756,97.93956428746459,75.06265636336796,375.5400138678717,6.425764974866653,1265,-3.0000733077252733,-3.7286791251467086
5210,274.305,11.368791282332085,2541.2233175325473,169.17472028881815,1952.2403602674951,2543.9705780671893,97.9395170392274,75.06080464337077,375.4737013201722,6.425973209323597,1265,-3.0000733214975015,-3.7282513872696867
5211,274.315,11.369110145081754,2541.223133775206,169.17211511815742,1952.2446679136513,2543.9704581369574,97.93946979089833,75.05895314246898,375.4073904085688,6.426181438642401,1265,-3.000073335269789,-3.7278236704890033
5212,274.325,11.369429013795001,2541.222950016974,169.16951082154552,1952.2489754599467,2543.9703382060616,97.93942254247737,75.05710186059747,375.3410811328677,6.426389662823673,1265,-3.000073349042134,-3.727395974797303
5213,274.335,11.36974788846802,2541.2227662578503,169.16690739866428,1952.2532829063964,2543.9702182745004,97.93937529396455,75.05525079769112,375.2747734928753,6.426597881868021,1265,-3.0000733628145375,-3.7269683001872247
5214,274.34499999999997,11.370066769096992,2541.2225824978345,169.16430484928637,1952.2575902530102,2543.970098342277,97.93932804535986,75.05339995368485,375.208467488398,6.426806095776053,1265,-3.0000733765870002,-3.7265406466514115
5215,274.35499999999996,11.370385655678101,2541.2223987369216,169.16170317314703,1952.2618974998024,2543.9699784093877,97.93928079666327,75.05154932851359,375.14216311924224,6.427014304548378,1265,-3.0000733903595216,-3.7261130141825043
5216,274.365,11.370704548207517,2541.2222149751146,169.15910237004434,1952.2662046467822,2543.9698584758353,97.93923354787484,75.04969892211228,375.07586038521447,6.427222508185602,1265,-3.000073404132102,-3.7256854027731436
5217,274.375,11.37102344668145,2541.222031212409,169.15650243965771,1952.2705116939649,2543.969738541619,97.93918629899453,75.04784873441595,375.0095592861214,6.427430706688331,1265,-3.000073417904742,-3.725257812415982
5218,274.385,11.37134235109608,2541.221847448804,169.1539033817508,1952.27481864136,2543.9696186067376,97.93913905002235,75.04599876535954,374.94325982176946,6.427638900057175,1265,-3.0000734316774413,-3.7248302431036664
5219,274.395,11.371661261447628,2541.2216636842995,169.15130519607865,1952.27912548898,2543.969498671193,97.93909180095831,75.04414901487807,374.87696199196546,6.427847088292741,1265,-3.0000734454502,-3.724402694828825
5220,274.405,11.371980177732286,2541.2214799188923,169.14870788237852,1952.2834322368394,2543.9693787349843,97.93904455180243,75.04229948290657,374.8106657965161,6.428055271395634,1265,-3.0000734592230187,-3.723975167584127
5221,274.41499999999996,11.372299099946263,2541.2212961525825,169.14611144038113,1952.2877388849467,2543.969258798112,97.93899730255467,75.0404501693801,374.7443712352281,6.42826344936646,1265,-3.000073472995897,-3.7235476613621903
5222,274.42499999999995,11.37261802808577,2541.2211123853667,169.14351586980473,1952.292045433317,2543.969138860575,97.93895005321505,75.0386010742337,374.6780783079084,6.4284716222058265,1265,-3.0000734867688363,-3.723120176155698
5223,274.435,11.372936962147016,2541.2209286172465,169.14092117048898,1952.2963518819608,2543.9690189223757,97.9389028037836,75.03675219740245,374.6117870143638,6.42867978991434,1265,-3.0000735005418355,-3.722692711957266
5224,274.445,11.373255902126258,2541.220744848218,169.13832734207847,1952.3006582308903,2543.9688989835117,97.93885555426029,75.0349035388215,374.5454973544014,6.428887952492606,1265,-3.000073514314894,-3.722265268759547
5225,274.455,11.3735748480197,2541.2205610782808,169.13573438440687,1952.3049644801172,2543.968779043985,97.93880830464512,75.03305509842592,374.47920932782813,6.429096109941232,1265,-3.000073528088014,-3.721837846555202
5226,274.465,11.373893799823561,2541.220377307432,169.1331422971369,1952.309270629655,2543.968659103793,97.9387610549381,75.0312068761509,374.4129229344511,6.429304262260821,1265,-3.000073541861196,-3.721410445336868
5227,274.47499999999997,11.37421275753407,2541.2201935356725,169.13055108006162,1952.3135766795144,2543.968539162939,97.93871380513923,75.02935887193156,374.34663817407744,6.429512409451981,1265,-3.000073555634437,-3.7209830650972013
5228,274.485,11.374531721147513,2541.2200097629975,169.1279607328798,1952.3178826297087,2543.968419221419,97.93866655524853,75.02751108570311,374.2803550465144,6.429720551515316,1265,-3.00007356940774,-3.7205557058288625
5229,274.495,11.374850690660098,2541.219825989411,169.1253712554072,1952.3221884802483,2543.968299279239,97.938619305266,75.02566351740073,374.21407355156913,6.42992868845143,1265,-3.0000735831811043,-3.7201283675244636
5230,274.505,11.375169666068079,2541.2196422149063,169.1227826473602,1952.326494231147,2543.968179336394,97.93857205519161,75.02381616695963,374.14779368904897,6.43013682026093,1265,-3.00007359695453,-3.719701050176706
5231,274.515,11.375488647367693,2541.2194584394847,169.12019490842687,1952.330799882415,2543.968059392885,97.93852480502538,75.02196903431506,374.0815154587613,6.430344946944421,1265,-3.0000736107280166,-3.719273753778205
5232,274.525,11.37580763455522,2541.2192746631445,169.11760803846192,1952.3351054340665,2543.9679394487143,97.93847755476733,75.02012211940227,374.01523886051353,6.4305530685025065,1265,-3.000073624501566,-3.7188464783216153
5233,274.53499999999997,11.376126627626887,2541.2190908858825,169.11502203710668,1952.3394108861116,2543.9678195038778,97.93843030441744,75.01827542215653,373.9489638941132,6.430761184935791,1265,-3.000073638275177,-3.7184192237996103
5234,274.54499999999996,11.376445626579004,2541.2189071076996,169.11243690414548,1952.3437162385644,2543.9676995583804,97.93838305397571,75.01642894251316,373.88269055936775,6.430969296244879,1265,-3.0000736520488496,-3.717991990204819
5235,274.555,11.376764631407779,2541.218723328594,169.10985263935586,1952.3480214914337,2543.9675796122197,97.93833580344217,75.01458268040743,373.8164188560848,6.431177402430373,1265,-3.000073665822585,-3.71756477752991
5236,274.565,11.37708364210956,2541.2185395485635,169.10726924242257,1952.3523266447348,2543.9674596653954,97.93828855281679,75.01273663577469,373.75014878407205,6.43138550349288,1265,-3.0000736795963827,-3.717137585767534
5237,274.575,11.377402658680547,2541.2183557676067,169.1046867131621,1952.3566316984784,2543.967339717908,97.93824130209958,75.01089080855027,373.68388034313716,6.431593599433001,1265,-3.000073693370243,-3.716710414910342
5238,274.585,11.377721681117066,2541.2181719857235,169.1021050512593,1952.3609366526757,2543.967219769759,97.93819405129057,75.00904519866957,373.61761353308793,6.4318016902513415,1265,-3.0000737071441663,-3.7162832649509827
5239,274.59499999999997,11.37804070941541,2541.217988202909,169.09952425648987,1952.3652415073407,2543.967099820945,97.93814680038973,75.00719980606796,373.5513483537322,6.4320097759485035,1265,-3.0000737209181527,-3.7158561358821296
5240,274.60499999999996,11.378359743571826,2541.2178044191655,169.09694432861707,1952.3695462624837,2543.966979871469,97.93809954939707,75.00535463068083,373.4850848048778,6.432217856525091,1265,-3.0000737346922013,-3.715429027696423
5241,274.615,11.378678783582654,2541.2176206344907,169.094365267347,1952.373850918117,2543.966859921331,97.93805229831258,75.00350967244364,373.4188228863326,6.432425931981706,1265,-3.000073748466314,-3.715001940386525
5242,274.625,11.378997829444172,2541.2174368488822,169.0917870724403,1952.3781554742534,2543.9667399705295,97.9380050471363,75.00166493129178,373.3525625979047,6.432634002318952,1265,-3.00007376224049,-3.71457487394509
5243,274.635,11.379316881152654,2541.217253062338,169.08920974362002,1952.3824599309044,2543.966620019064,97.93795779586819,74.99982040716077,373.28630393940216,6.4328420675374325,1265,-3.00007377601473,-3.714147828364791
5244,274.645,11.379635938704464,2541.21706927486,169.0866332807045,1952.386764288081,2543.9665000669384,97.93791054450828,74.99797609998603,373.220046910633,6.433050127637748,1265,-3.000073789789033,-3.713720803638255
5245,274.655,11.37995500209586,2541.2168854864444,169.0840576833961,1952.3910685457977,2543.966380114149,97.93786329305657,74.9961320097031,373.1537915114055,6.433258182620502,1265,-3.0000738035634003,-3.7132937997581568
5246,274.66499999999996,11.380274071323159,2541.2167016970875,169.08148295144966,1952.3953727040641,2543.9662601606965,97.93781604151303,74.99428813624749,373.0875377415278,6.433466232486296,1265,-3.0000738173378316,-3.7128668167171632
5247,274.67499999999995,11.380593146382726,2541.216517906793,169.07890908454553,1952.3996767628935,2543.9661402065826,97.9377687898777,74.99244447955472,373.0212856008082,6.433674277235733,1265,-3.000073831112327,-3.7124398545079167
5248,274.685,11.38091222727085,2541.216334115555,169.07633608253323,1952.4039807222975,2543.9660202518053,97.93772153815057,74.99060103956036,372.955035089055,6.433882316869415,1265,-3.000073844886887,-3.712012913123095
5249,274.695,11.381231313983863,2541.2161503233756,169.07376394511306,1952.408284582287,2543.965900296366,97.93767428633164,74.98875781619998,372.88878620607665,6.434090351387942,1265,-3.0000738586615125,-3.7115859925553365
5250,274.705,11.381550406518096,2541.2159665302506,169.07119267204163,1952.412588342876,2543.9657803402642,97.93762703442091,74.98691480940916,372.8225389516816,6.434298380791915,1265,-3.000073872436202,-3.7111590927973253
5251,274.715,11.38186950486987,2541.21578273618,169.06862226306197,1952.4168920040747,2543.9656603835006,97.9375797824184,74.98507201912352,372.7562933256783,6.434506405081938,1265,-3.000073886210956,-3.71073221384171
5252,274.72499999999997,11.382188609035538,2541.215598941162,169.06605271793237,1952.4211955658973,2543.9655404260743,97.93753253032409,74.9832294452787,372.6900493278754,6.434714424258609,1265,-3.0000738999857766,-3.7103053556811507
5253,274.735,11.382507719011448,2541.2154151451946,169.06348403633004,1952.4254990283537,2543.965420467986,97.937485278138,74.98138708781033,372.62380695808145,6.4349224383225305,1265,-3.0000739137606613,-3.7098785183083156
5254,274.745,11.382826834793962,2541.2152313482784,169.06091621811504,1952.429802391456,2543.9653005092364,97.93743802586009,74.97954494665407,372.5575662161051,6.435130447274302,1265,-3.000073927535612,-3.7094517017158677
5255,274.755,11.383145956379389,2541.215047550409,169.05834926296455,1952.4341056552166,2543.965180549823,97.93739077349042,74.97770302174564,372.4913271017552,6.435338451114525,1265,-3.000073941310628,-3.7090249058964613
5256,274.765,11.38346508376413,2541.214863751588,169.05578317064385,1952.4384088196484,2543.9650605897486,97.93734352102895,74.9758613130207,372.42508961484043,6.4355464498438,1265,-3.0000739550857096,-3.7085981308427725
5257,274.775,11.383784216944525,2541.214679951813,169.0532179409131,1952.4427118847625,2543.964940629013,97.93729626847572,74.97401982041501,372.3588537551697,6.435754443462727,1265,-3.000073968860857,-3.708171376547447
5258,274.78499999999997,11.384103355916919,2541.21449615108,169.05065357349437,1952.4470148505698,2543.9648206676134,97.93724901583069,74.97217854386429,372.2926195225519,6.435962431971904,1265,-3.000073982636071,-3.7077446430031866
5259,274.79499999999996,11.38442250067771,2541.214312349392,169.04809006815302,1952.4513177170838,2543.9647007055537,97.93720176309388,74.97033748330432,372.22638691679595,6.436170415371935,1265,-3.000073996411351,-3.7073179302026142
5260,274.805,11.38474165122325,2541.2141285467446,169.0455274246122,1952.4556204843157,2543.9645807428324,97.93715451026532,74.96849663867084,372.16015593771095,6.436378393663415,1265,-3.0000740101866983,-3.7068912381384234
5261,274.815,11.385060807549925,2541.2139447431364,169.0429656426736,1952.4599231522784,2543.964460779448,97.93710725734496,74.96665600989968,372.093926585106,6.436586366846947,1265,-3.000074023962112,-3.706464566803261
5262,274.825,11.385379969654142,2541.2137609385672,169.0404047220156,1952.4642257209828,2543.964340815402,97.93706000433284,74.96481559692664,372.02769885879,6.4367943349231265,1265,-3.000074037737592,-3.706037916189815
5263,274.835,11.38569913753224,2541.213577133036,169.03784466247322,1952.46852819044,2543.964220850696,97.93701275122893,74.96297539968755,371.9614727585724,6.4370022978925565,1265,-3.0000740515131388,-3.7056112862907287
5264,274.84499999999997,11.386018311180644,2541.21339332654,169.03528546374275,1952.4728305606636,2543.9641008853278,97.93696549803327,74.96113541811827,371.8952482842624,6.437210255755833,1265,-3.000074065288753,-3.705184677098685
5265,274.85499999999996,11.386337490595722,2541.2132095190777,169.03272712557825,1952.4771328316658,2543.963980919297,97.93691824474585,74.95929565215468,371.82902543566917,6.437418208513556,1265,-3.000074079064435,-3.704758088606353
5266,274.865,11.386656675773882,2541.2130257106483,169.0301696477298,1952.481435003457,2543.963860952605,97.93687099136665,74.95745610173265,371.76280421260213,6.437626156166325,1265,-3.0000740928401846,-3.7043315208063916
5267,274.875,11.38697586671151,2541.2128419012506,169.0276130299233,1952.4857370760508,2543.9637409852517,97.93682373789571,74.9556167667881,371.6965846148708,6.437834098714736,1265,-3.000074106616001,-3.7039049736914804
5268,274.885,11.387295063405064,2541.212658090884,169.0250572719614,1952.490039049457,2543.963621017238,97.936776484333,74.95377764725696,371.6303666422845,6.4380420361593895,1265,-3.000074120391886,-3.7034784472542843
5269,274.895,11.387614265850898,2541.212474279545,169.0225023735236,1952.4943409236892,2543.963501048562,97.93672923067852,74.95193874307516,371.56415029465285,6.438249968500882,1265,-3.0000741341678383,-3.7030519414874714
5270,274.905,11.38793347404545,2541.2122904672337,169.01994833439494,1952.498642698758,2543.963381079225,97.9366819769323,74.95010005417868,371.49793557178543,6.438457895739811,1265,-3.000074147943859,-3.702625456383714
5271,274.91499999999996,11.388252687985128,2541.2121066539485,169.01739515439507,1952.5029443746766,2543.9632611092275,97.93663472309434,74.9482615805035,371.4317224734919,6.4386658178767755,1265,-3.0000741617199482,-3.702198991935692
5272,274.92499999999995,11.388571907666368,2541.2119228396873,169.01484283313852,1952.5072459514568,2543.9631411385676,97.93658746916462,74.9464233219856,371.3655109995819,6.438873734912373,1265,-3.0000741754961058,-3.701772548136058
5273,274.935,11.38889113308558,2541.2117390244484,169.01229137047844,1952.51154742911,2543.963021167246,97.93654021514314,74.94458527856102,371.2993011498652,6.439081646847199,1265,-3.000074189272332,-3.7013461249775097
5274,274.945,11.389210364239208,2541.2115552082323,169.00974076611087,1952.515848807647,2543.962901195265,97.93649296102991,74.9427474501658,371.2330929241516,6.439289553681853,1265,-3.0000742030486274,-3.7009197224526877
5275,274.955,11.389529601123682,2541.211371391036,169.0071910198431,1952.520150087082,2543.9627812226227,97.93644570682497,74.94090983673598,371.16688632225106,6.439497455416929,1265,-3.0000742168249914,-3.7004933405542904
5276,274.965,11.389848843735454,2541.2111875728588,169.00464213133105,1952.5244512674249,2543.9626612493194,97.93639845252827,74.93907243820766,371.1006813439734,6.439705352053027,1265,-3.0000742306014243,-3.700066979274987
5277,274.97499999999997,11.390168092070926,2541.211003753698,169.0020941004094,1952.5287523486888,2543.9625412753544,97.93635119813983,74.93723525451689,371.0344779891286,6.439913243590741,1265,-3.000074244377927,-3.699640638607456
5278,274.985,11.39048734612658,2541.2108199335535,168.99954692681024,1952.5330533308852,2543.9624213007287,97.93630394365965,74.93539828559982,370.9682762575268,6.4401211300306676,1265,-3.0000742581544992,-3.699214318544352
5279,274.995,11.390806605898874,2541.210636112425,168.99700061026266,1952.5373542140258,2543.9623013254436,97.93625668908774,74.93356153139256,370.902076148978,6.440329011373405,1265,-3.000074271931141,-3.6987880190783566
5280,275.005,11.391125871384222,2541.210452290308,168.99445515053762,1952.5416549981223,2543.962181349496,97.93620943442409,74.93172499183126,370.83587766329237,6.4405368876195475,1265,-3.0000742857078517,-3.6983617402021673
5281,275.015,11.391445142579135,2541.210268467204,168.99191054736048,1952.5459556831877,2543.962061372889,97.93616217966871,74.9298886668521,370.7696808002801,6.440744758769692,1265,-3.0000742994846337,-3.6979354819084382
5282,275.025,11.391764419480042,2541.2100846431094,168.98936680050969,1952.5502562692325,2543.96194139562,97.9361149248216,74.92805255639125,370.7034855597515,6.440952624824433,1265,-3.000074313261485,-3.6975092441898485
5283,275.03499999999997,11.392083702083422,2541.209900818025,168.98682390970956,1952.5545567562694,2543.9618214176917,97.93606766988276,74.92621666038492,370.637291941517,6.441160485784367,1265,-3.000074327038407,-3.6970830270390813
5284,275.04499999999996,11.392402990385735,2541.209716991947,168.98428187473635,1952.5588571443088,2543.961701439103,97.9360204148522,74.92438097876932,370.5710999453868,6.441368341650089,1265,-3.0000743408153996,-3.6966568304488154
5285,275.055,11.392722284383494,2541.209533164875,168.98174069534872,1952.5631574333645,2543.961581459853,97.93597315972991,74.92254551148072,370.5049095711713,6.441576192422194,1265,-3.000074354592463,-3.696230654411712
5286,275.065,11.393041584073119,2541.209349336809,168.97920037124368,1952.5674576234485,2543.961461479943,97.93592590451591,74.92071025845536,370.43872081868113,6.441784038101278,1265,-3.0000743683695967,-3.695804498920475
5287,275.075,11.393360889451152,2541.2091655077456,168.97666090227932,1952.5717577145706,2543.9613414993723,97.93587864921018,74.9188752196295,370.3725336877268,6.441991878687935,1265,-3.000074382146802,-3.6953783639677686
5288,275.085,11.393680200514044,2541.208981677684,168.97412228805035,1952.576057706744,2543.9612215181414,97.93583139381275,74.91704039493948,370.30634817811887,6.442199714182759,1265,-3.000074395924078,-3.694952249546273
5289,275.09499999999997,11.393999517258273,2541.208797846622,168.9715845284761,1952.58035759998,2543.961101536249,97.9357841383236,74.91520578432156,370.240164289668,6.442407544586344,1265,-3.0000744097014254,-3.694526155648679
5290,275.10499999999996,11.394318839680402,2541.208614014561,168.96904762312846,1952.5846573942915,2543.9609815536983,97.93573688274273,74.9133713877121,370.17398202218493,6.442615369899286,1265,-3.0000744234788446,-3.6941000822676386
5291,275.115,11.394638167776863,2541.2084301814975,168.9665115719378,1952.5889570896888,2543.9608615704874,97.93568962707015,74.91153720504745,370.10780137548045,6.442823190122179,1265,-3.0000744372563357,-3.6936740293958614
5292,275.125,11.394957501544209,2541.208246347429,168.96397637454788,1952.5932566861854,2543.960741586615,97.93564237130586,74.90970323626398,370.04162234936535,6.443031005255616,1265,-3.0000744510338984,-3.6932479970260235
5293,275.135,11.395276840978878,2541.208062512355,168.96144203074633,1952.5975561837918,2543.960621602082,97.93559511544987,74.90786948129808,369.97544494365053,6.443238815300191,1265,-3.000074464811533,-3.6928219851508084
5294,275.145,11.395596186077462,2541.2078786762763,168.95890854026683,1952.6018555825196,2543.9605016168907,97.93554785950218,74.90603594008616,369.90926915814697,6.4434466202564975,1265,-3.0000744785892404,-3.692395993762881
5295,275.155,11.39591553683645,2541.2076948391887,168.95637590287342,1952.606154882382,2543.960381631038,97.93550060346277,74.90420261256462,369.8430949926656,6.44365442012513,1265,-3.0000744923670193,-3.691970022854946
5296,275.16499999999996,11.396234893252315,2541.2075110010924,168.95384411832663,1952.6104540833892,2543.960261644527,97.93545334733167,74.90236949866991,369.7769224470175,6.443862214906679,1265,-3.000074506144871,-3.691544072419669
5297,275.17499999999995,11.396554255321691,2541.207327161985,168.9513131863346,1952.6147531855543,2543.9601416573555,97.93540609110889,74.9005365983385,369.7107515210138,6.444070004601741,1265,-3.0000745199227956,-3.691118142449737
5298,275.185,11.396873623041001,2541.2071433218653,168.94878310676535,1952.6190521888896,2543.960021669523,97.9353588347944,74.89870391150686,369.6445822144656,6.444277789210906,1265,-3.000074533700793,-3.690692232937854
5299,275.195,11.397192996406805,2541.2069594807335,168.9462538791853,1952.6233510934046,2543.9599016810325,97.93531157838822,74.89687143811152,369.5784145271842,6.444485568734768,1265,-3.0000745474788637,-3.6902663438766794
5300,275.205,11.397512375415692,2541.2067756385845,168.94372550350928,1952.627649899113,2543.959781691881,97.93526432189033,74.89503917808894,369.5122484589808,6.444693343173919,1265,-3.000074561257007,-3.6898404752589196
5301,275.215,11.39783176006411,2541.20659179542,168.94119797942707,1952.6319486060254,2543.95966170207,97.93521706530078,74.89320713137569,369.4460840096668,6.444901112528951,1265,-3.0000745750352245,-3.689414627077239
5302,275.22499999999997,11.398151150348692,2541.206407951239,168.93867130672467,1952.636247214156,2543.9595417116,97.93516980861952,74.89137529790833,369.37992117905355,6.445108876800457,1265,-3.000074588813515,-3.688988799324346
5303,275.235,11.398470546265948,2541.2062241060376,168.9361454850932,1952.6405457235137,2543.95942172047,97.93512255184659,74.88954367762341,369.3137599669525,6.4453166359890295,1265,-3.0000746025918796,-3.6885629919929155
5304,275.245,11.398789947812421,2541.206040259816,168.9336205143433,1952.6448441341108,2543.9593017286807,97.93507529498197,74.8877122704575,369.2476003731752,6.44552439009526,1265,-3.000074616370318,-3.6881372050756305
5305,275.255,11.399109354984695,2541.205856412573,168.9310963941498,1952.649142445961,2543.9591817362325,97.93502803802568,74.88588107634725,369.18144239753315,6.445732139119738,1265,-3.00007463014883,-3.687711438565177
5306,275.265,11.399428767779305,2541.205672564306,168.92857312434606,1952.653440659074,2543.9590617431236,97.9349807809777,74.88405009522924,369.115286039838,6.445939883063058,1265,-3.0000746439274164,-3.6872856924542687
5307,275.275,11.399748186192832,2541.2054887150152,168.92605070467724,1952.6577387734628,2543.9589417493567,97.93493352383804,74.88221932704015,369.04913129990143,6.446147621925809,1265,-3.0000746577060773,-3.6868599667355553
5308,275.28499999999997,11.400067610221823,2541.205304864698,168.92352913488108,1952.662036789138,2543.95882175493,97.93488626660671,74.88038877171664,368.9829781775351,6.446355355708584,1265,-3.0000746714848128,-3.6864342614017604
5309,275.29499999999996,11.400387039862881,2541.205121013353,168.9210084147247,1952.6663347061133,2543.9587017598437,97.93483900928372,74.87855842919537,368.9168266725508,6.446563084411972,1265,-3.000074685263623,-3.6860085764455572
5310,275.305,11.400706475112571,2541.2049371609787,168.91848854391665,1952.670632524398,2543.9585817640977,97.93479175186906,74.87672829941305,368.8506767847604,6.446770808036565,1265,-3.0000746990425076,-3.685582911859636
5311,275.315,11.401025915967505,2541.2047533075756,168.91596952228576,1952.674930244006,2543.958461767694,97.93474449436272,74.87489838230638,368.78452851397583,6.446978526582953,1265,-3.0000747128214678,-3.685157267636697
5312,275.325,11.401345362424202,2541.20456945314,168.91345134951135,1952.6792278649477,2543.9583417706303,97.9346972367647,74.87306867781211,368.718381860009,6.447186240051727,1265,-3.0000747266005034,-3.6847316437694175
5313,275.335,11.401664814479295,2541.2043855976704,168.91093402535944,1952.683525387236,2543.958221772908,97.93464997907503,74.871239185867,368.6522368226719,6.4473939484434775,1265,-3.000074740379614,-3.684306040250493
5314,275.34499999999997,11.401984272129377,2541.2042017411677,168.90841754963722,1952.687822810881,2543.9581017745263,97.9346027212937,74.8694099064078,368.5860934017766,6.447601651758793,1265,-3.0000747541588004,-3.683880457072626
5315,275.35499999999996,11.40230373537103,2541.2040178836282,168.9059019220327,1952.692120135897,2543.957981775486,97.93455546342071,74.8675808393713,368.5199515971353,6.4478093499982645,1265,-3.0000747679380626,-3.683454894228496
5316,275.365,11.402623204200868,2541.203834025052,168.90338714233408,1952.6964173622928,2543.9578617757866,97.93450820545605,74.86575198469433,368.45381140856,6.448017043162481,1265,-3.0000747817174003,-3.6830293517108155
5317,275.375,11.40294267861548,2541.2036501654375,168.90087321033357,1952.7007144900817,2543.957741775429,97.93446094739976,74.86392334231368,368.3876728358631,6.448224731252034,1265,-3.0000747954968148,-3.6826038295122525
5318,275.385,11.403262158611502,2541.2034663047816,168.8983601256988,1952.7050115192749,2543.9576217744116,97.9344136892518,74.86209491216623,368.32153587885676,6.4484324142675105,1265,-3.0000748092763048,-3.682178327625509
5319,275.395,11.403581644185532,2541.2032824430853,168.89584788823967,1952.7093084498856,2543.957501772736,97.9343664310122,74.86026669418882,368.2554005373534,6.448640092209501,1265,-3.0000748230558716,-3.6817528460432998
5320,275.405,11.403901135334163,2541.203098580346,168.8933364977315,1952.7136052819235,2543.9573817704018,97.93431917268094,74.85843868831833,368.1892668111654,6.448847765078593,1265,-3.000074836835515,-3.681327384758286
5321,275.41499999999996,11.404220632054084,2541.2029147165626,168.89082595387765,1952.717902015402,2543.957261767409,97.93427191425803,74.85661089449167,368.1231347001052,6.449055432875378,1265,-3.0000748506152353,-3.6809019437631942
5322,275.42499999999995,11.40454013434183,2541.202730851733,168.88831625645702,1952.722198650331,2543.957141763757,97.93422465574349,74.85478331264574,368.0570042039853,6.449263095600441,1265,-3.000074864395032,-3.6804765230507033
5323,275.435,11.404859642194117,2541.202546985857,168.88580740522235,1952.726495186724,2543.9570217594473,97.9341773971373,74.85295594271747,367.9908753226183,6.449470753254373,1265,-3.0000748781749063,-3.6800511226135044
5324,275.445,11.40517915560749,2541.2023631189318,168.88329939993335,1952.7307916245916,2543.956901754479,97.93413013843947,74.85112878464385,367.9247480558168,6.449678405837762,1265,-3.0000748919548577,-3.6796257424443075
5325,275.455,11.40549867457868,2541.2021792509577,168.88079224032592,1952.7350879639464,2543.9567817488523,97.93408287964999,74.84930183836181,367.85862240339344,6.449886053351196,1265,-3.0000749057348868,-3.6792003825358086
5326,275.465,11.405818199104269,2541.2019953819313,168.87828592621105,1952.7393842047993,2543.9566617425667,97.93403562076888,74.84747510380835,367.79249836516095,6.450093695795262,1265,-3.0000749195149936,-3.678775042880712
5327,275.47499999999997,11.40613772918092,2541.2018115118535,168.87578045729185,1952.7436803471621,2543.956541735623,97.93398836179614,74.84564858092047,367.7263759409322,6.450301333170549,1265,-3.000074933295178,-3.6783497234716918
5328,275.485,11.406457264805285,2541.2016276407207,168.8732758333303,1952.7479763910476,2543.956421728021,97.93394110273177,74.84382226963521,367.66025513052,6.450508965477644,1265,-3.00007494707544,-3.6779244243014717
5329,275.495,11.406776805973989,2541.201443768534,168.8707720540606,1952.7522723364664,2543.9563017197615,97.93389384357576,74.8419961698896,367.5941359337372,6.450716592717134,1265,-3.00007496085578,-3.677499145362735
5330,275.505,11.407096352683732,2541.2012598952883,168.8682691192848,1952.7565681834296,2543.956181710843,97.93384658432812,74.8401702816207,367.5280183503968,6.450924214889607,1265,-3.000074974636199,-3.6770738866481913
5331,275.515,11.407415904931163,2541.201076020986,168.8657670287588,1952.76086393195,2543.956061701267,97.93379932498885,74.83834460476561,367.46190238031176,6.45113183199565,1265,-3.000074988416696,-3.676648648150533
5332,275.525,11.407735462712921,2541.2008921456236,168.86326578218475,1952.765159582039,2543.955941691032,97.93375206555798,74.83651913926138,367.3957880232952,6.45133944403585,1265,-3.0000750021972715,-3.676223429862467
5333,275.53499999999997,11.408055026025732,2541.2007082692003,168.86076537938408,1952.7694551337086,2543.9558216801397,97.93370480603546,74.83469388504518,367.32967527916026,6.4515470510107935,1265,-3.0000750159779264,-3.675798231776688
5334,275.54499999999996,11.408374594866187,2541.200524391715,168.8582658200863,1952.77375058697,2543.95570166859,97.93365754642134,74.83286884205413,367.2635641477201,6.451754652921067,1265,-3.00007502975866,-3.675373053885919
5335,275.555,11.408694169231014,2541.2003405131663,168.8557671040349,1952.778045941834,2543.9555816563825,97.9336102867156,74.83104401022534,367.19745462878785,6.451962249767256,1265,-3.0000750435394723,-3.6749478961828297
5336,275.565,11.409013749116925,2541.200156633552,168.85326923100692,1952.782341198315,2543.9554616435166,97.93356302691825,74.829219389496,367.13134672217694,6.452169841549948,1265,-3.000075057320364,-3.6745227586601463
5337,275.575,11.40933333452054,2541.19997275287,168.85077220074407,1952.7866363564217,2543.955341629992,97.93351576702928,74.82739497980332,367.06524042770064,6.452377428269728,1265,-3.0000750711013353,-3.6740976413105573
5338,275.585,11.409652925438564,2541.1997888711226,168.8482760129635,1952.7909314161673,2543.9552216158113,97.93346850704869,74.82557078108448,366.99913574517234,6.452585009927184,1265,-3.0000750848823867,-3.673672544126771
5339,275.59499999999997,11.409972521867733,2541.199604988305,168.84578066752937,1952.795226377563,2543.9551016009723,97.93342124697651,74.8237467932767,366.9330326744055,6.4527925865229,1265,-3.000075098663517,-3.6732474671014974
5340,275.60499999999996,11.41029212380471,2541.199421104415,168.8432861640805,1952.7995212406213,2543.954981585475,97.93337398681271,74.82192301631723,366.86693121521364,6.453000158057462,1265,-3.0000751124447285,-3.672822410227436
5341,275.615,11.410611731246192,2541.199237219454,168.84079250245992,1952.8038160053525,2543.95486156932,97.93332672655731,74.82009945014333,366.80083136741035,6.4532077245314525,1265,-3.0000751262260197,-3.6723973734972963
5342,275.625,11.410931344188905,2541.1990533334206,168.8382996824074,1952.8081106717696,2543.954741552509,97.9332794662103,74.81827609469228,366.7347331308093,6.453415285945461,1265,-3.0000751400073904,-3.671972356903769
5343,275.635,11.411250962629518,2541.198869446311,168.83580770363443,1952.8124052398823,2543.9546215350388,97.93323220577169,74.81645294990138,366.66863650522396,6.453622842300069,1265,-3.000075153788843,-3.671547360439585
5344,275.645,11.411570586564814,2541.1986855581254,168.83331656589579,1952.8166997097053,2543.9545015169115,97.93318494524148,74.81463001570792,366.6025414904683,6.453830393595864,1265,-3.0000751675703756,-3.6711223840974405
5345,275.655,11.411890215991436,2541.198501668862,168.8308262690467,1952.8209940812474,2543.954381498127,97.93313768461968,74.81280729204924,366.536448086356,6.454037939833429,1265,-3.000075181351989,-3.6706974278700266
5346,275.66499999999996,11.412209850906134,2541.198317778521,168.82833681274047,1952.8252883545217,2543.9542614786865,97.93309042390628,74.81098477886272,366.47035629270084,6.45424548101335,1265,-3.0000751951336833,-3.6702724917500644
5347,275.67499999999995,11.412529491305648,2541.198133887098,168.82584819680514,1952.8295825295384,2543.9541414585874,97.9330431631013,74.80916247608566,366.40426610931684,6.45445301713621,1265,-3.000075208915459,-3.6698475757302673
5348,275.685,11.412849137186706,2541.1979499945937,168.82336042093536,1952.8338766063114,2543.954021437831,97.93299590220471,74.8073403836555,366.3381775360179,6.454660548202592,1265,-3.0000752226973155,-3.6694226798033363
5349,275.695,11.41316878854602,2541.1977661010064,168.82087348493437,1952.8381705848503,2543.9539014164175,97.93294864121654,74.80551850150962,366.272090572618,6.454868074213082,1265,-3.0000752364792533,-3.6689978039619806
5350,275.705,11.413488445380317,2541.1975822063346,168.8183873885306,1952.8424644651677,2543.9537813943475,97.9329013801368,74.80369682958545,366.2060052189313,6.455075595168263,1265,-3.000075250261274,-3.668572948198902
5351,275.715,11.413808107686375,2541.197398310577,168.81590213150938,1952.8467582472758,2543.95366137162,97.93285411896547,74.80187536782041,366.1399214747718,6.455283111068718,1265,-3.000075264043376,-3.668148112506828
5352,275.72499999999997,11.41412777546092,2541.1972144137308,168.81341771366434,1952.8510519311849,2543.953541348235,97.93280685770253,74.80005411615198,366.07383933995374,6.455490621915032,1265,-3.0000752778255597,-3.667723296878456
5353,275.735,11.41444744870069,2541.197030515797,168.81093413464134,1952.855345516907,2543.953421324193,97.93275959634803,74.79823307451763,366.0077588142913,6.4556981277077865,1265,-3.0000752916078257,-3.6672985013064947
5354,275.745,11.41476712740246,2541.1968466167737,168.80845139426933,1952.8596390044531,2543.9533012994957,97.93271233490195,74.79641224285481,365.9416798975989,6.455905628447565,1265,-3.0000753053901743,-3.666873725783664
5355,275.755,11.415086811562976,2541.196662716659,168.80596949233603,1952.8639323938364,2543.953181274141,97.9326650733643,74.79459162110108,365.8756025896907,6.456113124134951,1265,-3.0000753191726055,-3.666448970302664
5356,275.765,11.415406501178982,2541.196478815449,168.80348842853348,1952.8682256850684,2543.9530612481285,97.93261781173508,74.79277120919396,365.8095268903812,6.456320614770528,1265,-3.0000753329551197,-3.6660242348562257
5357,275.775,11.415726196247268,2541.1962949131466,168.8010082026671,1952.8725188781593,2543.9529412214597,97.93257055001428,74.79095100707096,365.7434527994848,6.456528100354875,1265,-3.0000753467377157,-3.6655995194370474
5358,275.78499999999997,11.41604589676461,2541.1961110097495,168.79852881444103,1952.8768119731212,2543.952821194135,97.9325232882019,74.78913101466969,365.67738031681614,6.456735580888578,1265,-3.000075360520396,-3.6651748240378383
5359,275.79499999999996,11.416365602727728,2541.1959271052538,168.79605026372496,1952.8811049699655,2543.952701166152,97.93247602629796,74.7873112319277,365.61130944218957,6.456943056372219,1265,-3.000075374303158,-3.6647501486513225
5360,275.805,11.416685314133435,2541.1957431996602,168.79357255015705,1952.8853978687046,2543.9525811375133,97.93242876430247,74.7854916587826,365.54524017541985,6.457150526806378,1265,-3.000075388086005,-3.6643254932702085
5361,275.815,11.41700503097853,2541.1955592929658,168.79109567356028,1952.8896906693494,2543.9524611082174,97.9323815022154,74.78367229517201,365.47917251632157,6.457357992191637,1265,-3.0000754018689344,-3.663900857887219
5362,275.825,11.417324753259757,2541.1953753851717,168.7886196336629,1952.8939833719126,2543.9523410782663,97.9323342400368,74.78185314103355,365.4131064647096,6.457565452528581,1265,-3.0000754156519482,-3.6634762424950535
5363,275.835,11.417644480973914,2541.195191476274,168.7861444302709,1952.8982759764044,2543.9522210476575,97.9322869777666,74.78003419630488,365.34704202039853,6.457772907817787,1265,-3.0000754294350456,-3.663051647086442
5364,275.84499999999997,11.417964214117836,2541.1950075662726,168.78367006310066,1952.9025684828366,2543.952101016392,97.93223971540486,74.77821546092368,365.2809791832033,6.457980358059839,1265,-3.000075443218227,-3.6626270716540947
5365,275.85499999999996,11.41828395268827,2541.1948236551657,168.78119653192962,1952.9068608912212,2543.951980984471,97.93219245295155,74.77639693482763,365.21491795293883,6.458187803255317,1265,-3.000075457001493,-3.6622025161907326
5366,275.865,11.418603696682021,2541.1946397429524,168.77872383649097,1952.9111532015688,2543.951860951893,97.93214519040671,74.77457861795443,365.14885832942,6.458395243404803,1265,-3.000075470784843,-3.6617779806890627
5367,275.875,11.41892344609587,2541.194455829632,168.77625197656934,1952.9154454138923,2543.95174091866,97.93209792777031,74.7727605102418,365.0828003124619,6.4586026785088775,1265,-3.0000754845682773,-3.6613534651418016
5368,275.885,11.419243200926688,2541.1942719152003,168.7737809519304,1952.9197375282029,2543.95162088477,97.93205066504237,74.77094261162749,365.01674390187947,6.458810108568121,1265,-3.000075498351797,-3.6609289695416756
5369,275.895,11.41956296117125,2541.1940879996587,168.7713107622933,1952.9240295445115,2543.951500850224,97.93200340222286,74.76912492204927,364.9506890974879,6.459017533583113,1265,-3.0000755121354015,-3.660504493881404
5370,275.905,11.419882726826364,2541.1939040830043,168.76884140747765,1952.928321462831,2543.951380815021,97.93195613931182,74.7673074414449,364.88463589910236,6.459224953554435,1265,-3.000075525919091,-3.6600800381536946
5371,275.91499999999996,11.42020249788886,2541.1937201652363,168.76637288721426,1952.9326132831713,2543.9512607791626,97.93190887630925,74.76549016975217,364.818584306538,6.459432368482667,1265,-3.000075539702866,-3.6596556023512767
5372,275.92499999999995,11.420522274355564,2541.1935362463555,168.76390520124804,1952.9369050055457,2543.95114074265,97.93186161321512,74.76367310690891,364.7525343196102,6.4596397783683885,1265,-3.0000755534867256,-3.6592311864668616
5373,275.935,11.420842056223313,2541.1933523263556,168.76143834936047,1952.9411966299633,2543.9510207054786,97.93181435002947,74.76185625285295,364.68648593813424,6.45984718321218,1265,-3.000075567270672,-3.6588067904931783
5374,275.945,11.42116184348889,2541.1931684052406,168.75897233130001,1952.945488156438,2543.950900667654,97.93176708675226,74.76003960752212,364.6204391619255,6.460054583014622,1265,-3.0000755810547037,-3.65838241442295
5375,275.955,11.421481636149188,2541.1929844830042,168.75650714683414,1952.94977958498,2543.9507806291713,97.93171982338353,74.7582231708543,364.55439399079944,6.46026197777629,1265,-3.000075594838821,-3.6579580582488833
5376,275.965,11.421801434201003,2541.192800559648,168.75404279573598,1952.9540709156017,2543.950660590034,97.93167255992327,74.75640694278735,364.4883504245716,6.460469367497767,1265,-3.0000756086230242,-3.657533721963708
5377,275.97499999999997,11.422121237641216,2541.1926166351705,168.75157927772568,1952.9583621483146,2543.9505405502414,97.93162529637146,74.75459092325919,364.42230846305745,6.460676752179631,1265,-3.0000756224073144,-3.6571094055601416
5378,275.985,11.422441046466647,2541.192432709569,168.74911659263842,1952.9626532831292,2543.950420509792,97.93157803272817,74.75277511220774,364.3562681060726,6.460884131822461,1265,-3.000075636191691,-3.656685109030917
5379,275.995,11.422760860674133,2541.192248782842,168.74665474012338,1952.9669443200576,2543.9503004686862,97.93153076899331,74.75095950957095,364.2902293534328,6.461091506426835,1265,-3.000075649976154,-3.6562608323687504
5380,276.005,11.423080680260556,2541.1920648549894,168.74419372000702,1952.971235259111,2543.9501804269257,97.93148350516695,74.74914411528674,364.2241922049537,6.461298875993332,1265,-3.0000756637607036,-3.655836575566361
5381,276.015,11.423400505222766,2541.1918809260114,168.74173353213092,1952.9755261003022,2543.950060384511,97.93143624124906,74.74732892929312,364.158156660451,6.461506240522531,1265,-3.000075677545341,-3.655412338616473
5382,276.025,11.423720335557618,2541.191696995903,168.739274176089,1952.9798168436407,2543.9499403414397,97.93138897723964,74.74551395152805,364.0921227197407,6.46171360001501,1265,-3.000075691330065,-3.6549881215118227
5383,276.03499999999997,11.424040171261975,2541.191513064664,168.73681565172137,1952.9841074891401,2543.9498202977124,97.93134171313872,74.74369918192954,364.02609038263853,6.461920954471346,1265,-3.0000757051148765,-3.654563924245131
5384,276.04499999999996,11.424360012332729,2541.1913291322935,168.7343579588361,1952.98839803681,2543.9497002533303,97.93129444894629,74.74188462043563,363.9600596489605,6.462128303892118,1265,-3.000075718899775,-3.6541397468091055
5385,276.055,11.424679858766732,2541.1911451987903,168.7319010971858,1952.9926884866632,2543.949580208292,97.93124718466233,74.74007026698435,363.8940305185226,6.462335648277904,1265,-3.0000757326847616,-3.6537155891964983
5386,276.065,11.424999710560867,2541.1909612641552,168.72944506644197,1952.9969788387104,2543.9494601626006,97.93119992028686,74.73825612151376,363.82800299114086,6.462542987629281,1265,-3.000075746469836,-3.653291451400009
5387,276.075,11.42531956771203,2541.1907773283815,168.7269898664245,1953.0012690929639,2543.9493401162526,97.93115265581987,74.73644218396194,363.76197706663135,6.4627503219468245,1265,-3.0000757602549974,-3.652867333412382
5388,276.085,11.425639430217082,2541.190593391471,168.7245354969256,1953.0055592494346,2543.9492200692484,97.93110539126141,74.73462845426697,363.6959527448103,6.462957651231115,1265,-3.000075774040248,-3.6524432352263454
5389,276.09499999999997,11.425959298072907,2541.190409453422,168.7220819576445,1953.0098493081346,2543.94910002159,97.93105812661142,74.73281493236699,363.6299300254939,6.463164975482727,1265,-3.0000757878255864,-3.6520191568346103
5390,276.10499999999996,11.42627917127643,2541.190225514235,168.71962924840466,1953.0141392690743,2543.948979973277,97.93101086186992,74.73100161820012,363.5639089084984,6.46337229470224,1265,-3.000075801611014,-3.651595098229916
5391,276.115,11.426599049824528,2541.190041573905,168.7171773689263,1953.0184291322657,2543.9488599243086,97.93096359703694,74.7291885117045,363.49788939364004,6.463579608890228,1265,-3.00007581539653,-3.6511710594049998
5392,276.125,11.426918933714088,2541.189857632433,168.71472631894727,1953.0227188977217,2543.948739874684,97.93091633211245,74.7273756128183,363.43187148073537,6.463786918047268,1265,-3.000075829182135,-3.6507470403525755
5393,276.135,11.427238822942057,2541.1896736898175,168.71227609831266,1953.0270085654513,2543.9486198244063,97.93086906709647,74.72556292147972,363.36585516960065,6.463994222173938,1265,-3.000075842967828,-3.6503230410653686
5394,276.145,11.427558717505297,2541.189489746057,168.70982670672302,1953.0312981354666,2543.9484997734735,97.93082180198898,74.72375043762695,363.29984046005245,6.464201521270812,1265,-3.000075856753611,-3.6498990615361313
5395,276.155,11.427878617400728,2541.1893058011497,168.7073781439902,1953.0355876077804,2543.948379721886,97.93077453679001,74.72193816119818,363.23382735190734,6.464408815338468,1265,-3.0000758705394834,-3.6494751017575737
5396,276.16499999999996,11.428198522625289,2541.1891218550936,168.70493040978855,1953.0398769824035,2543.9482596696425,97.93072727149956,74.7201260921317,363.16781584498176,6.4646161043774795,1265,-3.000075884325446,-3.649051161722432
5397,276.17499999999995,11.428518433175896,2541.1889379078884,168.70248350396398,1953.0441662593473,2543.948139616745,97.93068000611761,74.7183142303657,363.1018059390925,6.464823388388424,1265,-3.000075898111497,-3.6486272414234384
5398,276.185,11.428838349049462,2541.1887539595323,168.70003742618258,1953.048455438623,2543.9480195631927,97.93063274064419,74.7165025758385,363.0357976340563,6.4650306673718765,1265,-3.0000759118976386,-3.6482033408533283
5399,276.195,11.429158270242912,2541.188570010025,168.69759217635678,1953.0527445202413,2543.947899508986,97.93058547507927,74.71469112848837,362.96979092968974,6.465237941328413,1265,-3.00007592568387,-3.6477794600048283
5400,276.205,11.429478196753188,2541.188386059363,168.69514775418727,1953.0570335042155,2543.947779454125,97.93053820942286,74.71287988825364,362.90378582580973,6.465445210258607,1265,-3.0000759394701912,-3.647355598870675
5401,276.215,11.429798128577195,2541.1882021075453,168.69270415936703,1953.0613223905561,2543.947659398608,97.93049094367498,74.7110688550726,362.8377823222332,6.465652474163035,1265,-3.000075953256604,-3.646931757443602
5402,276.22499999999997,11.430118065711914,2541.1880181545735,168.69026139165928,1953.0656111792744,2543.947539342438,97.93044367783563,74.7092580288836,362.7717804187769,6.46585973304227,1265,-3.0000759670431068,-3.6465079357163273
5403,276.235,11.430438008154281,2541.187834200443,168.6878194509365,1953.0698998703822,2543.9474192856137,97.93039641190481,74.707447409625,362.70578011525805,6.466066986896887,1265,-3.0000759808297,-3.6460841336816068
5404,276.245,11.430757955901212,2541.187650245153,168.6853783369132,1953.0741884638903,2543.9472992281335,97.9303491458825,74.70563699723519,362.63978141149346,6.466274235727463,1265,-3.000075994616384,-3.6456603513321766
5405,276.255,11.431077908949684,2541.1874662887035,168.68293804931864,1953.0784769598108,2543.9471791700007,97.9303018797687,74.70382679165256,362.57378430730034,6.46648147953457,1265,-3.0000760084031595,-3.645236588660741
5406,276.265,11.431397867296637,2541.1872823310905,168.68049858796292,1953.0827653581548,2543.9470591112117,97.93025461356348,74.7020167928155,362.5077888024958,6.466688718318783,1265,-3.0000760221900262,-3.644812845660067
5407,276.275,11.431717830939041,2541.1870983723156,168.6780599525688,1953.0870536589337,2543.9469390517697,97.93020734726674,74.70020700066247,362.44179489689697,6.466895952080675,1265,-3.000076035976984,-3.644389122322878
5408,276.28499999999997,11.432037799873845,2541.1869144123766,168.6756221429062,1953.091341862159,2543.946818991674,97.93016008087858,74.6983974151319,362.37580259032114,6.4671031808208195,1265,-3.0000760497640337,-3.6439654186419053
5409,276.29499999999996,11.432357774098016,2541.1867304512716,168.67318515875812,1953.0956299678426,2543.9466989309235,97.93011281439894,74.69658803616225,362.3098118825856,6.467310404539791,1265,-3.000076063551175,-3.643541734609893
5410,276.305,11.432677753608536,2541.186546488999,168.67074899991684,1953.0999179759947,2543.946578869519,97.93006554782782,74.69477886369201,362.24382277350776,6.467517623238163,1265,-3.0000760773384085,-3.6431180702195727
5411,276.315,11.432997738402367,2541.1863625255573,168.66831366605794,1953.1042058866283,2543.9464588074597,97.93001828116526,74.69296989765967,362.177835262905,6.467724836916509,1265,-3.000076091125734,-3.642694425463691
5412,276.325,11.433317728476514,2541.186178560947,168.66587915701257,1953.1084936997536,2543.9463387447486,97.92997101441125,74.69116113800375,362.11184935059475,6.4679320455754015,1265,-3.0000761049131515,-3.642270800334976
5413,276.335,11.433637723827914,2541.1859945951646,168.66344547254243,1953.1127814153826,2543.946218681382,97.92992374756578,74.68935258466279,362.0458650363945,6.4681392492154135,1265,-3.0000761187006617,-3.641847194826171
5414,276.34499999999997,11.433957724453574,2541.1858106282098,168.66101261239743,1953.1170690335255,2543.9460986173626,97.92987648062886,74.68754423757532,361.97988232012193,6.468346447837118,1265,-3.0000761324882643,-3.6414236089300163
5415,276.35499999999996,11.434277730350457,2541.185626660079,168.65858057631675,1953.1213565541952,2543.9459785526874,97.92982921360048,74.68573609667993,361.9139012015947,6.468553641441087,1265,-3.0000761462759598,-3.64100004263925
5416,276.365,11.434597741515631,2541.1854426907744,168.65614936411302,1953.1256439774036,2543.9458584873596,97.92978194648066,74.6839281619152,361.8479216806303,6.468760830027893,1265,-3.000076160063748,-3.6405764959466116
5417,276.375,11.434917757946009,2541.1852587202934,168.65371897555852,1953.1299313031593,2543.945738421379,97.92973467926939,74.68212043321975,361.78194375704663,6.468968013598108,1265,-3.0000761738516295,-3.6401529688448284
5418,276.385,11.435237779638607,2541.185074748633,168.6512894103923,1953.1342185314768,2543.945618354743,97.92968741196667,74.68031291053217,361.71596743066135,6.469175192152305,1265,-3.0000761876396047,-3.6397294613266773
5419,276.395,11.435557806590461,2541.1848907757944,168.6488606683155,1953.1385056623656,2543.945498287455,97.92964014457252,74.67850559379112,361.64999270129243,6.469382365691056,1265,-3.0000762014276727,-3.639305973384851
5420,276.405,11.435877838798563,2541.184706801774,168.64643274921218,1953.1427926958381,2543.9453782195133,97.92959287708692,74.67669848293524,361.5840195687577,6.469589534214931,1265,-3.0000762152158353,-3.638882505012135
5421,276.41499999999996,11.436197876259925,2541.1845228265706,168.64400565273888,1953.1470796319045,2543.9452581509163,97.92954560950989,74.67489157790322,361.5180480328752,6.469796697724503,1265,-3.0000762290040908,-3.6384590562012487
5422,276.42499999999995,11.436517918971523,2541.1843388501843,168.6415793787718,1953.151366470576,2543.945138081667,97.92949834184141,74.67308487863373,361.45207809346283,6.470003856220343,1265,-3.000076242792441,-3.6380356269449323
5423,276.435,11.436837966930453,2541.1841548726125,168.63915392694844,1953.1556532118664,2543.945018011764,97.92945107408151,74.6712783850655,361.3861097503387,6.470211009703023,1265,-3.000076256580885,-3.637612217235945
5424,276.445,11.437158020133674,2541.183970893855,168.6367292971691,1953.1599398557846,2543.9448979412086,97.92940380623018,74.66947209713723,361.3201430033209,6.4704181581731115,1265,-3.0000762703694233,-3.6371888270670083
5425,276.455,11.437478078578248,2541.183786913909,168.63430548907002,1953.1642264023435,2543.944777869999,97.92935653828742,74.6676660147877,361.2541778522276,6.470625301631183,1265,-3.000076284158056,-3.636765456430884
5426,276.465,11.43779814226118,2541.1836029327746,168.63188250254356,1953.168512851553,2543.9446577981366,97.92930927025321,74.66586013795562,361.18821429687705,6.470832440077805,1265,-3.0000762979467837,-3.6363421053203115
5427,276.47499999999997,11.43811821117952,2541.1834189504502,168.62946033722457,1953.1727992034262,2543.944537725621,97.9292620021276,74.6640544665798,361.12225233708756,6.47103957351355,1265,-3.000076311735606,-3.6359187737280334
5428,276.485,11.438438285330312,2541.183234966932,168.6270389929984,1953.1770854579731,2543.9444176524516,97.92921473391057,74.66224900059903,361.05629197267734,6.471246701938988,1265,-3.0000763255245237,-3.635495461646794
5429,276.495,11.438758364710587,2541.1830509822216,168.62461846955094,1953.181371615205,2543.9442975786296,97.92916746560209,74.66044373995213,360.99033320346496,6.471453825354688,1265,-3.0000763393135363,-3.6350721690693426
5430,276.505,11.439078449317382,2541.1828669963174,168.62219876669369,1953.1856576751338,2543.944177504155,97.92912019720221,74.65863868457791,360.9243760292687,6.471660943761221,1265,-3.000076353102644,-3.634648895988428
5431,276.515,11.439398539147756,2541.1826830092155,168.619779884111,1953.1899436377716,2543.9440574290265,97.92907292871091,74.65683383441524,360.85842044990716,6.471868057159158,1265,-3.0000763668918475,-3.6342256423967965
5432,276.525,11.439718634198742,2541.1824990209166,168.61736182168252,1953.1942295031276,2543.9439373532446,97.9290256601282,74.65502918940295,360.7924664651988,6.472075165549065,1265,-3.0000763806811466,-3.633802408287194
5433,276.53499999999997,11.440038734467459,2541.182315031421,168.61494457912593,1953.198515271215,2543.9438172768114,97.92897839145407,74.65322474947996,360.7265140749623,6.472282268931515,1265,-3.000076394470542,-3.6333791936523485
5434,276.54499999999996,11.440358839950896,2541.182131040723,168.6125281562155,1953.2028009420446,2543.9436971997243,97.92893112268852,74.65142051458514,360.66056327901634,6.472489367307078,1265,-3.0000764082600333,-3.6329559984850444
5435,276.555,11.440678950646134,2541.181947048824,168.6101125526626,1953.207086515628,2543.943577121984,97.92888385383158,74.64961648465741,360.59461407717953,6.472696460676318,1265,-3.0000764220496206,-3.6325328227779994
5436,276.565,11.440999066550281,2541.181763055722,168.60769776832973,1953.2113719919757,2543.943457043591,97.92883658488321,74.64781265963572,360.5286664692706,6.472903549039811,1265,-3.0000764358393046,-3.6321096665239856
5437,276.575,11.44131918766035,2541.1815790614173,168.60528380290265,1953.2156573710993,2543.9433369645467,97.92878931584345,74.646009039459,360.4627204551085,6.47311063239812,1265,-3.0000764496290855,-3.631686529715723
5438,276.585,11.441639313973454,2541.1813950659052,168.6028706561771,1953.2199426530105,2543.943216884848,97.92874204671229,74.64420562406623,360.39677603451213,6.473317710751815,1265,-3.0000764634189627,-3.6312634123459944
5439,276.59499999999997,11.44195944548668,2541.1812110691876,168.6004583279195,1953.2242278377205,2543.9430968044976,97.92869477748971,74.6424024133964,360.33083320730026,6.473524784101468,1265,-3.0000764772089368,-3.6308403144075347
5440,276.60499999999996,11.44227958219708,2541.181027071261,168.59804681790803,1953.2285129252407,2543.942976723494,97.92864750817574,74.64059940738848,360.264891973292,6.473731852447643,1265,-3.0000764909990085,-3.630417235893086
5441,276.615,11.442599724101763,2541.1808430721258,168.59563612587772,1953.2327979155828,2543.942856641839,97.92860023877039,74.63879660598153,360.19895233230625,6.473938915790911,1265,-3.0000765047891766,-3.6299941767954147
5442,276.625,11.442919871197802,2541.1806590717783,168.593226251665,1953.237082808756,2543.942736559531,97.92855296927362,74.63699400911455,360.13301428416224,6.474145974131838,1265,-3.0000765185794425,-3.629571137107262
5443,276.635,11.443240023482312,2541.180475070219,168.59081719493028,1953.241367604775,2543.9426164765705,97.92850569968547,74.63519161672663,360.0670778286791,6.474353027470993,1265,-3.0000765323698064,-3.629148116821384
5444,276.645,11.443560180952378,2541.180291067447,168.58840895555915,1953.2456523036478,2543.942496392958,97.92845843000593,74.63338942875681,360.00114296567597,6.4745600758089425,1265,-3.0000765461602676,-3.6287251159305325
5445,276.655,11.443880343605095,2541.1801070634583,168.58600153320984,1953.2499369053874,2543.9423763086925,97.92841116023502,74.6315874451442,359.9352096949721,6.474767119146256,1265,-3.000076559950827,-3.628302134427467
5446,276.66499999999996,11.444200511437584,2541.1799230582537,168.58359492769952,1953.2542214100056,2543.942256223775,97.92836389037271,74.62978566582791,359.8692780163868,6.4749741574835,1265,-3.0000765737414836,-3.6278791723049344
5447,276.67499999999995,11.444520684446955,2541.1797390518323,168.58118913881682,1953.2585058175123,2543.9421361382065,97.928316620419,74.62798409074702,359.80334792973946,6.475181190821239,1265,-3.0000765875322397,-3.627456229555682
5448,276.685,11.444840862630302,2541.179555044191,168.57878416633508,1953.2627901279197,2543.9420160519844,97.92826935037392,74.62618271984071,359.73741943484947,6.475388219160044,1265,-3.000076601323094,-3.6270333061724758
5449,276.695,11.445161045984749,2541.1793710353286,168.57638000992625,1953.2670743412384,2543.9418959651107,97.92822208023748,74.62438155304815,359.6714925315363,6.475595242500479,1265,-3.0000766151140468,-3.6266104021480623
5450,276.705,11.445481234507415,2541.179187025245,168.5739766694774,1953.2713584574806,2543.9417758775844,97.92817481000964,74.62258059030846,359.6055672196194,6.475802260843111,1265,-3.0000766289050986,-3.626187517475198
5451,276.715,11.445801428195438,2541.179003013938,168.57157414472914,1953.2756424766562,2543.941655789407,97.92812753969042,74.6207798315609,359.53964349891845,6.476009274188508,1265,-3.000076642696249,-3.6257646521466422
5452,276.72499999999997,11.446121627045942,2541.1788190014067,168.5691724354076,1953.2799263987777,2543.9415357005773,97.92808026927983,74.61897927674461,359.47372136925304,6.476216282537235,1265,-3.000076656487499,-3.6253418061551526
5453,276.735,11.446441831056053,2541.1786349876493,168.56677154125882,1953.2842102238567,2543.941415611095,97.92803299877788,74.61717892579885,359.40780083044285,6.476423285889859,1265,-3.0000766702788475,-3.624918979493486
5454,276.745,11.446762040222913,2541.178450972665,168.56437146215316,1953.2884939519029,2543.9412955209623,97.92798572818454,74.61537877866286,359.34188188230763,6.476630284246945,1265,-3.0000766840702964,-3.6244961721543882
5455,276.755,11.447082254543652,2541.1782669564514,168.56197219776536,1953.2927775829287,2543.941175430177,97.92793845749983,74.6135788352759,359.2759645246672,6.476837277609059,1265,-3.0000766978618447,-3.6240733841306234
5456,276.765,11.447402474015385,2541.178082939008,168.55957374790057,1953.297061116945,2543.9410553387397,97.92789118672378,74.61177909557725,359.21004875734127,6.477044265976767,1265,-3.0000767116534925,-3.6236506154149555
5457,276.775,11.447722698635319,2541.177898920333,168.5571761123097,1953.301344553963,2543.9409352466505,97.92784391585636,74.6099795595062,359.14413458014985,6.477251249350634,1265,-3.0000767254452407,-3.6232278660001382
5458,276.78499999999997,11.448042928400573,2541.1777149004256,168.5547792908122,1953.3056278939935,2543.94081515391,97.92779664489757,74.60818022700207,359.0782219929128,6.477458227731225,1265,-3.0000767392370893,-3.6228051358789193
5459,276.79499999999996,11.44836316330829,2541.1775308792826,168.55238328309886,1953.309911137049,2543.9406950605176,97.92774937384743,74.60638109800418,359.01231099545026,6.477665201119107,1265,-3.000076753029038,-3.6223824250440853
5460,276.805,11.448683403355638,2541.177346856905,168.5499880890457,1953.3141942831396,2543.9405749664734,97.92770210270592,74.60458217245186,358.94640158758216,6.477872169514842,1265,-3.0000767668210866,-3.621959733488362
5461,276.815,11.4490036485398,2541.177162833292,168.54759370829234,1953.3184773322773,2543.940454871779,97.92765483147305,74.60278345028452,358.8804937691287,6.478079132918998,1265,-3.0000767806132367,-3.6215370612045312
5462,276.825,11.449323898857923,2541.1769788084384,168.54520014067123,1953.3227602844734,2543.9403347764314,97.92760756014884,74.60098493144149,358.81458753991,6.478286091332137,1265,-3.0000767944054876,-3.6211144081853575
5463,276.835,11.449644154307148,2541.176794782347,168.54280738600306,1953.3270431397382,2543.940214680433,97.92756028873329,74.5991866158622,358.74868289974626,6.478493044754825,1265,-3.0000768081978393,-3.620691774423582
5464,276.84499999999997,11.44996441488467,2541.1766107550143,168.540415443929,1953.3313258980834,2543.9400945837842,97.92751301722637,74.59738850348604,358.6827798484578,6.478699993187625,1265,-3.0000768219902922,-3.6202691599119787
5465,276.85499999999996,11.450284680587664,2541.176426726439,168.53802431437313,1953.33560855952,2543.939974486483,97.92746574562811,74.59559059425246,358.6168783858649,6.478906936631103,1265,-3.000076835782847,-3.6198465646433156
5466,276.865,11.450604951413341,2541.17624269662,168.53563399699556,1953.3398911240606,2543.9398543885304,97.9274184739385,74.59379288810091,358.5509785117879,6.479113875085821,1265,-3.0000768495755032,-3.6194239886103436
5467,276.875,11.450925227358843,2541.1760586655564,168.53324449162628,1953.3441735917145,2543.939734289927,97.92737120215756,74.59199538497083,358.4850802260473,6.479320808552342,1265,-3.0000768633682613,-3.619001431805825
5468,276.885,11.45124550842139,2541.1758746332466,168.5308557979744,1953.3484559624933,2543.9396141906723,97.92732393028527,74.59019808480173,358.4191835284636,6.4795277370312325,1265,-3.0000768771611206,-3.61857889422253
5469,276.895,11.451565794598134,2541.1756905996895,168.5284679158491,1953.3527382364096,2543.9394940907673,97.92727665832165,74.58840098753308,358.35328841885723,6.479734660523054,1265,-3.000076890954083,-3.6181563758532027
5470,276.905,11.451886085886269,2541.175506564883,168.52608084504826,1953.357020413473,2543.9393739902107,97.92722938626669,74.58660409310443,358.2873948970489,6.479941579028369,1265,-3.0000769047471474,-3.617733876690641
5471,276.91499999999996,11.452206382283054,2541.175322528825,168.52369458522938,1953.3613024936956,2543.9392538890024,97.92718211412038,74.5848074014553,358.22150296285923,6.480148492547744,1265,-3.000076918540314,-3.6173113967275885
5472,276.92499999999995,11.452526683785624,2541.1751384915156,168.52130913629196,1953.365584477089,2543.9391337871434,97.92713484188276,74.58301091252521,358.15561261610895,6.480355401081739,1265,-3.0000769323335827,-3.6168889359568137
5473,276.935,11.452846990391237,2541.1749544529553,168.51892449793525,1953.369866363663,2543.939013684635,97.92708756955379,74.58121462625378,358.0897238566187,6.480562304630918,1265,-3.000076946126955,-3.6164664943710707
5474,276.945,11.453167302097059,2541.1747704131385,168.51654066998094,1953.3741481534303,2543.938893581474,97.92704029713352,74.57941854258057,358.02383668420947,6.480769203195843,1265,-3.00007695992043,-3.616044071963142
5475,276.955,11.453487618900304,2541.1745863720666,168.51415765214264,1953.3784298464006,2543.9387734776633,97.9269930246219,74.57762266144518,357.9579510987019,6.480976096777075,1265,-3.0000769737140085,-3.615621668725786
5476,276.965,11.453807940798237,2541.1744023297365,168.5117754442232,1953.3827114425856,2543.9386533732004,97.92694575201895,74.57582698278722,357.8920670999171,6.481182985375179,1265,-3.0000769875076894,-3.615199284651782
5477,276.97499999999997,11.454128267788024,2541.17421828615,168.5093940459305,1953.3869929419975,2543.9385332680886,97.92689847932469,74.57403150654635,357.8261846876759,6.481389868990716,1265,-3.0000770013014746,-3.6147769197338646
5478,276.985,11.454448599866927,2541.174034241301,168.50701345713904,1953.3912743446456,2543.9384131623247,97.92685120653911,74.5722362326622,357.76030386179934,6.4815967476242475,1265,-3.000077015095363,-3.614354573964843
5479,276.995,11.454768937032151,2541.1738501951913,168.5046336775983,1953.395555650543,2543.93829305591,97.92680393366221,74.57044116107446,357.6944246221085,6.4818036212763355,1265,-3.000077028889356,-3.61393224733745
5480,277.005,11.455089279280932,2541.1736661478203,168.50225470701503,1953.3998368596997,2543.9381729488455,97.926756660694,74.5686462917228,357.62854696842453,6.482010489947542,1265,-3.0000770426834524,-3.6135099398444757
5481,277.015,11.455409626610523,2541.1734820991846,168.49987654522494,1953.404117972128,2543.9380528411307,97.92670938763447,74.56685162454693,357.56267090056866,6.482217353638427,1265,-3.0000770564776524,-3.6130876514786863
5482,277.025,11.455729979018116,2541.1732980492843,168.49749919192723,1953.408398987838,2543.9379327327656,97.92666211448363,74.56505715948657,357.49679641836207,6.482424212349554,1265,-3.0000770702719572,-3.6126653822328474
5483,277.03499999999997,11.456050336500999,2541.173113998117,168.49512264695477,1953.4126799068401,2543.9378126237493,97.92661484124147,74.56326289648145,357.43092352162597,6.482631066081482,1265,-3.000077084066367,-3.61224313209972
5484,277.04499999999996,11.456370699056418,2541.172929945681,168.4927469100518,1953.4169607291476,2543.9376925140828,97.92656756790802,74.56146883547133,357.36505221018183,6.482837914834773,1265,-3.0000770978608813,-3.6118209010720834
5485,277.055,11.456691066681588,2541.172745891977,168.49037198104446,1953.421241454771,2543.9375724037664,97.92652029448327,74.55967497639598,357.299182483851,6.483044758609988,1265,-3.0000771116555,-3.611398689142714
5486,277.065,11.457011439373813,2541.1725618370015,168.48799785960145,1953.4255220837204,2543.9374522927997,97.9264730209672,74.5578813191952,357.23331434245483,6.483251597407686,1265,-3.0000771254502245,-3.6109764963043687
5487,277.075,11.457331817130301,2541.1723777807533,168.48562454558194,1953.4298026160072,2543.9373321811813,97.92642574735983,74.55608786380878,357.16744778581494,6.48345843122843,1265,-3.0000771392450534,-3.610554322549837
5488,277.085,11.45765219994833,2541.172193723233,168.48325203873372,1953.4340830516426,2543.937212068915,97.92637847366116,74.55429461017656,357.1015828137528,6.483665260072777,1265,-3.000077153039988,-3.610132167871873
5489,277.09499999999997,11.457972587825163,2541.1720096644376,168.4808803387893,1953.4383633906393,2543.937091955998,97.92633119987119,74.55250155823836,357.03571942609017,6.483872083941289,1265,-3.000077166835028,-3.6097100322632496
5490,277.10499999999996,11.458292980758074,2541.171825604365,168.47850944558795,1953.4426436330064,2543.9369718424296,97.92628392598994,74.55070870793402,356.96985762264853,6.4840789028345265,1265,-3.0000771806301745,-3.6092879157167603
5491,277.115,11.458613378744309,2541.1716415430164,168.47613935887196,1953.4469237787557,2543.9368517282123,97.92623665201738,74.54891605920346,356.90399740324966,6.484285716753049,1265,-3.000077194425426,-3.6088658182251514
5492,277.125,11.458933781781203,2541.1714574803873,168.47377007837935,1953.4512038278988,2543.936731613344,97.92618937795353,74.54712361198655,356.8381387677153,6.484492525697415,1265,-3.0000772082207843,-3.608443739781222
5493,277.135,11.459254189865984,2541.1712734164785,168.4714016038705,1953.4554837804462,2543.936611497826,97.92614210379838,74.54533136622317,356.77228171586734,6.484699329668184,1265,-3.000077222016248,-3.60802168037772
5494,277.145,11.45957460299596,2541.1710893512886,168.46903393523667,1953.45976363641,2543.9364913816585,97.92609482955197,74.54353932185327,356.70642624752753,6.484906128665916,1265,-3.0000772358118186,-3.607599640007445
5495,277.155,11.459895021168387,2541.1709052848164,168.46666707210602,1953.4640433957998,2543.9363712648415,97.92604755521427,74.54174747881679,356.64057236251796,6.485112922691171,1265,-3.0000772496074957,-3.6071776186631523
5496,277.16499999999996,11.460215444380571,2541.170721217059,168.46430101438625,1953.4683230586281,2543.936251147374,97.92600028078527,74.53995583705367,356.57472006066047,6.485319711744505,1265,-3.0000772634032797,-3.606755616337623
5497,277.17499999999995,11.460535872629812,2541.1705371480166,168.4619357617359,1953.4726026249052,2543.9361310292575,97.925953006265,74.5381643965039,356.50886934177714,6.485526495826479,1265,-3.0000772771991704,-3.60633363302364
5498,277.185,11.460856305913406,2541.1703530776867,168.4595713139375,1953.4768820946429,2543.936010910491,97.92590573165346,74.53637315710748,356.44302020569006,6.48573327493765,1265,-3.0000772909951685,-3.6059116687139734
5499,277.195,11.461176744228657,2541.17016900607,168.45720767083856,1953.4811614678517,2543.935890791075,97.92585845695064,74.53458211880438,356.37717265222136,6.485940049078579,1265,-3.000077304791273,-3.6054897234014036
5500,277.205,11.461497187572839,2541.169984933162,168.45484483215526,1953.485440744543,2543.935770671009,97.92581118215654,74.53279128153466,356.31132668119324,6.486146818249822,1265,-3.0000773185874863,-3.605067797078699
5501,277.215,11.461817635943326,2541.1698008589647,168.45248279768896,1953.4897199247275,2543.935650550294,97.92576390727116,74.53100064523835,356.2454822924279,6.4863535824519385,1265,-3.0000773323838064,-3.604645889738648
5502,277.22499999999997,11.462138089337365,2541.1696167834743,168.4501215672204,1953.4939990084176,2543.9355304289297,97.92571663229451,74.52921020985552,356.17963948574766,6.486560341685484,1265,-3.000077346180235,-3.6042240013740217
5503,277.235,11.462458547752288,2541.1694327066903,168.44776114047093,1953.4982779956226,2543.935410306916,97.9256693572266,74.52741997532623,356.1137982609749,6.486767095951019,1265,-3.000077359976771,-3.6038021319775924
5504,277.245,11.462779011185416,2541.169248628612,168.4454015172127,1953.5025568863548,2543.935290184253,97.92562208206742,74.52562994159058,356.047958617932,6.4869738452491,1265,-3.000077373773416,-3.6033802815421647
5505,277.255,11.463099479634089,2541.169064549236,168.4430426973359,1953.5068356806241,2543.9351700609395,97.92557480681697,74.52384010858866,355.98212055644143,6.4871805895802845,1265,-3.000077387570168,-3.602958450060488
5506,277.265,11.463419953095608,2541.1688804685623,168.44068468047527,1953.511114378443,2543.9350499369775,97.92552753147527,74.52205047626062,355.91628407632567,6.487387328945129,1265,-3.00007740136703,-3.6025366375253594
5507,277.275,11.463740431567322,2541.1686963865895,168.4383274664449,1953.515392979821,2543.9349298123657,97.92548025604229,74.52026104454659,355.85044917740726,6.487594063344192,1265,-3.0000774151639997,-3.602114843929559
5508,277.28499999999997,11.464060915046547,2541.168512303318,168.43597105509568,1953.5196714847718,2543.934809687106,97.92543298051807,74.51847181338672,355.78461585950885,6.487800792778029,1265,-3.0000774289610783,-3.6016930692658513
5509,277.29499999999996,11.464381403530632,2541.1683282187428,168.4336154460696,1953.5239498933033,2543.9346895611957,97.92538570490258,74.51668278272122,355.71878412245314,6.4880075172471985,1265,-3.000077442758266,-3.6012713135270373
5510,277.305,11.464701897016912,2541.1681441328656,168.43126063922392,1953.5282282054295,2543.934569434637,97.92533842919585,74.51489395249024,355.65295396606285,6.488214236752255,1265,-3.0000774565555632,-3.6008495767058855
5511,277.315,11.465022395502729,2541.1679600456837,168.4289066343619,1953.5325064211593,2543.934449307429,97.92529115339785,74.513105322634,355.5871253901606,6.488420951293756,1265,-3.0000774703529696,-3.6004278587951832
5512,277.325,11.465342898985464,2541.1677759571967,168.42655343114274,1953.5367845405044,2543.934329179573,97.92524387750862,74.51131689309275,355.52129839456944,6.4886276608722575,1265,-3.0000774841504856,-3.6000061597877027
5513,277.335,11.46566340746242,2541.167591867401,168.42420102942654,1953.5410625634763,2543.934209051067,97.92519660152813,74.50952866380672,355.4554729791121,6.488834365488316,1265,-3.0000774979481117,-3.5995844796762464
5514,277.34499999999997,11.465983920930965,2541.167407776298,168.42184942899928,1953.5453404900852,2543.934088921912,97.9251493254564,74.50774063471616,355.3896491436115,6.489041065142487,1265,-3.0000775117458476,-3.5991628184535776
5515,277.35499999999996,11.466304439388473,2541.167223683886,168.41949862959825,1953.5496183203434,2543.933968792109,97.92510204929343,74.50595280576135,355.32382688789073,6.489247759835326,1265,-3.0000775255436936,-3.5987411761124917
5516,277.365,11.466624962832304,2541.1670395901606,168.4171486309898,1953.553896054261,2543.9338486616566,97.92505477303921,74.5041651768826,355.2580062117728,6.489454449567389,1265,-3.0000775393416492,-3.598319552645765
5517,277.375,11.46694549125979,2541.1668554951243,168.41479943300413,1953.5581736918489,2543.9337285305555,97.92500749669375,74.50237774802018,355.1921871150807,6.489661134339232,1265,-3.000077553139716,-3.5978979480461977
5518,277.385,11.467266024668364,2541.1666713987734,168.41245103532538,1953.5624512331183,2543.9336083988055,97.92496022025706,74.50059051911445,355.1263695976377,6.48986781415141,1265,-3.0000775669378923,-3.597476362306555
5519,277.395,11.467586563055335,2541.1664873011077,168.4101034378269,1953.5667286780813,2543.9334882664075,97.92491294372914,74.49880349010576,355.06055365926693,6.490074489004476,1265,-3.00007758073618,-3.597054795419634
5520,277.405,11.467907106418144,2541.166303202125,168.40775664018759,1953.5710060267481,2543.93336813336,97.92486566710997,74.49701666093445,354.9947392997916,6.490281158898987,1265,-3.000077594534579,-3.596633247378205
5521,277.41499999999996,11.468227654754088,2541.166119101825,168.40541064228228,1953.5752832791295,2543.9332479996647,97.92481839039957,74.49523003154088,354.9289265190351,6.490487823835498,1265,-3.000077608333089,-3.596211718175081
5522,277.42499999999995,11.468548208060627,2541.165935000205,168.40306544376492,1953.579560435237,2543.9331278653203,97.92477111359794,74.4934436018655,354.8631153168207,6.490694483814564,1265,-3.00007762213171,-3.595790207803026
5523,277.435,11.468868766335111,2541.165750897266,168.4007210445352,1953.583837495081,2543.933007730329,97.92472383670508,74.49165737184865,354.79730569297186,6.490901138836737,1265,-3.0000776359304426,-3.595368716254835
5524,277.445,11.46918932957495,2541.165566793004,168.39837744426387,1953.5881144586735,2543.9328875946876,97.92467655972101,74.4898713414308,354.73149764731204,6.491107788902573,1265,-3.000077649729287,-3.5949472435232943
5525,277.455,11.469509897777524,2541.1653826874194,168.39603464282553,1953.5923913260249,2543.9327674583988,97.92462928264571,74.48808551055237,354.66569117966475,6.491314434012626,1265,-3.0000776635282427,-3.594525789601188
5526,277.465,11.469830470940218,2541.165198580509,168.39369263991995,1953.5966680971462,2543.9326473214605,97.9245820054792,74.48629987915385,354.59988628985354,6.491521074167449,1265,-3.0000776773273117,-3.5941043544813143
5527,277.47499999999997,11.470151049060446,2541.165014472274,168.39135143536137,1953.6009447720485,2543.9325271838757,97.92453472822145,74.4845144471757,354.534082977702,6.491727709367598,1265,-3.0000776911264913,-3.5936829381564572
5528,277.485,11.47047163213565,2541.1648303627103,168.38901102891862,1953.6052213507428,2543.932407045641,97.92448745087249,74.4827292145584,354.4682812430338,6.491934339613623,1265,-3.0000777049257845,-3.5932615406193955
5529,277.495,11.470792220163192,2541.1646462518183,168.38667142034456,1953.6094978332399,2543.9322869067587,97.92444017343232,74.48094418124249,354.4024810856727,6.492140964906081,1265,-3.0000777187251892,-3.5928401618629393
5530,277.505,11.471112813140492,2541.1644621395967,168.38433260942415,1953.613774219551,2543.9321667672284,97.92439289590094,74.47915934716848,354.33668250544247,6.492347585245523,1265,-3.0000777325247068,-3.5924188018798597
5531,277.515,11.471433411064968,2541.164278026044,168.38199459595756,1953.6180505096884,2543.9320466270506,97.92434561827832,74.4773747122769,354.2708855021669,6.492554200632504,1265,-3.0000777463243375,-3.591997460662956
5532,277.525,11.47175401393405,2541.164093911158,168.37965737971365,1953.6223267036605,2543.9319264862233,97.92429834056452,74.47559027650831,354.20509007566994,6.4927608110675745,1265,-3.000077760124081,-3.5915761382050193
5533,277.53499999999997,11.47207462174517,2541.1639097949387,168.3773209604051,1953.62660280148,2543.9318063447495,97.92425106275951,74.47380603980332,354.1392962257754,6.492967416551289,1265,-3.0000777739239384,-3.5911548344988353
5534,277.54499999999996,11.47239523449571,2541.163725677384,168.37498533790497,1953.6308788031577,2543.931686202627,97.92420378486328,74.47202200210248,354.0735039523074,6.4931740170842,1265,-3.0000777877239084,-3.5907335495372013
5535,277.555,11.47271585218314,2541.163541558493,168.3726505119268,1953.6351547087038,2543.9315660598577,97.92415650687587,74.47023816334642,354.0077132550899,6.493380612666859,1265,-3.000077801523992,-3.5903122833129038
5536,277.565,11.473036474804895,2541.163357438263,168.37031648228066,1953.6394305181307,2543.9314459164398,97.92410922879725,74.46845452347577,353.941924133947,6.493587203299819,1265,-3.00007781532419,-3.5898910358187384
5537,277.575,11.473357102358396,2541.1631733166937,168.3679832486743,1953.6437062314478,2543.931325772374,97.92406195062743,74.46667108243116,353.87613658870293,6.493793788983633,1265,-3.000077829124501,-3.589469807047502
5538,277.585,11.473677734841091,2541.1629891937832,168.36565081096597,1953.6479818486675,2543.93120562766,97.92401467236641,74.46488784015327,353.81035061918175,6.494000369718851,1265,-3.0000778429249273,-3.589048596991991
5539,277.59499999999997,11.473998372250433,2541.162805069532,168.36331916891865,1953.6522573698003,2543.9310854822993,97.92396739401418,74.46310479658275,353.7445662252078,6.4942069455060265,1265,-3.000077856725467,-3.588627405644975
5540,277.60499999999996,11.474319014583822,2541.162620943937,168.36098832229143,1953.6565327948558,2543.9309653362902,97.9239201155708,74.46132195166031,353.6787834066053,6.49441351634571,1265,-3.0000778705261215,-3.5882062329992763
5541,277.615,11.474639661838776,2541.162436816997,168.35865827083276,1953.660808123848,2543.930845189634,97.9238728370362,74.45953930532666,353.6130021631987,6.494620082238453,1265,-3.0000778843268905,-3.58778507904768
5542,277.625,11.474960314012716,2541.1622526887104,168.35632901440474,1953.6650833567844,2543.93072504233,97.9238255584104,74.45775685752251,353.5472224948123,6.4948266431848065,1265,-3.000077898127774,-3.587363943782972
5543,277.635,11.475280971103118,2541.162068559078,168.35400055271228,1953.6693584936784,2543.9306048943795,97.92377827969344,74.45597460818863,353.4814444012706,6.495033199185324,1265,-3.000077911928773,-3.5869428271979578
5544,277.645,11.475601633107393,2541.161884428095,168.35167288550716,1953.6736335345395,2543.93048474578,97.92373100088527,74.45419255726574,353.4156678823981,6.495239750240554,1265,-3.000077925729886,-3.5865217292854368
5545,277.655,11.47592230002309,2541.1617002957637,168.34934601263325,1953.6779084793798,2543.9303645965347,97.92368372198594,74.45241070469464,353.3498929380194,6.495446296351047,1265,-3.0000779395311157,-3.586100650038196
5546,277.66499999999996,11.476242971847606,2541.16151616208,168.3470199338258,1953.6821833282106,2543.930244446641,97.92363644299542,74.45062905041611,353.28411956795907,6.495652837517357,1265,-3.00007795333246,-3.585679589449035
5547,277.67499999999995,11.476563648578463,2541.1613320270435,168.3446946488953,1953.686458081041,2543.9301242961005,97.92358916391372,74.44884759437096,353.21834777204185,6.495859373740029,1265,-3.000077967133921,-3.585258547510743
5548,277.685,11.476884330213103,2541.1611478906525,168.34237015761963,1953.690732737884,2543.930004144912,97.92354188474086,74.44706633650003,353.15257755009236,6.496065905019618,1265,-3.000077980935497,-3.584837524216135
5549,277.695,11.47720501674902,2541.160963752907,168.3400464597554,1953.695007298748,2543.9298839930775,97.9234946054768,74.44528527674413,353.0868089019354,6.496272431356673,1265,-3.000077994737189,-3.584416519558005
5550,277.705,11.477525708183697,2541.1607796138037,168.33772355504914,1953.6992817636467,2543.929763840594,97.92344732612159,74.44350441504415,353.02104182739583,6.496478952751744,1265,-3.0000780085389978,-3.583995533529139
5551,277.715,11.477846404514615,2541.160595473343,168.33540144333097,1953.7035561325886,2543.929643687465,97.9234000466752,74.44172375134093,352.9552763262985,6.496685469205379,1265,-3.0000780223409222,-3.583574566122343
5552,277.72499999999997,11.478167105739278,2541.1604113315234,168.33308012434745,1953.7078304055872,2543.9295235336895,97.92335276713764,74.4399432855754,352.88951239846836,6.49689198071813,1265,-3.0000780361429635,-3.5831536173304053
5553,277.735,11.47848781185519,2541.1602271883417,168.3307595979197,1953.7121045826505,2543.9294033792653,97.92330548750891,74.43816301768842,352.82375004373034,6.497098487290544,1265,-3.000078049945121,-3.582732687146153
5554,277.745,11.47880852285981,2541.1600430437984,168.3284398637684,1953.7163786637927,2543.929283224195,97.92325820778903,74.43638294762097,352.75798926190953,6.497304988923173,1265,-3.000078063747396,-3.5823117755623635
5555,277.755,11.479129238750648,2541.1598588978923,168.3261209217214,1953.7206526490218,2543.929163068478,97.92321092797798,74.43460307531394,352.69223005283095,6.497511485616565,1265,-3.000078077549788,-3.5818908825718427
5556,277.765,11.479449959525247,2541.1596747506205,168.32380277155033,1953.7249265383507,2543.929042912114,97.92316364807577,74.43282340070833,352.6264724163198,6.497717977371269,1265,-3.000078091352297,-3.581470008167391
5557,277.775,11.479770685181052,2541.1594906019827,168.32148541299188,1953.7292003317884,2543.9289227551026,97.92311636808239,74.43104392374507,352.56071635220127,6.497924464187833,1265,-3.0000781051549237,-3.5810491523418064
5558,277.78499999999997,11.48009141571564,2541.1593064519775,168.3191688458484,1953.7334740293477,2543.928802597445,97.92306908799789,74.42926464436516,352.4949618603006,6.498130946066807,1265,-3.0000781189576684,-3.580628315087907
5559,277.79499999999996,11.480412151126485,2541.159122300604,168.31685306991582,1953.7377476310392,2543.928682439141,97.9230218078222,74.42748556250963,352.429208940443,6.4983374230087385,1265,-3.0000781327605295,-3.5802074963984727
5560,277.805,11.480732891411142,2541.15893814786,168.31453808494052,1953.7420211368728,2543.928562280191,97.92297452755537,74.42570667811947,352.3634575924539,6.498543895014176,1265,-3.0000781465635096,-3.5797866962663165
5561,277.815,11.481053636567063,2541.158753993745,168.31222389073972,1953.7462945468594,2543.9284421205934,97.92292724719739,74.42392799113574,352.2977078161587,6.498750362083669,1265,-3.000078160366608,-3.5793659146842334
5562,277.825,11.481374386591863,2541.1585698382573,168.30991048703856,1953.7505678610114,2543.9283219603494,97.92287996674827,74.42214950149949,352.23195961138276,6.498956824217764,1265,-3.0000781741698237,-3.578945151645046
5563,277.835,11.481695141483005,2541.158385681394,168.30759787363772,1953.7548410793383,2543.9282017994583,97.922832686208,74.4203712091518,352.1662129779517,6.499163281417009,1265,-3.0000781879731586,-3.57852440714154
5564,277.84499999999997,11.482015901238043,2541.158201523156,168.30528605037577,1953.7591142018512,2543.928081637921,97.92278540557659,74.41859311403373,352.10046791569096,6.499369733681952,1265,-3.0000782017766117,-3.578103681166536
5565,277.85499999999996,11.482336665854524,2541.1580173635416,168.30297501696847,1953.763387228562,2543.927961475738,97.92273812485402,74.41681521608639,352.03472442442626,6.499576181013141,1265,-3.0000782155801846,-3.577682973712815
5566,277.865,11.482657435329985,2541.1578332025497,168.30066477317678,1953.7676601594803,2543.927841312909,97.92269084404033,74.41503751525093,351.96898250398317,6.4997826234111225,1265,-3.0000782293838757,-3.577262284773202
5567,277.875,11.482978209661937,2541.1576490401762,168.2983553188314,1953.7719329946176,2543.927721149432,97.92264356313551,74.41326001146847,351.90324215418747,6.499989060876444,1265,-3.000078243187686,-3.5768416143404966
5568,277.885,11.483298988847977,2541.1574648764235,168.29604665370596,1953.7762057339842,2543.92760098531,97.92259628213952,74.41148270468014,351.83750337486487,6.500195493409652,1265,-3.000078256991616,-3.576420962407505
5569,277.895,11.483619772885612,2541.157280711288,168.2937387775346,1953.7804783775925,2543.927480820541,97.92254900105245,74.40970559482716,351.7717661658412,6.500401921011295,1265,-3.0000782707956652,-3.576000328967023
5570,277.905,11.483940561772448,2541.1570965447695,168.29143169014787,1953.7847509254514,2543.9273606551264,97.9225017198742,74.40792868185066,351.7060305269423,6.500608343681918,1265,-3.0000782845998346,-3.5755797140118797
5571,277.91499999999996,11.484261355505978,2541.156912376865,168.28912539128925,1953.7890233775734,2543.927240489065,97.92245443860483,74.40615196569188,351.6402964579941,6.500814761422068,1265,-3.000078298404123,-3.575159117534854
5572,277.92499999999995,11.484582154083808,2541.1567282075753,168.28681988076073,1953.7932957339685,2543.927120322359,97.92240715724434,74.40437544629204,351.57456395882264,6.501021174232292,1265,-3.0000783122085317,-3.574738539528785
5573,277.935,11.484902957503472,2541.1565440368986,168.2845151583252,1953.7975679946476,2543.9270001550058,97.92235987579274,74.40259912359234,351.5088330292539,6.501227582113136,1265,-3.0000783260130603,-3.5743179799864544
5574,277.945,11.485223765762552,2541.156359864832,168.28221122378898,1953.8018401596219,2543.926879987007,97.92231259424999,74.40082299753405,351.44310366911384,6.501433985065145,1265,-3.0000783398177098,-3.573897438900675
5575,277.955,11.485544578858628,2541.1561756913757,168.27990807691555,1953.8061122289007,2543.9267598183615,97.92226531261615,74.39904706805845,351.3773758782287,6.5016403830888665,1265,-3.0000783536224795,-3.573476916264267
5576,277.965,11.485865396789285,2541.155991516527,168.27760571747143,1953.810384202498,2543.9266396490702,97.92221803089116,74.39727133510681,351.31164965642466,6.501846776184845,1265,-3.0000783674273706,-3.573056412070038
5577,277.97499999999997,11.486186219552062,2541.1558073402875,168.27530414524009,1953.8146560804223,2543.9265194791346,97.92217074907506,74.39549579862043,351.24592500352793,6.502053164353626,1265,-3.000078381232382,-3.572635926310788
5578,277.985,11.486507047144556,2541.1556231626523,168.27300336004927,1953.8189278626849,2543.9263993085515,97.92212346716786,74.39372045854064,351.1802019193648,6.502259547595756,1265,-3.0000783950375145,-3.5722154589793265
5579,277.995,11.486827879564368,2541.1554389836215,168.27070336165863,1953.8231995492963,2543.9262791373235,97.92207618516954,74.39194531480875,351.1144804037616,6.50246592591178,1265,-3.000078408842769,-3.571795010068473
5580,278.005,11.487148716809074,2541.1552548031937,168.2684041497944,1953.827471140269,2543.926158965449,97.9220289030801,74.39017036736614,351.0487604565447,6.502672299302241,1265,-3.0000784226481447,-3.5713745795710334
5581,278.015,11.48746955887628,2541.155070621369,168.26610572423334,1953.831742635612,2543.92603879293,97.92198162089956,74.38839561615414,350.9830420775406,6.502878667767687,1265,-3.000078436453642,-3.570954167479824
5582,278.025,11.487790405763553,2541.1548864381443,168.26380808483,1953.8360140353357,2543.9259186197655,97.92193433862792,74.38662106111416,350.9173252665757,6.503085031308661,1265,-3.0000784502592612,-3.570533773787653
5583,278.03499999999997,11.488111257468521,2541.1547022535187,168.26151123137345,1953.8402853394532,2543.9257984459546,97.92188705626515,74.38484670218757,350.8516100234766,6.5032913899257085,1265,-3.0000784640650022,-3.5701133984873263
5584,278.04499999999996,11.488432113988761,2541.1545180674907,168.25921516353654,1953.8445565479742,2543.925678271498,97.9218397738113,74.38307253931582,350.78589634806985,6.503497743619373,1265,-3.000078477870865,-3.5696930415716652
5585,278.055,11.488752975321901,2541.1543338800598,168.2569198812281,1953.8488276609085,2543.9255580963973,97.92179249126634,74.3812985724403,350.72018424018216,6.503704092390199,1265,-3.0000784916768506,-3.569272703033475
5586,278.065,11.489073841465542,2541.1541496912237,168.25462538413404,1953.8530986782685,2543.9254379206504,97.9217452086303,74.3795248015025,350.65447369964016,6.503910436238731,1265,-3.000078505482959,-3.5688523828655745
5587,278.075,11.489394712417297,2541.153965500982,168.25233167204954,1953.8573696000642,2543.925317744258,97.92169792590315,74.37775122644385,350.58876472627065,6.504116775165512,1265,-3.0000785192891892,-3.5684320810607804
5588,278.085,11.489715588174786,2541.153781309331,168.25003874483522,1953.8616404263066,2543.9251975672196,97.9216506430849,74.37597784720583,350.5230573199004,6.504323109171086,1265,-3.0000785330955426,-3.5680117976119003
5589,278.09499999999997,11.490036468735596,2541.153597116273,168.2477466021836,1953.8659111570062,2543.9250773895374,97.92160336017557,74.37420466372996,350.4573514803562,6.5045294382559975,1265,-3.0000785469020195,-3.5675915325117495
5590,278.10499999999996,11.490357354097405,2541.153412921805,168.24545524387995,1953.8701817921744,2543.9249572112094,97.92155607717513,74.37243167595771,350.39164720746504,6.50473576242079,1265,-3.000078560708619,-3.5671712857531346
5591,278.115,11.490678244257797,2541.1532287259242,168.2431646697248,1953.8744523318214,2543.9248370322357,97.92150879408362,74.37065888383064,350.32594450105387,6.504942081666004,1265,-3.000078574515342,-3.566751057328886
5592,278.125,11.490999139214425,2541.1530445286326,168.24087487952963,1953.878722775959,2543.924716852618,97.92146151090103,74.3688862872903,350.2602433609497,6.505148395992187,1265,-3.0000785883221885,-3.5663308472318156
5593,278.135,11.491320038964934,2541.1528603299253,168.23858587306702,1953.8829931245964,2543.9245966723547,97.92141422762734,74.36711388627822,350.1945437869795,6.5053547053998795,1265,-3.0000786021291592,-3.565910655454729
5594,278.145,11.491640943506933,2541.1526761298023,168.2362976500713,1953.8872633777469,2543.924476491446,97.92136694426257,74.36534168073601,350.1288457789705,6.505561009889624,1265,-3.0000786159362534,-3.565490481990466
5595,278.155,11.49196185283806,2541.152491928263,168.2340102103926,1953.8915335354184,2543.9243563098926,97.92131966080672,74.36356967060522,350.06314933674986,6.505767309461964,1265,-3.000078629743472,-3.5650703268318176
5596,278.16499999999996,11.492282766955972,2541.1523077253055,168.2317235537542,1953.8958035976232,2543.9242361276943,97.92127237725978,74.3617978558275,349.99745446014464,6.505973604117441,1265,-3.0000786435508147,-3.564650189971619
5597,278.17499999999995,11.492603685858334,2541.1521235209298,168.22943767993513,1953.9000735643715,2543.9241159448516,97.92122509362179,74.36002623634445,349.9317611489823,6.506179893856599,1265,-3.000078657358281,-3.564230071402673
5598,278.185,11.492924609542769,2541.1519393151316,168.22715258878654,1953.9043434356745,2543.9239957613636,97.9211778098927,74.35825481209773,349.86606940309,6.506386178679978,1265,-3.000078671165873,-3.5638099711178084
5599,278.195,11.49324553800693,2541.1517551079123,168.22486828003463,1953.9086132115435,2543.923875577231,97.92113052607256,74.35648358302898,349.80037922229525,6.5065924585881225,1265,-3.0000786849735896,-3.5633898891098448
5600,278.205,11.493566471248492,2541.1515708992692,168.222584753456,1953.912882891988,2543.923755392453,97.92108324216133,74.35471254907986,349.7346906064253,6.506798733581572,1265,-3.000078698781431,-3.5629698253715922
5601,278.215,11.493887409265131,2541.151386689202,168.22030200887093,1953.9171524770197,2543.9236352070316,97.92103595815904,74.35294171019211,349.66900355530777,6.50700500366087,1265,-3.0000787125893975,-3.562549779895872
5602,278.22499999999997,11.494208352054482,2541.151202477707,168.21802004603563,1953.9214219666492,2543.923515020964,97.92098867406568,74.35117106630739,349.60331806877014,6.507211268826557,1265,-3.00007872639749,-3.5621297526755087
5603,278.235,11.494529299614205,2541.151018264787,168.21573886471373,1953.925691360887,2543.923394834254,97.92094138988126,74.34940061736744,349.5376341466399,6.507417529079174,1265,-3.0000787402057076,-3.561709743703323
5604,278.245,11.494850251941996,2541.150834050436,168.21345846474344,1953.9299606597444,2543.923274646897,97.9208941056058,74.34763036331398,349.47195178874483,6.507623784419263,1265,-3.0000787540140506,-3.5612897529721366
5605,278.255,11.495171209035526,2541.1506498346566,168.21117884584623,1953.9342298632316,2543.9231544588974,97.92084682123925,74.3458603040888,349.4062709949125,6.507830034847363,1265,-3.0000787678225196,-3.5608697804747544
5606,278.265,11.495492170892458,2541.150465617445,168.20890000785306,1953.938498971359,2543.9230342702526,97.92079953678166,74.34409043963363,349.34059176497067,6.508036280364018,1265,-3.000078781631114,-3.5604498262040227
5607,278.275,11.495813137510494,2541.150281398801,168.2066219505565,1953.9427679841392,2543.9229140809634,97.920752252233,74.34232076989029,349.2749140987471,6.508242520969767,1265,-3.0000787954398356,-3.5600298901527503
5608,278.28499999999997,11.496134108887292,2541.1500971787223,168.20434467367926,1953.9470369015803,2543.9227938910294,97.92070496759328,74.34055129480058,349.2092379960697,6.508448756665151,1265,-3.000078809248683,-3.559609972313759
5609,278.29499999999996,11.496455085020585,2541.1499129572094,168.2020681770291,1953.9513057236954,2543.922673700452,97.92065768286253,74.33878201430628,349.1435634567663,6.50865498745071,1265,-3.000078823057657,-3.559190072679867
5610,278.305,11.496776065908028,2541.1497287342577,168.19979246044085,1953.955574450494,2543.9225535092287,97.92061039804072,74.33701292834924,349.07789048066473,6.508861213326983,1265,-3.000078836866758,-3.5587701912439065
5611,278.315,11.497097051547328,2541.149544509871,168.19751752356225,1953.9598430819874,2543.9224333173634,97.92056311312786,74.33524403687134,349.0122190675931,6.509067434294513,1265,-3.000078850675986,-3.5583503279986908
5612,278.325,11.497418041936179,2541.1493602840433,168.19524336637542,1953.9641116181856,2543.922313124853,97.92051582812395,74.33347533981441,348.9465492173794,6.509273650353838,1265,-3.000078864485341,-3.5579304829370497
5613,278.335,11.497739037072279,2541.149176056775,168.1929699884815,1953.9683800590988,2543.922192931699,97.920468543029,74.33170683712036,348.8808809298518,6.509479861505497,1265,-3.0000788782948224,-3.5575106560518144
5614,278.34499999999997,11.498060036953373,2541.1489918280654,168.19069738978214,1953.97264840474,2543.9220727379006,97.92042125784302,74.32993852873106,348.81521420483836,6.509686067750032,1265,-3.0000788921044323,-3.557090847335798
5615,278.35499999999996,11.498381041577103,2541.1488075979123,168.18842557003805,1953.9769166551184,2543.9219525434582,97.920373972566,74.32817041458846,348.7495490421673,6.509892269087979,1265,-3.0000789059141693,-3.556671056781825
5616,278.365,11.49870205094124,2541.1486233663136,168.186154528945,1953.981184810245,2543.9218323483715,97.92032668719793,74.32640249463446,348.6838854416668,6.51009846551988,1265,-3.0000789197240345,-3.5562512843827365
5617,278.375,11.499023065043463,2541.1484391332697,168.18388426641633,1953.9854528701296,2543.9217121526412,97.92027940173882,74.32463476881102,348.6182234031653,6.510304657046273,1265,-3.0000789335340277,-3.5558315301313375
5618,278.385,11.499344083881512,2541.1482548987783,168.18161478214182,1953.9897208347847,2543.9215919562666,97.9202321161887,74.32286723706011,348.552562926491,6.5105108436676975,1265,-3.0000789473441487,-3.5554117940204666
5619,278.395,11.499665107453113,2541.148070662837,168.1793460759725,1953.9939887042194,2543.9214717592477,97.92018483054753,74.3210998993237,348.48690401147235,6.510717025384691,1265,-3.000078961154398,-3.554992076042955
5620,278.405,11.49998613575597,2541.1478864254473,168.17707814761553,1953.9982564784455,2543.921351561585,97.92013754481533,74.31933275554378,348.42124665793784,6.5109232021977945,1265,-3.000078974964776,-3.5545723761916137
5621,278.41499999999996,11.500307168787828,2541.147702186606,168.17481099690502,1954.0025241574733,2543.9212313632797,97.9200902589921,74.31756580566237,348.3555908657159,6.511129374107544,1265,-3.0000789887752832,-3.554152694459283
5622,278.42499999999995,11.500628206546407,2541.147517946312,168.17254462360665,1954.0067917413137,2543.9211111643303,97.92004297307786,74.3157990496215,348.28993663463507,6.511335541114479,1265,-3.000079002585918,-3.5537330308387856
5623,278.435,11.500949249029489,2541.147333704564,168.1702790275313,1954.0110592299773,2543.920990964738,97.91999568707259,74.31403248736319,348.22428396452403,6.5115417032191365,1265,-3.0000790163966826,-3.553313385322947
5624,278.445,11.501270296234729,2541.147149461361,168.16801420847372,1954.0153266234731,2543.920870764501,97.91994840097628,74.31226611882953,348.1586328552114,6.511747860422055,1265,-3.0000790302075764,-3.552893757904597
5625,278.455,11.501591348159954,2541.1469652167025,168.16575016619504,1954.0195939218152,2543.920750563622,97.91990111478897,74.31049994396258,348.09298330652587,6.511954012723773,1265,-3.0000790440185994,-3.5524741485765667
5626,278.465,11.501912404802859,2541.146780970584,168.16348690044356,1954.023861125011,2543.920630362097,97.91985382851065,74.30873396270442,348.02733531829625,6.512160160124828,1265,-3.000079057829752,-3.552054557331691
5627,278.47499999999997,11.5022334661612,2541.1465967230074,168.16122441099796,1954.0281282330734,2543.9205101599305,97.9198065421413,74.30696817499717,347.96168889035135,6.512366302625757,1265,-3.000079071641035,-3.5516349841627877
5628,278.485,11.502554532232775,2541.1464124739714,168.1589626977353,1954.032395246013,2543.920389957121,97.91975925568094,74.30520258078295,347.8960440225199,6.512572440227097,1265,-3.000079085452447,-3.5512154290626983
5629,278.495,11.502875603015275,2541.1462282234734,168.15670176039413,1954.0366621638386,2543.9202697536684,97.91971196912958,74.30343718000391,347.8304007146309,6.512778572929386,1265,-3.0000790992639894,-3.5507958920242353
5630,278.505,11.50319667850649,2541.14604397151,168.15444159875176,1954.0409289865624,2543.92014954957,97.91966468248721,74.3016719726022,347.76475896651334,6.512984700733161,1265,-3.0000791130756626,-3.5503763730402604
5631,278.515,11.5035177587042,2541.1458597180836,168.15218221261668,1954.0451957141952,2543.9200293448303,97.91961739575382,74.29990695851997,347.6991187779962,6.513190823638958,1265,-3.0000791268874654,-3.5499568721035795
5632,278.525,11.503838843606168,2541.1456754631913,168.14992360172138,1954.0494623467473,2543.919909139446,97.91957010892943,74.29814213769941,347.6334801489085,6.513396941647313,1265,-3.0000791406993996,-3.549537389207029
5633,278.53499999999997,11.504159933210127,2541.145491206831,168.14766576588488,1954.0537288842288,2543.9197889334196,97.91952282201405,74.29637751008276,347.56784307907947,6.513603054758765,1265,-3.000079154511464,-3.54911792434345
5634,278.54499999999996,11.50448102751389,2541.1453069490035,168.14540870488912,1954.0579953266513,2543.91966872675,97.91947553500765,74.29461307561219,347.5022075683381,6.513809162973848,1265,-3.0000791683236594,-3.548698477505666
5635,278.555,11.504802126515203,2541.145122689706,168.14315241848027,1954.0622616740245,2543.9195485194377,97.91942824791026,74.29284883422997,347.4365736165138,6.514015266293099,1265,-3.0000791821359862,-3.5482790486865157
5636,278.565,11.505123230211886,2541.1449384289376,168.1408969065638,1954.0665279263608,2543.9194283114825,97.91938096072185,74.29108478587833,347.3709412234357,6.514221364717054,1265,-3.000079195948444,-3.5478596378788274
5637,278.575,11.505444338601711,2541.1447541666967,168.1386421687634,1954.070794083669,2543.9193081028843,97.91933367344248,74.28932093049956,347.30531038893315,6.514427458246249,1265,-3.000079209761034,-3.547440245075434
5638,278.585,11.505765451682425,2541.144569902981,168.13638820503056,1954.0750601459597,2543.9191878936417,97.9192863860721,74.2875572680359,347.23968111283557,6.51463354688122,1265,-3.000079223573755,-3.5470208702691712
5639,278.59499999999997,11.506086569451847,2541.1443856377905,168.1341350150186,1954.0793261132437,2543.9190676837575,97.91923909861072,74.28579379842968,347.17405339497225,6.514839630622502,1265,-3.000079237386608,-3.546601513452882
5640,278.60499999999996,11.506407691907782,2541.144201371124,168.13188259854377,1954.0835919855333,2543.9189474732298,97.91919181105837,74.28403052162322,347.1084272351728,6.51504570947063,1265,-3.0000792511995935,-3.5461821746193825
5641,278.615,11.506728819048023,2541.1440171029803,168.1296309554525,1954.087857762838,2543.9188272620604,97.91914452341503,74.28226743755882,347.0428026332667,6.515251783426141,1265,-3.000079265012711,-3.545762853761523
5642,278.625,11.507049950870348,2541.143832833356,168.12738008549647,1954.092123445168,2543.918707050246,97.9190972356807,74.28050454617886,346.97717958908356,6.515457852489568,1265,-3.000079278825961,-3.545343550872145
5643,278.635,11.507371087372597,2541.1436485622535,168.12512998843695,1954.0963890325345,2543.9185868377917,97.91904994785537,74.27874184742568,346.91155810245294,6.515663916661446,1265,-3.0000792926393434,-3.5449242659440667
5644,278.645,11.507692228552553,2541.1434642896684,168.12288066406984,1954.1006545249488,2543.918466624694,97.9190026599391,74.27697934124167,346.8459381732045,6.515869975942312,1265,-3.0000793064528586,-3.5445049989701345
5645,278.655,11.508013374408012,2541.1432800155994,168.12063211220425,1954.10491992242,2543.918346410952,97.91895537193182,74.2752170275692,346.78031980116805,6.516076030332699,1265,-3.000079320266506,-3.544085749943192
5646,278.66499999999996,11.50833452493682,2541.143095740048,168.11838433259604,1954.1091852249597,2543.91822619657,97.91890808383357,74.2734549063507,346.71470298617334,6.516282079833141,1265,-3.000079334080288,-3.543666518856061
5647,278.67499999999995,11.508655680136773,2541.142911463009,168.1161373250664,1954.1134504325776,2543.918105981544,97.91886079564435,74.27169297752857,346.6490877280501,6.516488124444173,1265,-3.000079347894202,-3.5432473057015823
5648,278.685,11.50897684000573,2541.1427271844846,168.11389108934927,1954.1177155452856,2543.917985765876,97.91881350736415,74.26993124104528,346.5834740266284,6.516694164166329,1265,-3.00007936170825,-3.5428281104726036
5649,278.695,11.509298004541462,2541.142542904472,168.11164562527696,1954.1219805630938,2543.917865549566,97.91876621899299,74.26816969684327,346.517861881738,6.516900199000141,1265,-3.000079375522431,-3.542408933161949
5650,278.705,11.509619173741815,2541.1423586229694,168.10940093264088,1954.1262454860125,2543.917745332613,97.91871893053084,74.26640834486503,346.4522512932089,6.5171062289461466,1265,-3.0000793893367463,-3.5419897737624706
5651,278.715,11.509940347604628,2541.142174339975,168.10715701120813,1954.1305103140528,2543.9176251150175,97.91867164197775,74.26464718505302,346.3866422608712,6.517312254004876,1265,-3.000079403151196,-3.5415706322670037
5652,278.72499999999997,11.510261526127726,2541.1419900554893,168.1049138607543,1954.1347750472248,2543.91750489678,97.9186243533337,74.26288621734977,346.32103478455497,6.517518274176866,1265,-3.000079416965779,-3.541151508668381
5653,278.735,11.510582709308972,2541.14180576951,168.10267148108434,1954.1390396855395,2543.917384677901,97.91857706459867,74.26112544169779,346.2554288640903,6.517724289462647,1265,-3.0000794307804974,-3.5407324029594576
5654,278.745,11.510903897146175,2541.1416214820356,168.10042987197357,1954.1433042290073,2543.917264458379,97.91852977577267,74.25936485803962,346.1898244993074,6.517930299862753,1265,-3.00007944459535,-3.5403133151330617
5655,278.755,11.51122508963718,2541.1414371930655,168.09818903323844,1954.147568677639,2543.9171442382153,97.91848248685572,74.25760446631782,346.12422169003656,6.518136305377717,1265,-3.000079458410337,-3.539894245182035
5656,278.765,11.511546286779838,2541.1412529025974,168.09594896463977,1954.1518330314445,2543.91702401741,97.91843519784781,74.25584426647492,346.05862043610796,6.518342306008072,1265,-3.000079472225459,-3.5394751930992223
5657,278.775,11.511867488572044,2541.141068610631,168.09370966596157,1954.1560972904351,2543.916903795962,97.91838790874895,74.25408425845355,345.993020737352,6.51854830175435,1265,-3.0000794860407156,-3.539056158877461
5658,278.78499999999997,11.512188695011563,2541.1408843171635,168.09147113702892,1954.1603614546214,2543.9167835738713,97.91834061955915,74.25232444219627,345.9274225935991,6.518754292617086,1265,-3.000079499856108,-3.538637142509602
5659,278.79499999999996,11.512509906096348,2541.1407000221943,168.08923337759248,1954.1646255240132,2543.9166633511386,97.91829333027839,74.25056481764571,345.86182600467964,6.518960278596809,1265,-3.000079513671636,-3.5382181439884786
5660,278.805,11.51283112182419,2541.1405157257236,168.08699638744608,1954.1688894986219,2543.916543127765,97.91824604090668,74.2488053847445,345.7962309704241,6.519166259694052,1265,-3.000079527487299,-3.5377991633069286
5661,278.815,11.513152342193,2541.1403314277486,168.0847601663373,1954.1731533784584,2543.91642290375,97.91819875144402,74.2470461434353,345.73063749066307,6.519372235909349,1265,-3.0000795413030983,-3.537380200457804
5662,278.825,11.513473567200581,2541.1401471282684,168.08252471414235,1954.1774171635323,2543.9163026790925,97.91815146189042,74.24528709366074,345.66504556522705,6.519578207243229,1265,-3.000079555119034,-3.536961255433959
5663,278.835,11.513794796844891,2541.1399628272816,168.08029003058914,1954.1816808538551,2543.9161824537937,97.91810417224586,74.24352823536351,345.5994551939468,6.519784173696227,1265,-3.0000795689351043,-3.5365423282282107
5664,278.84499999999997,11.514116031123734,2541.1397785247873,168.0780561155101,1954.185944449436,2543.916062227853,97.91805688251038,74.24176956848632,345.53386637665295,6.519990135268871,1265,-3.000079582751312,-3.5361234188334194
5665,278.85499999999996,11.514437270035055,2541.139594220782,168.07582296862392,1954.190207950287,2543.9159420012707,97.91800959268397,74.24001109297187,345.46827911317627,6.5201960919616955,1265,-3.0000795965676557,-3.5357045272424363
5666,278.865,11.514758513576652,2541.139409915267,168.07359058978267,1954.1944713564178,2543.915821774047,97.91796230276661,74.23825280876288,345.4026934033475,6.52040204377523,1265,-3.000079610384137,-3.535285653448083
5667,278.875,11.515079761746478,2541.1392256082404,168.07135897874988,1954.1987346678397,2543.915701546182,97.91791501275831,74.2364947158021,345.33710924699756,6.5206079907100065,1265,-3.000079624200754,-3.534866797443226
5668,278.885,11.515401014542363,2541.1390412997,168.06912813529743,1954.202997884562,2543.9155813176744,97.9178677226591,74.23473681403226,345.27152664395726,6.520813932766555,1265,-3.0000796380175085,-3.534447959220705
5669,278.895,11.51572227196224,2541.138856989645,168.06689805923696,1954.2072610065973,2543.915461088526,97.91782043246894,74.23297910339616,345.2059455940576,6.521019869945406,1265,-3.0000796518344,-3.534029138773379
5670,278.905,11.516043534003991,2541.1386726780743,168.06466875037648,1954.2115240339538,2543.9153408587367,97.91777314218785,74.23122158383659,345.1403660971295,6.521225802247091,1265,-3.0000796656514286,-3.533610336094069
5671,278.91499999999996,11.516364800665517,2541.1384883649853,168.06244020844224,1954.2157869666432,2543.9152206283047,97.91772585181585,74.22946425529634,345.07478815300414,6.521431729672141,1265,-3.0000796794685956,-3.5331915511756384
5672,278.92499999999995,11.516686071944696,2541.1383040503792,168.0602124332633,1954.2200498046764,2543.915100397232,97.91767856135291,74.22770711771821,345.0092117615125,6.521637652221084,1265,-3.0000796932859,-3.5327727840109278
5673,278.935,11.517007347839455,2541.1381197342525,168.05798542467352,1954.2243125480625,2543.914980165518,97.91763127079905,74.22595017104507,344.94363692248584,6.521843569894453,1265,-3.0000797071033425,-3.532354034592793
5674,278.945,11.517328628347709,2541.137935416605,168.05575918237446,1954.2285751968136,2543.914859933164,97.91758398015429,74.22419341521976,344.8780636357552,6.5220494826927755,1265,-3.000079720920923,-3.531935302914065
5675,278.955,11.517649913467352,2541.1377510974344,168.053533706194,1954.2328377509407,2543.914739700167,97.9175366894186,74.22243685018512,344.81249190115193,6.522255390616583,1265,-3.0000797347386414,-3.5315165889676194
5676,278.965,11.517971203196296,2541.1375667767406,168.05130899593954,1954.237100210452,2543.91461946653,97.91748939859197,74.22068047588407,344.74692171850734,6.522461293666405,1265,-3.0000797485564985,-3.5310978927462817
5677,278.97499999999997,11.518292497532453,2541.1373824545212,168.04908505139048,1954.2413625753595,2543.9144992322513,97.91744210767446,74.21892429225947,344.6813530876527,6.5226671918427686,1265,-3.000079762374494,-3.5306792142429098
5678,278.985,11.518613796473772,2541.1371981307757,168.0468618722778,1954.2456248456745,2543.9143789973314,97.91739481666602,74.21716829925428,344.61578600841955,6.522873085146206,1265,-3.0000797761926288,-3.530260553450357
5679,278.995,11.518935100018142,2541.137013805502,168.04463945847155,1954.2498870214054,2543.9142587617707,97.91734752556668,74.21541249681137,344.5502204806392,6.523078973577245,1265,-3.000079790010902,-3.5298419103614593
5680,279.005,11.519256408163521,2541.1368294786994,168.04241780976474,1954.2541491025638,2543.9141385255693,97.91730023437643,74.21365688487373,344.4846565041432,6.523284857136417,1265,-3.0000798038293155,-3.529423284969082
5681,279.015,11.519577720907836,2541.1366451503677,168.0401969258744,1954.258411089161,2543.9140182887277,97.91725294309526,74.2119014633843,344.4190940787631,6.523490735824247,1265,-3.000079817647867,-3.5290046772660717
5682,279.025,11.519899038248994,2541.136460820503,168.03797680665357,1954.262672981207,2543.9138980512444,97.9172056517232,74.21014623228604,344.3535332043305,6.5236966096412665,1265,-3.0000798314665587,-3.5285860872452757
5683,279.03499999999997,11.520220360184949,2541.1362764891064,168.03575745184014,1954.2669347787112,2543.9137778131208,97.91715836026023,74.20839119152198,344.2879738806771,6.523902478588003,1265,-3.0000798452853896,-3.5281675148995473
5684,279.04499999999996,11.520541686713624,2541.1360921561745,168.03353886125683,1954.2711964816856,2543.913657574356,97.91711106870636,74.2066363410351,344.22241610763456,6.5241083426649835,1265,-3.0000798591043605,-3.527748960221737
5685,279.055,11.520863017832996,2541.1359078217074,168.03132103468647,1954.2754580901396,2543.913537334951,97.91706377706161,74.20488168076841,344.1568598850346,6.5243142018727385,1265,-3.000079872923472,-3.5273304232047056
5686,279.065,11.521184353540999,2541.1357234857032,168.02910397193062,1954.2797196040844,2543.9134170949046,97.91701648532595,74.20312721066499,344.0913052127091,6.524520056211795,1265,-3.0000798867427236,-3.526911903841291
5687,279.075,11.521505693835563,2541.135539148161,168.02688767277678,1954.2839810235305,2543.9132968542185,97.9169691934994,74.20137293066786,344.02575209048985,6.524725905682682,1265,-3.0000799005621146,-3.52649340212436
5688,279.085,11.52182703871465,2541.1353548090783,168.02467213698887,1954.2882423484887,2543.9131766128903,97.91692190158196,74.19961884072009,343.96020051820875,6.524931750285925,1265,-3.0000799143816472,-3.5260749180467585
5689,279.09499999999997,11.52214838817624,2541.1351704684566,168.02245736442933,1954.2925035789676,2543.913056370923,97.91687460957361,74.19786494076479,343.89465049569776,6.525137590022054,1265,-3.00007992820132,-3.525656451601343
5690,279.10499999999996,11.522469742218263,2541.134986126291,168.02024335478038,1954.2967647149803,2543.9129361283153,97.91682731747439,74.19611123074503,343.8291020227889,6.525343424891595,1265,-3.000079942021135,-3.5252380027809744
5691,279.115,11.522791100838697,2541.1348017825835,168.0180301078805,1954.3010257565352,2543.912815885067,97.91678002528428,74.19435771060394,343.7635550993143,6.525549254895076,1265,-3.0000799558410893,-3.5248195715784885
5692,279.125,11.523112464035524,2541.1346174373293,168.01581762355232,1954.3052867036445,2543.9126956411774,97.91673273300329,74.19260438028465,343.6980097251059,6.525755080033024,1265,-3.000079969661186,-3.52440115798676
5693,279.135,11.523433831806672,2541.134433090531,168.01360590158188,1954.3095475563173,2543.912575396648,97.9166854406314,74.1908512397303,343.632465899996,6.525960900305965,1265,-3.0000799834814242,-3.523982761998633
5694,279.145,11.523755204150158,2541.1342487421844,168.01139494172122,1954.313808314564,2543.9124551514797,97.91663814816864,74.18909828888407,343.56692362381676,6.526166715714426,1265,-3.0000799973018033,-3.5235643836069688
5695,279.155,11.524076581063918,2541.1340643922895,168.00918474379316,1954.3180689783962,2543.91233490567,97.91659085561501,74.18734552768912,343.50138289640046,6.526372526258935,1265,-3.000080011122325,-3.523146022804612
5696,279.16499999999996,11.524397962545967,2541.133880040843,168.00697530753553,1954.3223295478228,2543.912214659219,97.9165435629705,74.18559295608864,343.4358437175793,6.526578331940018,1265,-3.000080024942988,-3.5227276795844404
5697,279.17499999999995,11.524719348594257,2541.1336956878467,168.0047666327898,1954.326590022856,2543.9120944121296,97.91649627023511,74.18384057402587,343.3703060871858,6.5267841327582,1265,-3.000080038763794,-3.5223093539392965
5698,279.185,11.525040739206796,2541.1335113332975,168.00255871936776,1954.3308504035056,2543.911974164399,97.91644897740886,74.18208838144398,343.30477000505215,6.526989928714008,1265,-3.0000800525847424,-3.521891045862029
5699,279.195,11.525362134381567,2541.133326977194,168.00035156702472,1954.335110689782,2543.911853916029,97.91640168449175,74.18033637828624,343.239235471011,6.5271957198079695,1265,-3.000080066405833,-3.521472755345505
5700,279.205,11.525683534116574,2541.1331426195343,167.99814517556413,1954.339370881696,2543.9117336670183,97.91635439148375,74.17858456449592,343.1737024848948,6.527401506040608,1265,-3.0000800802270655,-3.5210544823825956
5701,279.215,11.526004938409772,2541.1329582603194,167.99593954474858,1954.3436309792562,2543.9116134173682,97.9163070983849,74.17683294001627,343.1081710465361,6.52760728741245,1265,-3.0000800940484424,-3.520636226966139
5702,279.22499999999997,11.526326347259214,2541.1327738995465,167.99373467438957,1954.3478909824757,2543.911493167078,97.91625980519518,74.17508150479058,343.04264115576746,6.527813063924022,1265,-3.000080107869962,-3.5202179890890073
5703,279.235,11.526647760662868,2541.132589537214,167.9915305642993,1954.3521508913636,2543.911372916148,97.91621251191461,74.17333025876215,342.9771128124216,6.528018835575849,1265,-3.0000801216916244,-3.5197997687440434
5704,279.245,11.526969178618753,2541.1324051733213,167.9893272142115,1954.3564107059296,2543.911252664579,97.91616521854316,74.17157920187432,342.91158601633117,6.5282246023684545,1265,-3.00008013551343,-3.51938156592412
5705,279.255,11.527290601124868,2541.132220807866,167.98712462397344,1954.3606704261863,2543.9111324123683,97.91611792508085,74.16982833407039,342.84606076732905,6.528430364302366,1265,-3.0000801493353797,-3.518963380622107
5706,279.265,11.52761202817924,2541.1320364408484,167.98492279336728,1954.3649300521424,2543.9110121595195,97.9160706315277,74.16807765529373,342.7805370652479,6.528636121378106,1265,-3.0000801631574734,-3.5185452128308388
5707,279.275,11.527933459779849,2541.131852072266,167.98272172219555,1954.369189583808,2543.910891906031,97.91602333788369,74.16632716548769,342.7150149099207,6.528841873596202,1265,-3.000080176979711,-3.5181270625431953
5708,279.28499999999997,11.528254895924766,2541.131667702118,167.980521410223,1954.3734490211953,2543.9107716519025,97.91597604414882,74.16457686459565,342.64949430118025,6.529047620957177,1265,-3.0000801908020924,-3.517708929752022
5709,279.29499999999996,11.528576336611984,2541.1314833304027,167.97832185722723,1954.377708364313,2543.9106513971333,97.9159287503231,74.162826752561,342.5839752388596,6.529253363461554,1265,-3.0000802046246187,-3.517290814450206
5710,279.305,11.52889778183951,2541.1312989571193,167.9761230630613,1954.381967613172,2543.910531141726,97.91588145640657,74.16107682932717,342.5184577227917,6.529459101109859,1265,-3.0000802184472892,-3.516872716630574
5711,279.315,11.529219231605415,2541.1311145822665,167.97392502742483,1954.3862267677837,2543.910410885679,97.91583416239915,74.15932709483756,342.4529417528096,6.5296648339026175,1265,-3.0000802322701037,-3.5164546362860087
5712,279.325,11.529540685907692,2541.1309302058417,167.97172775021602,1954.3904858281574,2543.910290628992,97.9157868683009,74.15757754903564,342.38742732874647,6.529870561840351,1265,-3.0000802460930642,-3.516036573409377
5713,279.335,11.529862144744417,2541.130745827846,167.9695312311841,1954.394744794304,2543.9101703716665,97.91573957411181,74.15582819186483,342.32191445043543,6.530076284923584,1265,-3.000080259916169,-3.5156185279935293
5714,279.34499999999997,11.530183608113605,2541.130561448275,167.96733547010928,1954.3990036662337,2543.9100501137004,97.91569227983189,74.15407902326864,342.2564031177096,6.53028200315284,1265,-3.000080273739419,-3.515200500031334
5715,279.35499999999996,11.530505076013242,2541.130377067131,167.96514046676162,1954.403262443957,2543.9099298550964,97.91564498546111,74.15233004319053,342.19089333040245,6.5304877165286435,1265,-3.0000802875628154,-3.5147824895156594
5716,279.365,11.53082654844148,2541.1301926844108,167.9629462209584,1954.407521127484,2543.909809595853,97.9155976909995,74.15058125157402,342.12538508834706,6.530693425051518,1265,-3.0000803013863564,-3.5143644964393586
5717,279.375,11.531148025396277,2541.1300083001115,167.96075273251472,1954.4117797168258,2543.9096893359697,97.91555039644707,74.1488326483626,342.05987839137697,6.530899128721985,1265,-3.0000803152100444,-3.5139465207953102
5718,279.385,11.531469506875753,2541.1298239142334,167.9585600011948,1954.4160382119926,2543.909569075447,97.91550310180381,74.14708423349983,341.99437323932545,6.5311048275405685,1265,-3.0000803290338776,-3.513528562576371
5719,279.395,11.531790992877923,2541.1296395267764,167.95636802679908,1954.4202966129942,2543.909448814286,97.91545580706972,74.14533600692924,341.928869632026,6.531310521507791,1265,-3.0000803428578564,-3.5131106217753962
5720,279.405,11.532112483400834,2541.1294551377373,167.95417680914156,1954.4245549198415,2543.909328552485,97.9154085122448,74.1435879685944,341.86336756931223,6.531516210624176,1265,-3.0000803566819823,-3.5126926983852593
5721,279.41499999999996,11.53243397844256,2541.1292707471152,167.95198634797444,1954.428813132544,2543.9092082900456,97.91536121732905,74.1418401184389,341.79786705101753,6.531721894890245,1265,-3.0000803705062546,-3.512274792398845
5722,279.42499999999995,11.532755478001171,2541.129086354909,167.9497966431635,1954.4330712511132,2543.9090880269664,97.91531392232247,74.14009245640634,341.73236807697566,6.53192757430652,1265,-3.000080384330673,-3.5118569038089924
5723,279.435,11.533076982074748,2541.1289019611195,167.94760769443175,1954.4373292755586,2543.9089677632505,97.91526662722507,74.1383449824403,341.6668706470202,6.532133248873525,1265,-3.000080398155239,-3.511439032608571
5724,279.445,11.533398490661325,2541.128717565741,167.94541950153808,1954.441587205892,2543.9088474988935,97.91521933203686,74.13659769648442,341.6013747609848,6.5323389185917815,1265,-3.0000804119799516,-3.5110211787904593
5725,279.455,11.533720003759004,2541.128533168775,167.94323206437042,1954.4458450421228,2543.908727233898,97.91517203675782,74.13485059848234,341.53588041870336,6.532544583461811,1265,-3.0000804258048115,-3.5106033423475216
5726,279.465,11.534041521365856,2541.128348770221,167.9410453827188,1954.450102784261,2543.9086069682653,97.91512474138798,74.13310368837773,341.4703876200095,6.532750243484136,1265,-3.0000804396298184,-3.5101855232726242
5727,279.47499999999997,11.534363043479942,2541.128164370075,167.9388594562558,1954.4543604323171,2543.9084867019924,97.91507744592732,74.13135696611425,341.4048963647373,6.532955898659277,1265,-3.000080453454973,-3.5097677215586254
5728,279.485,11.534684570099374,2541.1279799683366,167.9366742849467,1954.4586179863027,2543.9083664350806,97.91503015037584,74.12961043163558,341.33940665272047,6.533161548987756,1265,-3.000080467280276,-3.50934993719842
5729,279.495,11.535006101222223,2541.1277955650066,167.93448986842378,1954.4628754462262,2543.908246167531,97.91498285473357,74.12786408488545,341.27391848379307,6.533367194470095,1265,-3.0000804811057264,-3.5089321701848424
5730,279.505,11.535327636846569,2541.1276111600814,167.93230620662425,1954.4671328120992,2543.9081258993424,97.91493555900048,74.1261179258075,341.2084318577891,6.533572835106815,1265,-3.000080494931325,-3.508514420510787
5731,279.515,11.535649176970535,2541.1274267535605,167.93012329924008,1954.4713900839315,2543.908005630515,97.91488826317658,74.12437195434556,341.14294677454257,6.533778470898436,1265,-3.0000805087570717,-3.5080966881691094
5732,279.525,11.535970721592196,2541.1272423454425,167.92794114609833,1954.4756472617346,2543.907885361049,97.91484096726188,74.12262617044334,341.0774632338876,6.533984101845479,1265,-3.000080522582967,-3.507678973152688
5733,279.53499999999997,11.536292270709634,2541.1270579357256,167.92575974699045,1954.4799043455178,2543.9077650909453,97.91479367125639,74.12088057404459,341.01198123565837,6.534189727948465,1265,-3.0000805364090115,-3.507261275454394
5734,279.54499999999996,11.536613824320977,2541.1268735244103,167.92357910171873,1954.4841613352908,2543.907644820203,97.91474637516008,74.11913516509308,340.9465007796891,6.534395349207914,1265,-3.0000805502352046,-3.506843595067094
5735,279.555,11.536935382424337,2541.126689111493,167.92139921006105,1954.4884182310657,2543.9075245488216,97.91469907897299,74.11738994353263,340.881021865814,6.534600965624348,1265,-3.0000805640615464,-3.5064259319836557
5736,279.565,11.537256945017804,2541.1265046969734,167.91922007189186,1954.4926750328514,2543.9074042768025,97.91465178269509,74.11564490930704,340.8155444938673,6.534806577198284,1265,-3.000080577888037,-3.506008286196949
5737,279.575,11.537578512099492,2541.1263202808505,167.91704168682315,1954.4969317406587,2543.9072840041454,97.91460448632641,74.11390006236014,340.7500686636836,6.535012183930245,1265,-3.0000805917146773,-3.505590657699848
5738,279.585,11.537900083667536,2541.1261358631223,167.91486405484386,1954.5011883544978,2543.9071637308493,97.91455718986694,74.11215540263575,340.68459437509705,6.535217785820751,1265,-3.0000806055414677,-3.505173046485245
5739,279.59499999999997,11.538221659720005,2541.1259514437875,167.91268717566976,1954.505444874379,2543.9070434569144,97.91450989331668,74.11041093007775,340.61912162794226,6.535423382870319,1265,-3.0000806193684073,-3.504755452545977
5740,279.60499999999996,11.538543240255091,2541.125767022846,167.91051104903804,1954.5097013003137,2543.906923182343,97.9144625966756,74.10866664462998,340.55365042205364,6.535628975079471,1265,-3.0000806331954974,-3.504337875874944
5741,279.615,11.538864825270878,2541.1255826002953,167.90833567488258,1954.5139576323113,2543.9068029071327,97.91441529994378,74.10692254623633,340.48818075726575,6.535834562448726,1265,-3.000080647022737,-3.5039203164649955
5742,279.625,11.539186414765481,2541.125398176134,167.90616105287583,1954.518213870382,2543.9066826312837,97.91436800312115,74.10517863484074,340.4227126334133,6.536040144978603,1265,-3.0000806608501267,-3.503502774309039
5743,279.635,11.539508008737048,2541.125213750363,167.90398718284146,1954.522470014536,2543.9065623547986,97.91432070620775,74.1034349103871,340.35724605033084,6.536245722669621,1265,-3.0000806746776676,-3.5030852493999096
5744,279.645,11.539829607183737,2541.1250293229764,167.90181406458797,1954.5267260647836,2543.906442077673,97.91427340920357,74.10169137281932,340.2917810078531,6.5364512955222995,1265,-3.0000806885053586,-3.5026677417305128
5745,279.655,11.540151210103632,2541.1248448939787,167.89964169792242,1954.5309820211369,2543.906321799912,97.91422611210861,74.09994802208136,340.2263175058148,6.536656863537156,1265,-3.0000807023332006,-3.5022502512936944
5746,279.66499999999996,11.540472817494917,2541.1246604633643,167.89747008261799,1954.5352378836035,2543.906201521512,97.91417881492286,74.09820485811719,340.1608555440508,6.53686242671471,1265,-3.0000807161611935,-3.5018327780823526
5747,279.67499999999995,11.540794429355717,2541.1244760311333,167.89529921847733,1954.539493652194,2543.906081242474,97.91413151764635,74.09646188087079,340.0953951223958,6.537067985055481,1265,-3.000080729989338,-3.5014153220893585
5748,279.685,11.541116045684214,2541.124291597285,167.89312910533042,1954.543749326921,2543.905960962799,97.91408422027908,74.09471909028615,340.02993624068495,6.537273538559986,1265,-3.0000807438176333,-3.500997883307585
5749,279.695,11.541437666478519,2541.124107161816,167.8909597429068,1954.5480049077937,2543.905840682485,97.91403692282103,74.09297648630725,339.964478898753,6.537479087228744,1265,-3.00008075764608,-3.500580461729906
5750,279.705,11.54175929173677,2541.123922724727,167.88879113101967,1954.552260394821,2543.905720401534,97.91398962527221,74.09123406887814,339.89902309643503,6.537684631062271,1265,-3.0000807714746784,-3.500163057349198
5751,279.715,11.54208092145715,2541.1237382860168,167.8866232695426,1954.5565157880142,2543.9056001199456,97.91394232763263,74.08949183794284,339.83356883356606,6.537890170061088,1265,-3.0000807853034295,-3.4997456701583376
5752,279.72499999999997,11.542402555637846,2541.1235538456835,167.88445615815806,1954.5607710873844,2543.9054798377197,97.91389502990228,74.08774979344541,339.7681161099812,6.538095704225711,1265,-3.0000807991323324,-3.4993283001502027
5753,279.735,11.542724194276984,2541.123369403725,167.88228979672942,1954.5650262929405,2543.9053595548553,97.91384773208117,74.08600793532993,339.7026649255156,6.538301233556657,1265,-3.000080812961387,-3.4989109473176754
5754,279.745,11.54304583737274,2541.1231849601413,167.88012418503124,1954.5692814046938,2543.9052392713547,97.91380043416932,74.08426626354047,339.63721528000445,6.538506758054445,1265,-3.0000808267905943,-3.4984936116536276
5755,279.755,11.543367484923268,2541.1230005149296,167.8779593228774,1954.5735364226546,2543.9051189872152,97.91375313616669,74.08252477802112,339.571767173283,6.538712277719591,1265,-3.0000808406199537,-3.4980762931509446
5756,279.765,11.54368913692678,2541.1228160680907,167.87579521004517,1954.5777913468326,2543.9049987024396,97.91370583807331,74.08078347871601,339.5063206051865,6.5389177925526125,1265,-3.0000808544494664,-3.497658991802495
5757,279.775,11.544010793381396,2541.1226316196216,167.87363184632133,1954.5820461772375,2543.904878417026,97.91365853988918,74.07904236556926,339.44087557555036,6.539123302554026,1265,-3.000080868279132,-3.4972417076011624
5758,279.78499999999997,11.544332454285334,2541.122447169521,167.87146923152704,1954.5863009138811,2543.9047581309746,97.9136112416143,74.07730143852501,339.37543208420993,6.539328807724349,1265,-3.000080882108951,-3.4968244405398297
5759,279.79499999999996,11.544654119636775,2541.122262717789,167.86930736544264,1954.5905555567722,2543.904637844287,97.91356394324868,74.07556069752742,339.3099901310007,6.539534308064098,1265,-3.000080895938923,-3.4964071906113667
5760,279.805,11.544975789433906,2541.122078264424,167.8671462479236,1954.594810105923,2543.904517556962,97.9135166447923,74.07382014252066,339.2445497157581,6.53973980357379,1265,-3.000080909769049,-3.495989957808657
5761,279.815,11.545297463674892,2541.1218938094225,167.86498587869215,1954.599064561341,2543.9043972689988,97.91346934624518,74.07207977344893,339.1791108383178,6.53994529425394,1265,-3.000080923599328,-3.4955727421245926
5762,279.825,11.545619142357936,2541.121709352786,167.8628262574988,1954.6033189230393,2543.9042769804,97.9134220476073,74.07033959025644,339.11367349851525,6.540150780105065,1265,-3.0000809374297615,-3.4951555435520407
5763,279.835,11.545940825481246,2541.121524894511,167.86066738427505,1954.6075731910262,2543.904156691163,97.9133747488787,74.06859959288737,339.04823769618616,6.54035626112768,1265,-3.000080951260349,-3.4947383620838965
5764,279.84499999999997,11.546262513042999,2541.121340434598,167.85850925874163,1954.6118273653115,2543.9040364012894,97.91332745005936,74.06685978128598,338.9828034311662,6.540561737322303,1265,-3.000080965091091,-3.494321197713021
5765,279.85499999999996,11.546584205041409,2541.121155973045,167.85635188070876,1954.616081445908,2543.903916110778,97.91328015114925,74.06512015539654,338.91737070329106,6.540767208689448,1265,-3.0000809789219867,-3.4939040504323104
5766,279.865,11.54690590147467,2541.1209715098507,167.85419524997417,1954.6203354328236,2543.903795819631,97.91323285214844,74.06338071516328,338.85193951239665,6.54097267522963,1265,-3.000080992753037,-3.4934869202346377
5767,279.875,11.547227602340996,2541.120787045013,167.8520393663219,1954.6245893260693,2543.903675527846,97.91318555305686,74.06164146053048,338.7865098583187,6.541178136943366,1265,-3.000081006584243,-3.493069807112909
5768,279.885,11.547549307638603,2541.120602578532,167.8498842295434,1954.6288431256562,2543.9035552354244,97.91313825387459,74.05990239144246,338.72108174089317,6.5413835938311715,1265,-3.000081020415603,-3.492652711059974
5769,279.895,11.547871017365704,2541.120418110405,167.84772983949114,1954.6330968315929,2543.9034349423655,97.91309095460157,74.05816350784352,338.6556551599559,6.541589045893559,1265,-3.0000810342471187,-3.4922356320687324
5770,279.905,11.548192731520514,2541.120233640632,167.8455761959013,1954.6373504438914,2543.903314648671,97.91304365523781,74.05642480967796,338.590230115343,6.541794493131046,1265,-3.0000810480787896,-3.491818570132069
5771,279.91499999999996,11.548514450101221,2541.1200491692107,167.84342329860044,1954.641603962561,2543.903194354338,97.91299635578335,74.05468629689015,338.5248066068904,6.541999935544146,1265,-3.0000810619106164,-3.4914015252428636
5772,279.92499999999995,11.548836173106087,2541.1198646961416,167.84127114739152,1954.645857387611,2543.903074059371,97.91294905623815,74.05294796942442,338.45938463443423,6.542205373133374,1265,-3.000081075742598,-3.490984497394
5773,279.935,11.549157900533332,2541.119680221421,167.8391197420088,1954.6501107190536,2543.9029537637653,97.91290175660224,74.05120982722516,338.39396419781065,6.542410805899244,1265,-3.0000810895747363,-3.4905674865783705
5774,279.945,11.54947963238118,2541.1194957450466,167.8369690823582,1954.6543639568968,2543.902833467522,97.9128544568756,74.04947187023676,338.3285452968558,6.542616233842271,1265,-3.0000811034070303,-3.4901504927888545
5775,279.955,11.549801368647852,2541.119311267023,167.83481916817698,1954.6586171011527,2543.9027131706457,97.91280715705824,74.0477340984036,338.26312793140596,6.542821656962968,1265,-3.0000811172394806,-3.4897335160183296
5776,279.965,11.550123109331619,2541.1191267873437,167.83266999920716,1954.6628701518314,2543.902592873131,97.91275985715019,74.0459965116701,338.1977121012974,6.5430270752618505,1265,-3.0000811310720867,-3.4893165562596917
5777,279.97499999999997,11.550444854430669,2541.1189423060077,167.83052157537625,1954.6671231089415,2543.9024725749796,97.91271255715141,74.04425910998067,338.13229780636635,6.543232488739432,1265,-3.0000811449048497,-3.4888996135058314
5778,279.985,11.550766603943282,2541.1187578230156,167.82837389637342,1954.6713759724937,2543.902352276192,97.9126652570619,74.04252189327978,338.0668850464493,6.543437897396226,1265,-3.0000811587377694,-3.488482687749624
5779,279.995,11.551088357867703,2541.1185733383645,167.82622696203657,1954.6756287424996,2543.902231976768,97.9126179568817,74.04078486151188,338.0014738213826,6.543643301232746,1265,-3.0000811725708467,-3.488065778983963
5780,280.005,11.551410116202153,2541.1183888520536,167.82408077213609,1954.6798814189688,2543.9021116767067,97.9125706566108,74.03904801462146,337.9360641310028,6.543848700249505,1265,-3.000081186404081,-3.4876488872017317
5781,280.015,11.551731878944876,2541.118204364083,167.82193532654767,1954.684134001911,2543.90199137601,97.91252335624918,74.03731135255298,337.8706559751464,6.5440540944470165,1265,-3.000081200237472,-3.4872320123958116
5782,280.025,11.55205364609419,2541.1180198744505,167.8197906250326,1954.6883864913364,2543.901871074678,97.91247605579686,74.03557487525096,337.80524935364997,6.544259483825793,1265,-3.0000812140710207,-3.4868151545590935
5783,280.03499999999997,11.5523754176483,2541.117835383154,167.817646667366,1954.692638887255,2543.901750772709,97.91242875525383,74.03383858265993,337.7398442663502,6.544464868386349,1265,-3.0000812279047273,-3.486398313684477
5784,280.04499999999996,11.552697193605445,2541.1176508901926,167.8155034533197,1954.696891189678,2543.9016304701045,97.91238145462012,74.03210247472441,337.67444071308364,6.544670248129196,1265,-3.000081241738592,-3.48598148976485
5785,280.055,11.553018973963953,2541.1174663955658,167.8133609827834,1954.701143398614,2543.9015101668633,97.91233415389571,74.03036655138897,337.60903869368707,6.544875623054847,1265,-3.000081255572614,-3.4855646827930835
5786,280.065,11.553340758722047,2541.1172818992713,167.81121925545764,1954.7053955140748,2543.9013898629864,97.91228685308059,74.02863081259814,337.5436382079972,6.545080993163815,1265,-3.0000812694067953,-3.4851478927620803
5787,280.075,11.553662547878018,2541.1170974013066,167.80907827116067,1954.70964753607,2543.9012695584715,97.91223955217478,74.02689525829652,337.478239255851,6.545286358456612,1265,-3.000081283241134,-3.484731119664735
5788,280.085,11.55398434143011,2541.1169129016735,167.80693802977405,1954.7138994646098,2543.9011492533227,97.91219225117828,74.02515988842872,337.41284183708524,6.545491718933748,1265,-3.000081297075632,-3.4843143634939193
5789,280.09499999999997,11.55430613937662,2541.1167284003695,167.80479853098512,1954.718151299704,2543.9010289475377,97.91214495009109,74.02342470293932,337.3474459515369,6.545697074595739,1265,-3.000081310910288,-3.4838976242425437
5790,280.10499999999996,11.554627941715848,2541.1165438973917,167.80265977469548,1954.7224030413633,2543.900908641116,97.91209764891323,74.02168970177294,337.28205159904286,6.545902425443094,1265,-3.000081324745104,-3.4834809019034894
5791,280.115,11.554949748446006,2541.1163593927417,167.8005217606479,1954.726654689597,2543.9007883340596,97.91205034764467,74.01995488487425,337.2166587794402,6.546107771476325,1265,-3.0000813385800775,-3.4830641964696314
5792,280.125,11.55527155956547,2541.116174886416,167.79838448863612,1954.7309062444158,2543.9006680263674,97.91200304628542,74.01822025218787,337.1512674925659,6.546313112695944,1265,-3.000081352415212,-3.4826475079338914
5793,280.135,11.555593375072476,2541.1159903784132,167.796247958503,1954.7351577058307,2543.900547718039,97.9119557448355,74.01648580365851,337.08587773825724,6.546518449102462,1265,-3.000081366250505,-3.482230836289138
5794,280.145,11.555915194965324,2541.1158058687333,167.79411217000165,1954.7394090738503,2543.9004274090744,97.91190844329489,74.01475153923083,337.0204895163512,6.54672378069639,1265,-3.0000813800859576,-3.4818141815282826
5795,280.155,11.55623701924229,2541.115621357374,167.79197712288834,1954.7436603484862,2543.900307099475,97.91186114166362,74.0130174588495,336.9551028266851,6.546929107478241,1265,-3.0000813939215707,-3.481397543644201
5796,280.16499999999996,11.556558847901721,2541.1154368443354,167.78984281708918,1954.747911529748,2543.9001867892403,97.91181383994166,74.01128356245928,336.88971766909617,6.5471344294485245,1265,-3.000081407757343,-3.480980922629783
5797,280.17499999999995,11.556880680941857,2541.1152523296137,167.78770925232573,1954.7521626176451,2543.900066478369,97.91176653812902,74.00954985000489,336.82433404342174,6.547339746607751,1265,-3.0000814215932765,-3.480564318477944
5798,280.185,11.557202518361049,2541.1150678132103,167.78557642841562,1954.7564136121887,2543.8999461668623,97.91171923622571,74.00781632143105,336.7589519494992,6.547545058956431,1265,-3.0000814354293697,-3.48014773118155
5799,280.195,11.557524360157586,2541.1148832951217,167.7834443451117,1954.7606645133872,2543.8998258547203,97.91167193423175,74.00608297668253,336.6935713871659,6.547750366495076,1265,-3.000081449265624,-3.4797311607335213
5800,280.205,11.557846206329796,2541.1146987753496,167.78131300227506,1954.7649153212537,2543.8997055419436,97.91162463214711,74.0043498157041,336.62819235625926,6.547955669224195,1265,-3.0000814631020383,-3.47931460712673
5801,280.215,11.558168056875962,2541.1145142538894,167.7791823996959,1954.7691660357953,2543.899585228532,97.9115773299718,74.00261683844057,336.56281485661685,6.5481609671443,1265,-3.000081476938614,-3.478898070354083
5802,280.22499999999997,11.558489911794402,2541.1143297307412,167.77705253717426,1954.7734166570247,2543.8994649144843,97.91153002770584,74.00088404483671,336.4974388880762,6.548366260255899,1265,-3.000081490775351,-3.4784815504084725
5803,280.235,11.55881177108347,2541.1141452059037,167.77492341452233,1954.7776671849506,2543.899344599801,97.91148272534922,73.99915143483736,336.43206445047497,6.548571548559503,1265,-3.000081504612249,-3.47806504728279
5804,280.245,11.559133634741443,2541.113960679376,167.7727950314669,1954.7819176195821,2543.899224284483,97.91143542290193,73.99741900838735,336.36669154365075,6.548776832055621,1265,-3.000081518449309,-3.477648560969929
5805,280.255,11.55945550276666,2541.113776151156,167.77066738788653,1954.7861679609314,2543.8991039685297,97.91138812036398,73.99568676543151,336.30132016744125,6.548982110744764,1265,-3.00008153228653,-3.4772320914627994
5806,280.265,11.559777375157502,2541.1135916212434,167.7685404835428,1954.7904182090076,2543.8989836519418,97.91134081773538,73.99395470591473,336.23595032168424,6.549187384627439,1265,-3.0000815461239134,-3.476815638754282
5807,280.275,11.560099251912234,2541.113407089635,167.7664143182483,1954.7946683638215,2543.8988633347176,97.91129351501613,73.99222282978187,336.17058200621744,6.549392653704158,1265,-3.0000815599614588,-3.4763992028372805
5808,280.28499999999997,11.560421133029212,2541.113222556332,167.76428889177157,1954.798918425383,2543.898743016859,97.91124621220622,73.99049113697782,336.10521522087885,6.549597917975428,1265,-3.0000815737991666,-3.4759827837046933
5809,280.29499999999996,11.560743018506782,2541.1130380213312,167.76216420401028,1954.8031683937008,2543.8986226983657,97.91119890930567,73.98875962744748,336.0398499655062,6.549803177441758,1265,-3.000081587637036,-3.475566381349414
5810,280.305,11.56106490834329,2541.112853484632,167.76004025467216,1954.807418268786,2543.898502379237,97.91115160631446,73.9870283011358,335.9744862399376,6.550008432103658,1265,-3.000081601475069,-3.475149995764339
5811,280.315,11.56138680253708,2541.1126689462335,167.757917043581,1954.8116680506496,2543.898382059474,97.9111043032326,73.98529715798767,335.9091240440109,6.550213681961635,1265,-3.0000816153132637,-3.474733626942372
5812,280.325,11.561708701086458,2541.1124844061337,167.75579457056512,1954.8159177393013,2543.898261739075,97.91105700006011,73.98356619794808,335.84376337756424,6.550418927016199,1265,-3.0000816291516217,-3.474317274876404
5813,280.335,11.562030603989815,2541.112299864332,167.75367283536247,1954.8201673347505,2543.898141418042,97.91100969679698,73.981835420962,335.77840424043563,6.550624167267858,1265,-3.0000816429901436,-3.4739009395593317
5814,280.34499999999997,11.562352511245502,2541.112115320826,167.75155183785716,1954.8244168370068,2543.898021096374,97.9109623934432,73.98010482697437,335.71304663246326,6.55082940271712,1265,-3.000081656828828,-3.4734846209840713
5815,280.35499999999996,11.562674422851877,2541.1119307756157,167.74943157780032,1954.8286662460816,2543.897900774072,97.91091508999878,73.97837441593023,335.64769055348523,6.551034633364494,1265,-3.0000816706676763,-3.473068319143507
5816,280.365,11.56299633880728,2541.111746228699,167.74731205498233,1954.8329155619842,2543.8977804511337,97.91086778646373,73.97664418777457,335.58233600333995,6.551239859210486,1265,-3.000081684506688,-3.4726520340305367
5817,280.375,11.563318259110073,2541.1115616800757,167.74519326924377,1954.8371647847262,2543.8976601275626,97.91082048283806,73.9749141424524,335.5169829818655,6.551445080255604,1265,-3.0000816983458636,-3.47223576563807
5818,280.385,11.563640183758642,2541.111377129743,167.7430752203734,1954.8414139143147,2543.897539803356,97.91077317912173,73.97318427990878,335.4516314889004,6.551650296500357,1265,-3.000081712185203,-3.4718195139589993
5819,280.395,11.56396211275136,2541.1111925777,167.74095790813732,1954.8456629507623,2543.8974194785146,97.9107258753148,73.97145460008876,335.3862815242829,6.551855507945251,1265,-3.000081726024707,-3.4714032789862346
5820,280.405,11.564284046086565,2541.1110080239464,167.73884133234864,1954.8499118940783,2543.8972991530395,97.91067857141722,73.96972510293742,335.3209330878515,6.552060714590794,1265,-3.0000817398643753,-3.4709870607126594
5821,280.41499999999996,11.564605983762648,2541.1108234684784,167.7367254928865,1954.8541607442735,2543.8971788269287,97.91063126742903,73.96799578839982,335.2555861794446,6.552265916437492,1265,-3.000081753704208,-3.4705708591312057
5822,280.42499999999995,11.564927925778022,2541.110638911298,167.73461038944598,1954.8584095013566,2543.897058500184,97.91058396335019,73.96626665642107,335.19024079890085,6.552471113485853,1265,-3.000081767544206,-3.470154674234738
5823,280.435,11.565249872131025,2541.110454352403,167.73249602192737,1954.8626581653377,2543.8969381728057,97.91053665918076,73.96453770694629,335.12489694605875,6.552676305736385,1265,-3.000081781384368,-3.469738506016185
5824,280.445,11.565571822820019,2541.1102697917904,167.73038239002884,1954.8669067362277,2543.8968178447926,97.9104893549207,73.9628089399206,335.05955462075696,6.5528814931895925,1265,-3.000081795224696,-3.4693223544684293
5825,280.455,11.565893777843472,2541.1100852294608,167.72826949362232,1954.8711552140371,2543.896697516146,97.91044205057001,73.96108035528914,334.9942138228341,6.553086675845981,1265,-3.000081809065189,-3.4689062195843947
5826,280.465,11.566215737199697,2541.1099006654113,167.72615733246693,1954.8754035987747,2543.896577186864,97.9103947461287,73.95935195299705,334.92887455212895,6.55329185370606,1265,-3.0000818229058477,-3.468490101356968
5827,280.47499999999997,11.566537700887135,2541.1097160996424,167.72404590645317,1954.8796518904514,2543.896456856948,97.91034744159678,73.95762373298955,334.86353680848026,6.5534970267703345,1265,-3.0000818367466717,-3.4680739997790564
5828,280.485,11.56685966890415,2541.10953153215,167.72193521529084,1954.8839000890775,2543.896336526397,97.91030013697427,73.9558956952118,334.79820059172687,6.55370219503931,1265,-3.000081850587662,-3.4676579148435795
5829,280.495,11.567181641249165,2541.109346962937,167.71982525877917,1954.8881481946612,2543.8962161952136,97.91025283226114,73.95416783960898,334.7328659017076,6.553907358513493,1265,-3.0000818644288176,-3.467241846543411
5830,280.505,11.567503617920577,2541.1091623919983,167.71771603677152,1954.8923962072154,2543.8960958633957,97.91020552745739,73.95244016612635,334.66753273826134,6.554112517193389,1265,-3.00008187827014,-3.4668257948714842
5831,280.515,11.567825598916766,2541.1089778193345,167.71560754906497,1954.896644126748,2543.895975530944,97.91015822256304,73.95071267470911,334.60220110122714,6.554317671079503,1265,-3.0000818921116292,-3.4664097598206824
5832,280.525,11.568147584236181,2541.1087932449445,167.71349979547298,1954.9008919532691,2543.895855197858,97.9101109175781,73.9489853653025,334.53687099044396,6.554522820172341,1265,-3.0000819059532846,-3.4659937413839197
5833,280.53499999999997,11.568469573877207,2541.1086086688247,167.7113927757447,1954.9051396867903,2543.895734864138,97.91006361250254,73.94725823785183,334.4715424057509,6.554727964472408,1265,-3.0000819197951065,-3.465577739554103
5834,280.54499999999996,11.56879156783827,2541.108424090977,167.70928648971093,1954.9093873273196,2543.895614529784,97.91001630733638,73.9455312923023,334.40621534698704,6.5549331039802095,1265,-3.0000819336370954,-3.465161754324135
5835,280.555,11.569113566117755,2541.108239511397,167.70718093719927,1954.9136348748682,2543.895494194796,97.90996900207963,73.94380452859927,334.3408898139915,6.555138238696251,1265,-3.000081947479252,-3.4647457856869335
5836,280.565,11.569435568714153,2541.108054930088,167.7050761179932,1954.9178823294467,2543.8953738591754,97.90992169673228,73.942077946688,334.2755658066036,6.555343368621035,1265,-3.0000819613215755,-3.464329833635379
5837,280.575,11.569757575625816,2541.107870347043,167.7029720318637,1954.9221296910628,2543.8952535229196,97.90987439129434,73.94035154651384,334.2102433246625,6.555548493755068,1265,-3.0000819751640666,-3.4639138981624105
5838,280.585,11.570079586851211,2541.1076857622656,167.70086867863276,1954.9263769597292,2543.8951331860317,97.9098270857658,73.93862532802208,334.1449223680075,6.555753614098855,1265,-3.0000819890067256,-3.4634979792609073
5839,280.59499999999997,11.570401602388735,2541.1075011757507,167.6987660581477,1954.930624135456,2543.8950128485085,97.90977978014668,73.93689929115811,334.07960293647795,6.5559587296528985,1265,-3.0000820028495525,-3.463082076923788
5840,280.60499999999996,11.570723622236859,2541.107316587498,167.69666417013985,1954.9348712182505,2543.8948925103523,97.90973247443696,73.93517343586728,334.0142850299133,6.556163840417705,1265,-3.000082016692547,-3.4626661911439593
5841,280.615,11.571045646394017,2541.107131997509,167.6945630144776,1954.939118208124,2543.8947721715626,97.90968516863666,73.93344776209496,333.94896864815297,6.5563689463937775,1265,-3.0000820305357103,-3.462250321914339
5842,280.625,11.57136767485862,2541.10694740578,167.6924625909566,1954.9433651050874,2543.8946518321404,97.90963786274578,73.93172226978655,333.88365379103647,6.556574047581619,1265,-3.0000820443790412,-3.4618344692278216
5843,280.635,11.571689707629089,2541.1067628123083,167.6903628993664,1954.9476119091496,2543.894531492083,97.90959055676431,73.92999695888744,333.8183404584033,6.556779143981735,1265,-3.0000820582225414,-3.4614186330773173
5844,280.645,11.572011744703948,2541.1065782170954,167.68826393949638,1954.9518586203217,2543.8944111513933,97.90954325069227,73.92827182934309,333.75302865009314,6.556984235594627,1265,-3.00008207206621,-3.461002813455745
5845,280.655,11.572333786081561,2541.1063936201394,167.6861657111294,1954.956105238613,2543.89429081007,97.90949594452964,73.92654688109889,333.68771836594556,6.5571893224208,1265,-3.000082085910048,-3.4605870103560084
5846,280.66499999999996,11.572655831760429,2541.106209021438,167.68406821412563,1954.960351764033,2543.8941704681133,97.90944863827644,73.92482211410032,333.6224096058002,6.557394404460758,1265,-3.0000820997540547,-3.4601712237710145
5847,280.67499999999995,11.572977881739002,2541.106024420989,167.68197144825513,1954.9645981965937,2543.894050125522,97.90940133193267,73.92309752829283,333.55710236949693,6.557599481715002,1265,-3.0000821135982303,-3.4597554536936816
5848,280.685,11.57329993601571,2541.1058398187947,167.67987541335435,1954.9688445363017,2543.893929782299,97.90935402549833,73.92137312362189,333.49179665687547,6.5578045541840355,1265,-3.0000821274425764,-3.459339700116912
5849,280.695,11.573621994589052,2541.1056552148507,167.67778010916862,1954.9730907831702,2543.8938094384425,97.90930671897341,73.91964890003302,333.42649246777563,6.558009621868362,1265,-3.000082141287092,-3.458923963033613
5850,280.705,11.573944057457457,2541.1054706091572,167.67568553558854,1954.9773369372067,2543.8936890939526,97.90925941235793,73.91792485747172,333.3611898020373,6.558214684768485,1265,-3.0000821551317776,-3.4585082424366975
5851,280.715,11.574266124619406,2541.1052860017126,167.67359169233134,1954.9815829984236,2543.8935687488306,97.90921210565187,73.9162009958835,333.29588865950046,6.558419742884905,1265,-3.0000821689766326,-3.4580925383190917
5852,280.72499999999997,11.574588196073364,2541.1051013925144,167.6714985792399,1954.9858289668293,2543.893448403074,97.90916479885526,73.91447731521393,333.2305890400051,6.558624796218127,1265,-3.0000821828216586,-3.4576768506736877
5853,280.735,11.574910271817803,2541.1049167815627,167.66940619609557,1954.990074842434,2543.8933280566853,97.90911749196809,73.91275381540852,333.16529094339114,6.55882984476865,1265,-3.0000821966668543,-3.4572611794934125
5854,280.745,11.575232351851207,2541.104732168857,167.6673145427422,1954.9943206252478,2543.8932077096642,97.90907018499036,73.91103049641286,333.0999943694987,6.55903488853698,1265,-3.0000822105122213,-3.456845524771163
5855,280.755,11.575554436172025,2541.1045475543933,167.66522361898527,1954.9985663152806,2543.8930873620093,97.90902287792206,73.90930735817254,333.03469931816795,6.559239927523614,1265,-3.0000822243577585,-3.456429886499877
5856,280.765,11.575876524778767,2541.1043629381725,167.66313342457215,1955.0028119125427,2543.8929670137213,97.9089755707632,73.90758440063314,332.96940578923903,6.559444961729058,1265,-3.000082238203467,-3.456014264672442
5857,280.775,11.576198617669908,2541.104178320193,167.66104395936452,1955.0070574170434,2543.8928466648013,97.9089282635138,73.90586162374026,332.9041137825522,6.559649991153812,1265,-3.0000822520493466,-3.4555986592817773
5858,280.78499999999997,11.576520714843937,2541.1039937004525,167.65895522312286,1955.011302828793,2543.892726315248,97.90888095617383,73.90413902743956,332.8388232979476,6.5598550157983775,1265,-3.0000822658953976,-3.4551830703207957
5859,280.79499999999996,11.576842816299349,2541.1038090789507,167.65686721574588,1955.0155481478023,2543.892605965062,97.90883364874333,73.90241661167664,332.7735343352657,6.560060035663256,1265,-3.00008227974162,-3.4547674977824308
5860,280.805,11.577164922034608,2541.1036244556853,167.65477993690902,1955.019793374079,2543.8924856142426,97.90878634122227,73.9006943763972,332.7082468943468,6.560265050748948,1265,-3.000082293588014,-3.454351941659575
5861,280.815,11.57748703204824,2541.103439830656,167.65269338650143,1955.024038507636,2543.892365262791,97.90873903361066,73.89897232154688,332.64296097503126,6.560470061055957,1265,-3.0000823074345804,-3.45393640194516
5862,280.825,11.577809146338762,2541.103255203863,167.65060756429875,1955.0282835484809,2543.8922449107076,97.90869172590851,73.89725044707134,332.5776765771596,6.560675066584781,1265,-3.0000823212813184,-3.453520878632077
5863,280.835,11.578131264904641,2541.103070575302,167.64852247013758,1955.0325284966245,2543.8921245579913,97.90864441811581,73.89552875291632,332.51239370057226,6.560880067335922,1265,-3.000082335128229,-3.453105371713259
5864,280.84499999999997,11.578453387744368,2541.102885944973,167.6464381037597,1955.0367733520768,2543.8920042046425,97.90859711023258,73.89380723902751,332.4471123451099,6.561085063309881,1265,-3.0000823489753117,-3.452689881181623
5865,280.85499999999996,11.578775514856487,2541.1027013128737,167.644354465035,1955.041018114848,2543.89188385066,97.90854980225879,73.89208590535064,332.38183251061304,6.5612900545071575,1265,-3.000082362822568,-3.4522744070300866
5866,280.865,11.579097646239509,2541.1025166790055,167.64227155373942,1955.0452627849477,2543.8917634960467,97.9085024941945,73.89036475183146,332.3165541969224,6.561495040928252,1265,-3.000082376669996,-3.4518589492515384
5867,280.875,11.579419781891918,2541.1023320433637,167.64018936967202,1955.0495073623858,2543.8916431407997,97.90845518603965,73.88864377841571,332.25127740387865,6.561700022573665,1265,-3.0000823905175977,-3.4514435078389343
5868,280.885,11.579741921812236,2541.10214740595,167.6381079126531,1955.0537518471715,2543.8915227849207,97.90840787779428,73.88692298504918,332.1860021313224,6.561904999443896,1265,-3.0000824043653718,-3.4510280827851756
5869,280.895,11.580064065999009,2541.1019627667624,167.6360271824838,1955.0579962393163,2543.891402428411,97.90836056945837,73.88520237167762,332.1207283790947,6.562109971539445,1265,-3.00008241821332,-3.450612674083164
5870,280.905,11.580386214450737,2541.1017781257974,167.63394717898493,1955.0622405388285,2543.8912820712667,97.90831326103192,73.88348193824686,332.0554561470362,6.562314938860811,1265,-3.000082432061441,-3.450197281725837
5871,280.91499999999996,11.58070836716598,2541.1015934830552,167.63186790191,1955.0664847457197,2543.891161713491,97.90826595251497,73.8817616847027,331.9901854349879,6.562519901408495,1265,-3.0000824459097366,-3.449781905706109
5872,280.92499999999995,11.581030524143207,2541.101408838536,167.629789351174,1955.0707288599979,2543.891041355083,97.90821864390747,73.88004161099097,331.9249162427907,6.562724859182996,1265,-3.000082459758206,-3.4493665460168876
5873,280.935,11.58135268538102,2541.1012241922367,167.6277115264214,1955.074972881675,2543.8909209960434,97.90817133520946,73.87832171705753,331.8596485702855,6.562929812184813,1265,-3.0000824736068488,-3.448951202651108
5874,280.945,11.581674850877882,2541.1010395441567,167.62563442761171,1955.07921681076,2543.8908006363718,97.90812402642092,73.8766020028482,331.7943824173135,6.563134760414445,1265,-3.0000824874556664,-3.4485358756016797
5875,280.955,11.581997020632397,2541.100854894294,167.62355805446975,1955.0834606472629,2543.890680276067,97.90807671754187,73.87488246830887,331.72911778371565,6.56333970387239,1265,-3.0000825013046586,-3.448120564861516
5876,280.965,11.58231919464304,2541.1006702426484,167.62148240683612,1955.087704391193,2543.8905599151312,97.90802940857232,73.87316311338543,331.66385466933315,6.563544642559148,1265,-3.0000825151538253,-3.4477052704235516
5877,280.97499999999997,11.582641372908416,2541.100485589218,167.61940748450533,1955.0919480425596,2543.890439553563,97.90798209951222,73.87144393802377,331.59859307400717,6.563749576475218,1265,-3.0000825290031665,-3.4472899922806906
5878,280.985,11.582963555427026,2541.1003009340016,167.61733328720845,1955.096191601375,2543.8903191913632,97.90793479036162,73.86972494216981,331.5333329975789,6.563954505621097,1265,-3.0000825428526827,-3.4468747304258693
5879,280.995,11.583285742197445,2541.1001162769976,167.61525981489845,1955.100435067648,2543.890198828531,97.90788748112053,73.86800612576948,331.4680744398896,6.564159429997285,1265,-3.000082556702375,-3.4464594848519923
5880,281.005,11.583607933218241,2541.099931618205,167.61318706725012,1955.1046784413868,2543.890078465068,97.9078401717889,73.86628748876873,331.40281740078063,6.564364349604279,1265,-3.000082570552242,-3.4460442555519846
5881,281.015,11.583930128487928,2541.0997469576228,167.61111504419054,1955.1089217226036,2543.889958100973,97.90779286236679,73.8645690311135,331.3375618800934,6.564569264442577,1265,-3.0000825844022843,-3.445629042518785
5882,281.025,11.58425232800509,2541.0995622952496,167.60904374545936,1955.113164911308,2543.889837736246,97.90774555285417,73.86285075274976,331.2723078776693,6.564774174512677,1265,-3.0000825982525026,-3.445213845745296
5883,281.03499999999997,11.584574531768274,2541.099377631084,167.60697317086874,1955.1174080075086,2543.8897173708874,97.90769824325103,73.86113265362353,331.2070553933497,6.564979079815077,1265,-3.000082612102897,-3.444798665224433
5884,281.04499999999996,11.584896739776068,2541.0991929651236,167.60490332022636,1955.121651011216,2543.8895970048966,97.9076509335574,73.85941473368075,331.14180442697625,6.565183980350275,1265,-3.000082625953468,-3.4443835009491464
5885,281.055,11.58521895202701,2541.0990082973694,167.60283419326052,1955.1258939224397,2543.889476638275,97.90760362377327,73.85769699286749,331.07655497839045,6.565388876118767,1265,-3.000082639804214,-3.4439683529123313
5886,281.065,11.585541168519692,2541.098823627819,167.60076578992124,1955.1301367411904,2543.889356271022,97.90755631389865,73.85597943112975,331.0113070474339,6.565593767121052,1265,-3.0000826536551375,-3.443553221106925
5887,281.075,11.58586338925266,2541.098638956469,167.59869810997296,1955.1343794674772,2543.889235903136,97.90750900393353,73.85426204841359,330.9460606339482,6.565798653357625,1265,-3.0000826675062378,-3.4431381055258488
5888,281.085,11.586185614224553,2541.0984542833226,167.59663115315436,1955.1386221013106,2543.8891155346196,97.9074616938779,73.85254484466506,330.8808157377752,6.566003534828984,1265,-3.0000826813575143,-3.4427230061620206
5889,281.09499999999997,11.586507843433886,2541.0982696083747,167.5945649193299,1955.1428646427003,2543.888995165472,97.90741438373179,73.85082781983023,330.8155723587565,6.566208411535628,1265,-3.0000826952089685,-3.4423079230083653
5890,281.10499999999996,11.58683007687926,2541.098084931625,167.59249940830037,1955.1471070916564,2543.888874795692,97.9073670734952,73.84911097385519,330.7503304967341,6.566413283478051,1265,-3.0000827090605995,-3.4418928560578177
5891,281.115,11.587152314559278,2541.0979002530744,167.59043461988554,1955.1513494481867,2543.8887544252825,97.9073197631681,73.84739430668603,330.6850901515496,6.566618150656749,1265,-3.000082722912408,-3.4414778053032777
5892,281.125,11.587474556472495,2541.0977155727187,167.58837055383364,1955.1555917123035,2543.8886340542404,97.90727245275053,73.84567781826888,330.61985132304505,6.566823013072221,1265,-3.0000827367643947,-3.4410627707377035
5893,281.135,11.587796802617524,2541.0975308905577,167.58630721002947,1955.1598338840163,2543.888513682567,97.90722514224248,73.84396150854985,330.55461401106237,6.567027870724961,1265,-3.000082750616559,-3.440647752353999
5894,281.145,11.588119052992973,2541.097346206591,167.58424458827338,1955.1640759633344,2543.8883933102634,97.90717783164395,73.84224537747511,330.4893782154435,6.567232723615466,1265,-3.000082764468901,-3.4402327501450887
5895,281.155,11.588441307597398,2541.0971615208155,167.58218268829188,1955.1683179502675,2543.888272937328,97.90713052095494,73.8405294249908,330.42414393603053,6.567437571744232,1265,-3.0000827783214206,-3.4398177641039083
5896,281.16499999999996,11.588763566429442,2541.096976833231,167.58012151001515,1955.1725598448252,2543.888152563761,97.90708321017544,73.8388136510431,330.3589111726655,6.567642415111756,1265,-3.000082792174119,-3.43940279422338
5897,281.17499999999995,11.589085829487678,2541.096792143836,167.57806105309558,1955.1768016470187,2543.8880321895635,97.90703589930547,73.8370980555782,330.29367992519065,6.56784725371853,1265,-3.0000828060269957,-3.438987840496423
5898,281.185,11.589408096770734,2541.09660745263,167.57600131748487,1955.181043356856,2543.8879118147356,97.90698858834503,73.83538263854228,330.228450193448,6.568052087565054,1265,-3.000082819880052,-3.438572902915982
5899,281.195,11.589730368277188,2541.09642275961,167.57394230295003,1955.1852849743484,2543.8877914392756,97.90694127729411,73.83366739988158,330.1632219772798,6.568256916651819,1265,-3.0000828337332863,-3.438157981474961
5900,281.205,11.590052644005686,2541.096238064777,167.57188400929152,1955.1895264995057,2543.8876710631853,97.90689396615274,73.8319523395423,330.0979952765285,6.568461740979324,1265,-3.0000828475867003,-3.4377430761662975
5901,281.215,11.59037492395482,2541.096053368127,167.5698264362497,1955.1937679323362,2543.8875506864633,97.90684665492087,73.83023745747072,330.0327700910362,6.568666560548062,1265,-3.000082861440293,-3.4373281869829277
5902,281.22499999999997,11.590697208123219,2541.095868669661,167.56776958371452,1955.1980092728518,2543.887430309111,97.90679934359856,73.82852275361306,329.9675464206454,6.568871375358528,1265,-3.0000828752940656,-3.4369133139177714
5903,281.235,11.591019496509494,2541.0956839693763,167.56571345148288,1955.2022505210607,2543.8873099311277,97.90675203218578,73.82680822791562,329.9023242651985,6.569076185411217,1265,-3.0000828891480174,-3.436498456963755
5904,281.245,11.59134178911231,2541.0954992672737,167.5636580393767,1955.2064916769739,2543.8871895525144,97.90670472068254,73.82509388032469,329.837103624538,6.5692809907066225,1265,-3.000082903002149,-3.4360836161137995
5905,281.255,11.591664085930198,2541.0953145633493,167.5616033471755,1955.2107327405995,2543.88706917327,97.90665740908884,73.82337971078654,329.77188449850627,6.56948579124524,1265,-3.000082916856461,-3.435668791360861
5906,281.265,11.591986386961882,2541.095129857603,167.5595493746948,1955.2149737119494,2543.8869487933944,97.9066100974047,73.82166571924752,329.706666886946,6.569690587027565,1265,-3.0000829307109522,-3.4352539826978403
5907,281.275,11.592308692205965,2541.0949451500337,167.55749612172428,1955.2192145910326,2543.8868284128885,97.90656278563009,73.81995190565394,329.6414507896998,6.56989537805409,1265,-3.0000829445656247,-3.4348391901176845
5908,281.28499999999997,11.592631001661044,2541.0947604406397,167.55544358813415,1955.2234553778574,2543.886708031752,97.906515473765,73.81823826995213,329.57623620661025,6.57010016432531,1265,-3.0000829584204776,-3.4344244136133195
5909,281.29499999999996,11.592953315325822,2541.0945757294203,167.5533917736937,1955.227696072436,2543.8865876499854,97.90646816180949,73.81652481208847,329.5110231375201,6.570304945841717,1265,-3.0000829722755116,-3.434009653177666
5910,281.305,11.59327563319888,2541.0943910163737,167.55134067816996,1955.2319366747768,2543.886467267588,97.90642084976352,73.81481153200933,329.4458115822721,6.5705097226038065,1265,-3.000082986130726,-3.4335949088036664
5911,281.315,11.593597955278927,2541.094206301499,167.54929030140804,1955.2361771848907,2543.8863468845607,97.90637353762709,73.81309842966108,329.38060154070905,6.57071449461207,1265,-3.0000829999861214,-3.433180180484241
5912,281.325,11.59392028156454,2541.094021584794,167.54724064327624,1955.2404176027862,2543.886226500902,97.90632622540024,73.81138550499013,329.3153930126738,6.570919261867004,1265,-3.000083013841698,-3.4327654682123234
5913,281.335,11.594242612054417,2541.0938368662587,167.5451917035167,1955.2446579284738,2543.8861061166135,97.90627891308293,73.8096727579429,329.25018599800916,6.5711240243691,1265,-3.000083027697457,-3.4323507719808544
5914,281.34499999999997,11.594564946747179,2541.09365214589,167.54314348192415,1955.2488981619629,2543.8859857316934,97.90623160067517,73.80796018846581,329.1849804965582,6.571328782118851,1265,-3.000083041553397,-3.431936091782764
5915,281.35499999999996,11.594887285641503,2541.0934674236883,167.54109597835082,1955.253138303263,2543.885865346144,97.90618428817697,73.80624779650529,329.1197765081638,6.57153353511675,1265,-3.000083055409519,-3.4315214276109804
5916,281.365,11.59520962873605,2541.0932826996536,167.5390491925995,1955.2573783523853,2543.885744959966,97.90613697558835,73.80453558200783,329.054574032669,6.571738283363289,1265,-3.000083069265822,-3.4311067794584136
5917,281.375,11.595531976029466,2541.0930979737814,167.53700312448873,1955.2616183093387,2543.885624573156,97.9060896629093,73.80282354491987,328.989373069917,6.571943026858962,1265,-3.0000830831223086,-3.4306921473180427
5918,281.385,11.595854327520428,2541.0929132460715,167.5349577737404,1955.265858174132,2543.8855041857155,97.90604235013978,73.80111168518792,328.92417361975083,6.572147765604262,1265,-3.000083096978977,-3.4302775311827656
5919,281.395,11.596176683207581,2541.092728516524,167.53291314030326,1955.2700979467763,2543.8853837976458,97.90599503727987,73.79940000275845,328.85897568201364,6.572352499599679,1265,-3.0000831108358277,-3.42986293104552
5920,281.405,11.596499043089628,2541.0925437851356,167.53086922393265,1955.274337627281,2543.8852634089453,97.90594772432951,73.79768849757798,328.7937792565487,6.5725572288457075,1265,-3.000083124692862,-3.429448346899249
5921,281.41499999999996,11.596821407165233,2541.092359051907,167.5288260244112,1955.2785772156565,2543.885143019616,97.90590041128871,73.79597716959307,328.7285843431993,6.572761953342839,1265,-3.0000831385500786,-3.429033778736884
5922,281.42499999999995,11.597143775433043,2541.092174316836,167.5267835415654,1955.2828167119108,2543.885022629656,97.90585309815751,73.79426601875024,328.66339094180876,6.572966673091564,1265,-3.0000831524074787,-3.4286192265513646
5923,281.435,11.597466147891778,2541.0919895799207,167.5247417751648,1955.287056116056,2543.884902239066,97.90580578493585,73.79255504499604,328.59819905222037,6.573171388092376,1265,-3.000083166265062,-3.428204690335612
5924,281.445,11.59778852454008,2541.09180484116,167.522700725099,1955.2912954280991,2543.8847818478457,97.9057584716238,73.79084424827703,328.5330086742776,6.573376098345766,1265,-3.0000831801228287,-3.4277901700825804
5925,281.455,11.598110905376663,2541.0916201005543,167.52066039112802,1955.2955346480521,2543.884661455997,97.90571115822131,73.78913362853982,328.4678198078239,6.573580803852225,1265,-3.00008319398078,-3.427375665785174
5926,281.465,11.598433290400216,2541.0914353581006,167.5186207730825,1955.299773775925,2543.884541063517,97.9056638447284,73.787423185731,328.40263245270273,6.573785504612245,1265,-3.000083207838914,-3.4269611774363544
5927,281.47499999999997,11.598755679609399,2541.0912506137975,167.51658187075972,1955.304012811725,2543.884420670408,97.90561653114509,73.78571291979716,328.3374466087577,6.573990200626318,1265,-3.000083221697232,-3.426546705029044
5928,281.485,11.599078073002945,2541.091065867645,167.51454368394994,1955.308251755465,2543.8843002766694,97.90556921747134,73.78400283068497,328.2722622758325,6.574194891894932,1265,-3.0000832355557354,-3.4261322485561903
5929,281.495,11.599400470579528,2541.0908811196405,167.512506212502,1955.3124906071519,2543.8841798823005,97.90552190370721,73.78229291834103,328.2070794537706,6.57439957841858,1265,-3.0000832494144225,-3.425717808010727
5930,281.505,11.599722872337848,2541.090696369783,167.51046945621783,1955.3167293667977,2543.8840594873013,97.90547458985264,73.78058318271201,328.14189814241576,6.574604260197753,1265,-3.0000832632732948,-3.425303383385582
5931,281.515,11.60004527827659,2541.0905116180734,167.50843341491623,1955.32096803441,2543.883939091675,97.90542727590767,73.77887362374459,328.0767183416118,6.57480893723294,1265,-3.0000832771323513,-3.4248889746737
5932,281.525,11.60036768839451,2541.0903268645075,167.50639808835786,1955.3252066100006,2543.8838186954176,97.90537996187231,73.77716424138544,328.01154005120236,6.575013609524634,1265,-3.000083290991593,-3.424474581868015
5933,281.53499999999997,11.600690102690274,2541.0901421090853,167.50436347642,1955.3294450935782,2543.8836982985313,97.90533264774653,73.77545503558123,327.94636327103143,6.575218277073323,1265,-3.00008330485102,-3.424060204961464
5934,281.54499999999996,11.601012521162597,2541.089957351805,167.50232957889367,1955.3336834851527,2543.8835779010146,97.90528533353034,73.77374600627873,327.8811880009428,6.575422939879498,1265,-3.000083318710632,-3.4236458439469946
5935,281.555,11.60133494381019,2541.089772592666,167.5002963955895,1955.3379217847335,2543.88345750287,97.90523801922376,73.77203715342463,327.8160142407805,6.575627597943649,1265,-3.00008333257043,-3.4232314988175307
5936,281.565,11.601657370631804,2541.089587831667,167.49826392628577,1955.3421599923306,2543.8833371040955,97.90519070482678,73.77032847696567,327.7508419903884,6.575832251266266,1265,-3.000083346430413,-3.422817169566018
5937,281.575,11.601979801626115,2541.089403068805,167.49623217082708,1955.346398107954,2543.8832167046908,97.9051433903394,73.7686199768486,327.6856712496105,6.576036899847838,1265,-3.0000833602905828,-3.4224028561853994
5938,281.585,11.602302236791859,2541.089218304082,167.49420112899136,1955.3506361316124,2543.8830963046576,97.90509607576163,73.76691165302019,327.62050201829095,6.576241543688854,1265,-3.0000833741509383,-3.4219885586685983
5939,281.59499999999997,11.602624676127775,2541.0890335374925,167.49217080064034,1955.3548740633164,2543.882975903994,97.90504876109345,73.76520350542722,327.55533429627394,6.576446182789806,1265,-3.0000833880114803,-3.421574277008581
5940,281.60499999999996,11.602947119632567,2541.08884876904,167.49014118557702,1955.3591119030757,2543.882855502703,97.90500144633492,73.7634955340165,327.4901680834035,6.57665081715118,1265,-3.0000834018722085,-3.4211600111982605
5941,281.615,11.60326956730497,2541.0886639987207,167.48811228354563,1955.3633496509008,2543.8827351007826,97.90495413148597,73.76178773873482,327.4250033795239,6.576855446773467,1265,-3.0000834157331235,-3.42074576123059
5942,281.625,11.603592019143752,2541.0884792265315,167.48608409447078,1955.3675873067994,2543.882614698232,97.90490681654663,73.76008011952902,327.3598401844794,6.577060071657156,1265,-3.000083429594225,-3.4203315270985106
5943,281.635,11.603914475147628,2541.0882944524737,167.48405661803267,1955.3718248707823,2543.8824942950528,97.90485950151691,73.75837267634593,327.29467849811437,6.5772646918027355,1265,-3.000083443455514,-3.419917308794957
5944,281.645,11.604236935315324,2541.0881096765456,167.48202985418513,1955.3760623428602,2543.8823738912447,97.90481218639681,73.75666540913238,327.2295183202731,6.577469307210693,1265,-3.00008345731699,-3.4195031063128702
5945,281.655,11.604559399645591,2541.0879248987453,167.4800038026039,1955.3802997230407,2543.8822534868073,97.90476487118633,73.75495831783527,327.16435965079995,6.577673917881519,1265,-3.0000834711786535,-3.419088919645203
5946,281.66499999999996,11.604881868137163,2541.0877401190724,167.47797846321515,1955.384537011334,2543.8821330817414,97.90471755588548,73.75325140240146,327.0992024895394,6.577878523815701,1265,-3.000083485040505,-3.4186747487848823
5947,281.67499999999995,11.60520434078882,2541.087555337526,167.47595383576254,1955.388774207751,2543.8820126760475,97.90467024049424,73.75154466277785,327.03404683633596,6.578083125013727,1265,-3.0000834989025433,-3.4182605937248547
5948,281.685,11.605526817599308,2541.087370554103,167.47392992008727,1955.3930113123015,2543.881892269724,97.90462292501262,73.74983809891133,326.96889269103417,6.578287721476085,1265,-3.0000835127647703,-3.417846454458074
5949,281.695,11.605849298567344,2541.087185768803,167.47190671594905,1955.3972483249931,2543.8817718627715,97.90457560944064,73.74813171074884,326.90374005347866,6.578492313203263,1265,-3.0000835266271855,-3.4174323309774657
5950,281.705,11.606171783691734,2541.0870009816244,167.46988422323943,1955.4014852458388,2543.8816514551904,97.90452829377828,73.74642549823731,326.83858892351395,6.578696900195748,1265,-3.000083540489789,-3.417018223275984
5951,281.715,11.606494272971185,2541.0868161925673,167.46786244172466,1955.4057220748434,2543.881531046981,97.90448097802556,73.74471946132368,326.7734393009849,6.57890148245403,1265,-3.0000835543525812,-3.4166041313465554
5952,281.72499999999997,11.60681676640449,2541.0866314016284,167.46584137123864,1955.409958812022,2543.8814106381424,97.90443366218247,73.74301359995493,326.7082911857361,6.579106059978594,1265,-3.0000835682155618,-3.416190055182149
5953,281.735,11.607139263990442,2541.0864466088083,167.46382101157099,1955.4141954573804,2543.8812902286745,97.90438634624901,73.74130791407805,326.64314457761236,6.579310632769929,1265,-3.000083582078731,-3.415775994775687
5954,281.745,11.607461765727733,2541.086261814104,167.4618013625253,1955.4184320109293,2543.8811698185787,97.90433903022519,73.73960240363998,326.5779994764585,6.579515200828521,1265,-3.00008359594209,-3.415361950120129
5955,281.755,11.607784271615209,2541.086077017517,167.4597824239427,1955.4226684726796,2543.881049407855,97.904291714111,73.73789706858777,326.51285588211937,6.579719764154857,1265,-3.000083609805637,-3.4149479212084044
5956,281.765,11.608106781651621,2541.085892219042,167.4577641956482,1955.4269048426388,2543.880928996502,97.90424439790645,73.73619190886842,326.44771379444,6.579924322749425,1265,-3.000083623669375,-3.4145339080334676
5957,281.775,11.608429295835704,2541.08570741868,167.45574667740334,1955.431141120819,2543.8808085845208,97.90419708161154,73.73448692442896,326.38257321326523,6.58012887661271,1265,-3.0000836375333018,-3.4141199105882607
5958,281.78499999999997,11.608751814166299,2541.085522616431,167.4537298690793,1955.4353773072287,2543.880688171911,97.9041497652263,73.73278211521645,326.3174341384401,6.5803334257451995,1265,-3.0000836513974183,-3.4137059288657388
5959,281.79499999999996,11.609074336642154,2541.0853378122915,167.45171377046614,1955.4396134018764,2543.880567758673,97.90410244875068,73.73107748117795,326.25229656980974,6.580537970147382,1265,-3.000083665261725,-3.413291962858827
5960,281.805,11.609396863262075,2541.085153006261,167.44969838136055,1955.4438494047731,2543.8804473448067,97.90405513218471,73.72937302226052,326.1871605072191,6.58074250981974,1265,-3.000083679126222,-3.412878012560484
5961,281.815,11.609719394024836,2541.0849681983386,167.44768370156655,1955.4480853159282,2543.8803269303125,97.90400781552839,73.72766873841124,326.12202595051355,6.5809470447627625,1265,-3.0000836929909096,-3.412464077963655
5962,281.825,11.610041928929201,2541.0847833885227,167.44566973097315,1955.4523211353512,2543.8802065151904,97.90396049878173,73.72596462957723,326.05689289953807,6.581151574976935,1265,-3.000083706855787,-3.4120501590612795
5963,281.835,11.610364467974012,2541.084598576812,167.44365646927994,1955.4565568630521,2543.8800860994393,97.90391318194472,73.72426069570562,325.991761354138,6.5813561004627426,1265,-3.000083720720856,-3.4116362558463074
5964,281.84499999999997,11.610687011158051,2541.0844137632057,167.44164391638895,1955.4607924990405,2543.8799656830606,97.90386586501737,73.72255693674353,325.9266313141587,6.581560621220671,1265,-3.0000837345861155,-3.4112223683116993
5965,281.85499999999996,11.611009558480104,2541.084228947702,167.43963207210265,1955.465028043325,2543.879845266054,97.90381854799968,73.72085335263807,325.86150277944546,6.581765137251207,1265,-3.000083748451566,-3.4108084964503886
5966,281.865,11.611332109939,2541.0840441302976,167.4376209361774,1955.4692634959176,2543.879724848418,97.90377123089164,73.71914994333646,325.79637574984366,6.581969648554834,1265,-3.0000837623172085,-3.41039464025532
5967,281.875,11.611654665533505,2541.0838593109956,167.4356105084987,1955.473498856825,2543.8796044301557,97.90372391369327,73.71744670878583,325.73125022519866,6.582174155132038,1265,-3.000083776183042,-3.4099807997194587
5968,281.885,11.611977225262473,2541.083674489792,167.43360078881034,1955.4777341260587,2543.879484011264,97.90367659640455,73.71574364893337,325.6661262053561,6.582378656983306,1265,-3.000083790049067,-3.40956697483573
5969,281.895,11.612299789124659,2541.083489666685,167.43159177698843,1955.4819693036275,2543.8793635917455,97.90362927902552,73.71404076372627,325.6010036901613,6.582583154109121,1265,-3.0000838039152846,-3.4091531655971012
5970,281.905,11.612622357118932,2541.083304841676,167.42958347282953,1955.486204389542,2543.8792431715997,97.90358196155613,73.71233805311176,325.53588267946,6.582787646509967,1265,-3.000083817781694,-3.408739371996509
5971,281.91499999999996,11.612944929244074,2541.083120014761,167.42757587611626,1955.49043938381,2543.8791227508245,97.90353464399644,73.71063551703706,325.47076317309774,6.5829921341863304,1265,-3.0000838316482956,-3.4083255940269073
5972,281.92499999999995,11.61326750549894,2541.0829351859397,167.42556898671114,1955.4946742864436,2543.8790023294223,97.9034873263464,73.70893315544942,325.4056451709202,6.583196617138697,1265,-3.000083845515089,-3.407911831681236
5973,281.935,11.613590085882311,2541.082750355211,167.42356280439844,1955.4989090974502,2543.8788819073916,97.90344000860604,73.70723096829609,325.3405286727731,6.583401095367547,1265,-3.000083859382076,-3.4074980849524668
5974,281.945,11.613912670393036,2541.0825655225744,167.4215573290072,1955.5031438168414,2543.8787614847347,97.90339269077536,73.70552895552433,325.27541367850216,6.583605568873368,1265,-3.000083873249255,-3.4070843538335365
5975,281.955,11.614235259029922,2541.0823806880258,167.41955256035348,1955.5073784446251,2543.8786410614484,97.90334537285436,73.70382711708145,325.2103001879533,6.583810037656644,1265,-3.0000838871166273,-3.40667063831739
5976,281.965,11.614557851791808,2541.0821958515667,167.4175484981932,1955.511612980811,2543.8785206375355,97.90329805484302,73.7021254529147,325.14518820097226,6.584014501717857,1265,-3.000083900984193,-3.406256938396991
5977,281.97499999999997,11.614880448677544,2541.082011013194,167.41554514241187,1955.51584742541,2543.878400212994,97.90325073674137,73.70042396297144,325.08007771740495,6.584218961057493,1265,-3.000083914851952,-3.4058432540652746
5978,281.985,11.615203049685961,2541.0818261729096,167.41354249284075,1955.52008177843,2543.878279787826,97.90320341854942,73.69872264719896,325.0149687370974,6.584423415676034,1265,-3.000083928719905,-3.4054295853152086
5979,281.995,11.615525654815889,2541.081641330709,167.41154054920395,1955.524316039882,2543.878159362031,97.90315610026714,73.69702150554461,324.94986125989544,6.584627865573965,1265,-3.0000839425880512,-3.4050159321397295
5980,282.005,11.615848264066184,2541.0814564865905,167.40953931136517,1955.5285502097747,2543.8780389356066,97.90310878189456,73.69532053795574,324.8847552856453,6.584832310751768,1265,-3.0000839564563915,-3.4046022945318
5981,282.015,11.616170877435659,2541.0812716405558,167.40753877916228,1955.5327842881193,2543.8779185085564,97.90306146343165,73.69361974437972,324.8196508141929,6.585036751209926,1265,-3.000083970324926,-3.404188672484366
5982,282.025,11.6164934949232,2541.081086792601,167.4055389523966,1955.5370182749227,2543.8777980808773,97.90301414487844,73.69191912476391,324.7545478453846,6.585241186948924,1265,-3.0000839841936546,-3.4037750659903794
5983,282.03499999999997,11.616816116527652,2541.0809019427275,167.40353983087476,1955.5412521701971,2543.8776776525724,97.90296682623493,73.69021867905573,324.6894463790663,6.585445617969243,1265,-3.000083998062578,-3.403361475042796
5984,282.04499999999996,11.617138742247839,2541.080717090931,167.40154141438873,1955.5454859739502,2543.8775572236395,97.90291950750111,73.68851840720258,324.62434641508435,6.585650044271366,1265,-3.000084011931696,-3.402947899634564
5985,282.055,11.617461372082644,2541.080532237213,167.39954370280554,1955.5497196861925,2543.8774367940805,97.90287218867698,73.68681830915187,324.5592479532851,6.585854465855777,1265,-3.000084025801009,-3.4025343397586445
5986,282.065,11.617784006030915,2541.0803473815704,167.39754669588277,1955.553953306933,2543.8773163638934,97.90282486976255,73.68511838485104,324.49415099351467,6.586058882722957,1265,-3.0000840396705164,-3.4021207954079946
5987,282.075,11.618106644091522,2541.0801625240024,167.39555039350736,1955.5581868361824,2543.8771959330793,97.90277755075783,73.68341863424753,324.4290555356196,6.5862632948733895,1265,-3.000084053540219,-3.401707266575545
5988,282.085,11.618429286263328,2541.079977664507,167.39355479541214,1955.5624202739493,2543.8770755016376,97.9027302316628,73.68171905728882,324.36396157944625,6.586467702307556,1265,-3.0000840674101177,-3.4012937532542753
5989,282.09499999999997,11.618751932545184,2541.0797928030847,167.39155990148956,1955.5666536202432,2543.8769550695692,97.90268291247749,73.68001965392237,324.2988691248411,6.586672105025938,1265,-3.000084081280211,-3.4008802554371305
5990,282.10499999999996,11.619074582935967,2541.0796079397337,167.3895657115094,1955.5708868750744,2543.8768346368743,97.90263559320188,73.67832042409567,324.23377817165056,6.586876503029019,1265,-3.0000840951505015,-3.400466773117059
5991,282.115,11.619397237434566,2541.079423074451,167.38757222528085,1955.575120038451,2543.8767142035517,97.90258827383597,73.67662136775623,324.1686887197213,6.587080896317279,1265,-3.000084109020987,-3.4000533062870257
5992,282.125,11.619719896039863,2541.079238207237,167.38557944264764,1955.5793531103848,2543.876593769602,97.90254095437977,73.67492248485155,324.1036007688998,6.587285284891202,1265,-3.0000841228916695,-3.399639854939975
5993,282.135,11.620042558750711,2541.0790533380905,167.38358736342707,1955.583586090883,2543.876473335027,97.90249363483329,73.67322377532919,324.0385143190328,6.587489668751267,1265,-3.0000841367625477,-3.3992264190688672
5994,282.145,11.620365225565997,2541.0788684670088,167.38159598739108,1955.5878189799573,2543.8763528998234,97.90244631519653,73.67152523913668,323.973429369967,6.587694047897957,1265,-3.0000841506336227,-3.3988129986666653
5995,282.155,11.620687896484617,2541.078683593992,167.37960531440982,1955.5920517776158,2543.876232463994,97.90239899546948,73.66982687622156,323.90834592154897,6.587898422331751,1265,-3.0000841645048943,-3.3983995937263205
5996,282.16499999999996,11.621010571505446,2541.0784987190386,167.37761534427736,1955.596284483868,2543.8761120275376,97.90235167565217,73.66812868653143,323.84326397362565,6.588102792053132,1265,-3.000084178376363,-3.397986204240785
5997,282.17499999999995,11.621333250627364,2541.0783138421466,167.37562607679166,1955.600517098724,2543.8759915904543,97.90230435574455,73.66643067001385,323.7781835260439,6.58830715706258,1265,-3.000084192248029,-3.397572830203009
5998,282.185,11.621655933849294,2541.078128963315,167.37363751180408,1955.6047496221931,2543.875871152744,97.90225703574666,73.66473282661644,323.7131045786505,6.588511517360576,1265,-3.000084206119892,-3.397159471605984
5999,282.195,11.621978621170102,2541.077944082544,167.37164964908627,1955.6089820542857,2543.875750714408,97.9022097156585,73.66303515628681,323.64802713129234,6.588715872947602,1265,-3.0000842199919524,-3.3967461284426226
6000,282.205,11.622301312588725,2541.0777591998294,167.3696624885361,1955.61321439501,2543.875630275444,97.90216239548006,73.66133765897257,323.5829511838164,6.588920223824136,1265,-3.0000842338642104,-3.396332800705899
6001,282.215,11.622624008104022,2541.0775743151735,167.36767602984457,1955.6174466443767,2543.875509835855,97.90211507521136,73.65964033462139,323.5178767360698,6.589124569990661,1265,-3.000084247736667,-3.39591948838878
6002,282.22499999999997,11.622946707714915,2541.077389428572,167.36569027292614,1955.621678802394,2543.875389395639,97.90206775485238,73.65794318318088,323.45280378789954,6.589328911447654,1265,-3.0000842616093206,-3.395506191484225
6003,282.235,11.623269411420312,2541.0772045400254,167.36370521759855,1955.6259108690722,2543.8752689547964,97.90202043440314,73.65624620459874,323.3877323391527,6.589533248195598,1265,-3.000084275482173,-3.395092909985174
6004,282.245,11.623592119219131,2541.0770196495305,167.36172086358025,1955.6301428444212,2543.875148513326,97.90197311386362,73.65454939882265,323.3226623896764,6.58973758023497,1265,-3.0000842893552235,-3.394679643884607
6005,282.255,11.623914831110248,2541.076834757089,167.35973721082453,1955.6343747284504,2543.8750280712316,97.90192579323384,73.65285276580029,323.2575939393179,6.589941907566251,1265,-3.000084303228473,-3.3942663931754677
6006,282.265,11.624237547092617,2541.076649862697,167.35775425906112,1955.6386065211689,2543.87490762851,97.90187847251381,73.65115630547938,323.1925269879245,6.590146230189922,1265,-3.000084317101922,-3.3938531578507107
6007,282.275,11.624560267165137,2541.0764649663547,167.35577200810636,1955.6428382225854,2543.874787185162,97.9018311517035,73.64946001780763,323.1274615353434,6.59035054810646,1265,-3.000084330975569,-3.3934399379033175
6008,282.28499999999997,11.624882991326755,2541.07628006806,167.35379045782125,1955.6470698327112,2543.8746667411874,97.90178383080296,73.64776390273279,323.062397581422,6.590554861316346,1265,-3.0000843448494146,-3.393026733326229
6009,282.29499999999996,11.625205719576352,2541.076095167812,167.35180960799042,1955.6513013515548,2543.8745462965876,97.90173650981214,73.64606796020261,322.99733512600756,6.59075916982006,1265,-3.000084358723461,-3.392613544112417
6010,282.305,11.625528451912869,2541.075910265609,167.34982945845647,1955.655532779125,2543.8744258513602,97.90168918873108,73.64437219016484,322.93227416894763,6.590963473618078,1265,-3.0000843725977067,-3.392200370254844
6011,282.315,11.625851188335249,2541.0757253614506,167.34785000899646,1955.6597641154333,2543.874305405508,97.90164186755976,73.64267659256727,322.8672147100896,6.5911677727108815,1265,-3.0000843864721514,-3.3917872117464554
6012,282.325,11.626173928842414,2541.075540455335,167.3458712594748,1955.663995360488,2543.874184959029,97.90159454629818,73.64098116735768,322.80215674928115,6.5913720670989475,1265,-3.0000844003467964,-3.3913740685802165
6013,282.335,11.626496673433303,2541.0753555472616,167.34389320968373,1955.6682265142979,2543.874064511924,97.90154722494636,73.63928591448386,322.7371002863697,6.591576356782756,1265,-3.0000844142216416,-3.3909609407490935
6014,282.34499999999997,11.626819422106841,2541.0751706372275,167.34191585942372,1955.6724575768735,2543.8739440641934,97.9014999035043,73.63759083389367,322.6720453212028,6.591780641762784,1265,-3.0000844280966867,-3.3905478282460537
6015,282.35499999999996,11.627142174861996,2541.074985725232,167.33993920854573,1955.676688548224,2543.873823615836,97.90145258197198,73.6358959255349,322.6069918536283,6.5919849220395115,1265,-3.000084441971933,-3.390134731064045
6016,282.365,11.62746493169768,2541.0748008112755,167.3379632568261,1955.680919428359,2543.873703166854,97.90140526034943,73.63420118935541,322.54193988349385,6.592189197613415,1265,-3.000084455847379,-3.3897216491960376
6017,282.375,11.627787692612866,2541.0746158953557,167.33598800415567,1955.6851502172879,2543.873582717246,97.90135793863665,73.63250662530305,322.4768894106471,6.592393468484972,1265,-3.000084469723027,-3.389308582634986
6018,282.385,11.628110457606471,2541.07443097747,167.33401345024694,1955.6893809150204,2543.8734622670113,97.90131061683361,73.63081223332571,322.411840434936,6.592597734654662,1265,-3.000084483598875,-3.3888955313738727
6019,282.395,11.62843322667745,2541.0742460576193,167.33203959503456,1955.6936115215651,2543.8733418161514,97.90126329494035,73.62911801337124,322.3467929562083,6.592801996122962,1265,-3.0000844974749246,-3.3884824954056376
6020,282.405,11.628755999824804,2541.0740611358,167.33006643823649,1955.6978420369326,2543.873221364665,97.90121597295685,73.62742396538759,322.2817469743119,6.5930062528903495,1265,-3.000084511351176,-3.388069474723251
6021,282.41499999999996,11.629078777047429,2541.0738762120136,167.32809397972517,1955.7020724611316,2543.873100912554,97.9011686508831,73.62573008932264,322.2167024890947,6.593210504957303,1265,-3.0000845252276283,-3.387656469319682
6022,282.42499999999995,11.629401558344316,2541.0736912862553,167.32612221931328,1955.706302794172,2543.8729804598165,97.90112132871914,73.62403638512433,322.1516595004048,6.593414752324298,1265,-3.000084539104283,-3.3872434791878985
6023,282.435,11.629724343714427,2541.073506358528,167.32415115681692,1955.7105330360637,2543.8728600064546,97.90107400646494,73.62234285274059,322.0866180080901,6.593618994991812,1265,-3.0000845529811397,-3.386830504320851
6024,282.445,11.630047133156706,2541.073321428828,167.32218079202957,1955.714763186814,2543.8727395524666,97.90102668412052,73.62064949211937,322.0215780119987,6.593823232960323,1265,-3.0000845668581992,-3.386417544711512
6025,282.455,11.63036992667014,2541.0731364971525,167.32021112478216,1955.7189932464348,2543.872619097852,97.90097936168587,73.61895630320863,321.9565395119788,6.5940274662303064,1265,-3.00008458073546,-3.3860046003528477
6026,282.465,11.6306927242537,2541.072951563504,167.31824215494095,1955.723223214935,2543.872498642613,97.90093203916099,73.61726328595637,321.89150250787856,6.594231694802241,1265,-3.000084594612924,-3.3855916712378082
6027,282.47499999999997,11.631015525906347,2541.072766627878,167.3162738822634,1955.7274530923232,2543.872378186748,97.90088471654592,73.61557044031058,321.8264669995461,6.5944359186766,1265,-3.0000846084905906,-3.385178757359382
6028,282.485,11.631338331627083,2541.0725816902764,167.3143063066071,1955.7316828786097,2543.8722577302583,97.90083739384059,73.61387776621926,321.76143298682973,6.5946401378538635,1265,-3.00008462236846,-3.384765858710517
6029,282.495,11.631661141414854,2541.072396750693,167.3123394277389,1955.735912573804,2543.8721372731416,97.90079007104508,73.61218526363044,321.6964004695777,6.594844352334505,1265,-3.0000846362465325,-3.3843529752841857
6030,282.505,11.631983955268655,2541.072211809132,167.31037324550323,1955.7401421779143,2543.872016815402,97.90074274815933,73.61049293249214,321.6313694476385,6.595048562119002,1265,-3.000084650124808,-3.3839401070733484
6031,282.515,11.63230677318748,2541.0720268655887,167.30840775975713,1955.7443716909522,2543.8718963570354,97.90069542518337,73.6088007727524,321.56633992086046,6.595252767207831,1265,-3.000084664003287,-3.383527254070984
6032,282.525,11.632629595170297,2541.0718419200634,167.30644297026848,1955.748601112925,2543.871775898044,97.9006481021172,73.60710878435931,321.50131188909194,6.595456967601466,1265,-3.0000846778819708,-3.383114416270036
6033,282.53499999999997,11.632952421216105,2541.0716569725555,167.30447887690755,1955.7528304438429,2543.871655438429,97.90060077896082,73.60541696726094,321.4362853521815,6.5956611633003845,1265,-3.000084691760858,-3.3827015936634997
6034,282.54499999999996,11.63327525132392,2541.07147202306,167.30251547944277,1955.7570596837156,2543.8715349781864,97.90055345571425,73.60372532140538,321.37126030997774,6.595865354305061,1265,-3.000084705639949,-3.382288786244329
6035,282.555,11.633598085492679,2541.0712870715797,167.30055277768685,1955.761288832552,2543.8714145173203,97.90050613237746,73.6020338467407,321.3062367623291,6.59606954061597,1265,-3.0000847195192444,-3.3818759940054814
6036,282.565,11.633920923721437,2541.0711021181114,167.2985907715202,1955.7655178903622,2543.871294055829,97.90045880895046,73.60034254321504,321.2412147090843,6.5962737222335885,1265,-3.0000847333987437,-3.3814632169399395
6037,282.575,11.634243766009174,2541.0709171626545,167.2966294607052,1955.7697468571553,2543.8711735937122,97.90041148543327,73.59865141077653,321.176194150092,6.596477899158391,1265,-3.0000847472784486,-3.381050455040667
6038,282.585,11.63456661235488,2541.070732205206,167.29466884508219,1955.77397573294,2543.87105313097,97.90036416182588,73.5969604493733,321.1111750852009,6.596682071390852,1265,-3.000084761158358,-3.380637708300631
6039,282.59499999999997,11.634889462757576,2541.0705472457685,167.29270892450216,1955.7782045177278,2543.8709326676044,97.90031683812828,73.59526965895351,321.0461575142598,6.596886238931447,1265,-3.0000847750384723,-3.3802249767127934
6040,282.60499999999996,11.635212317216277,2541.070362284336,167.29074969869808,1955.7824332115256,2543.870812203613,97.9002695143405,73.59357903946535,320.9811414371174,6.59709040178065,1265,-3.000084788918792,-3.3798122602701324
6041,282.615,11.635535175729956,2541.0701773209103,167.288791167578,1955.7866618143441,2543.870691738996,97.9002221904625,73.59188859085697,320.9161268536227,6.597294559938936,1265,-3.0000848027993166,-3.3793995589656145
6042,282.625,11.6358580382977,2541.0699923554907,167.2868333309191,1955.7908903261928,2543.870571273756,97.90017486649432,73.5901983130766,320.85111376362454,6.597498713406779,1265,-3.000084816680047,-3.3789868727922023
6043,282.635,11.636180904918474,2541.0698073880726,167.28487618856758,1955.795118747082,2543.8704508078895,97.90012754243595,73.58850820607242,320.78610216697183,6.597702862184653,1265,-3.0000848305609833,-3.3785742017428886
6044,282.645,11.636503775591304,2541.0696224186577,167.2829197403244,1955.7993470770189,2543.8703303413986,97.90008021828741,73.58681826979266,320.7210920635136,6.597907006273032,1265,-3.000084844442125,-3.3781615458106176
6045,282.655,11.636826650315204,2541.069437447244,167.28096398601264,1955.8035753160134,2543.8702098742842,97.90003289404866,73.58512850418556,320.6560834530989,6.598111145672392,1265,-3.000084858323474,-3.377748904988358
6046,282.66499999999996,11.63714952908921,2541.069252473828,167.2790089254208,1955.8078034640766,2543.870089406543,97.89998556971973,73.58343890919939,320.5910763355768,6.598315280383204,1265,-3.0000848722050284,-3.3773362792691053
6047,282.67499999999995,11.637472411912368,2541.0690674984135,167.27705455842334,1955.8120315212157,2543.8699689381797,97.89993824530063,73.58174948478236,320.52607071079643,6.598519410405943,1265,-3.0000848860867895,-3.3769236686457975
6048,282.685,11.637795298783667,2541.068882520996,167.27510088481836,1955.8162594874418,2543.869848469192,97.89989092079135,73.58006023088281,320.46106657860696,6.598723535741082,1265,-3.000084899968757,-3.3765110731114283
6049,282.695,11.638118189702194,2541.0686975415733,167.27314790441753,1955.820487362763,2543.869727999579,97.89984359619189,73.57837114744899,320.3960639388576,6.598927656389097,1265,-3.000084913850932,-3.376098492658974
6050,282.705,11.638441084666946,2541.0685125601444,167.27119561703492,1955.8247151471903,2543.8696075293406,97.89979627150225,73.57668223442921,320.33106279139764,6.599131772350456,1265,-3.000084927733314,-3.375685927281382
6051,282.715,11.638763983676968,2541.068327576709,167.26924402248827,1955.828942840732,2543.869487058478,97.89974894672243,73.57499349177179,320.2660631360764,6.599335883625637,1265,-3.000084941615903,-3.3752733769716516
6052,282.72499999999997,11.639086886731318,2541.0681425912658,167.2672931206505,1955.8331704433974,2543.869366586991,97.89970162185244,73.57330491942507,320.20106497274327,6.59953999021511,1265,-3.0000849554986995,-3.37486084172273
6053,282.735,11.639409793829023,2541.0679576038137,167.26534291129758,1955.837397955196,2543.8692461148803,97.89965429689228,73.57161651733738,320.1360683012476,6.59974409211935,1265,-3.0000849693817044,-3.374448321527609
6054,282.745,11.63973270496915,2541.067772614351,167.26339339425326,1955.8416253761375,2543.869125642145,97.89960697184195,73.56992828545707,320.07107312143876,6.599948189338827,1265,-3.0000849832649163,-3.3740358163792465
6055,282.755,11.640055620150717,2541.0675876228775,167.26144456931928,1955.8458527062305,2543.869005168786,97.89955964670143,73.56824022373254,320.00607943316646,6.600152281874015,1265,-3.0000849971483365,-3.373623326270627
6056,282.765,11.640378539372788,2541.0674026293905,167.2594964363603,1955.8500799454846,2543.868884694802,97.89951232147078,73.56655233211214,319.94108723628005,6.600356369725388,1265,-3.000085011031965,-3.373210851194711
6057,282.775,11.640701462634446,2541.067217633888,167.2575489951525,1955.8543070939102,2543.868764220194,97.89946499614996,73.5648646105443,319.8760965306292,6.600560452893415,1265,-3.0000850249158018,-3.372798391144483
6058,282.78499999999997,11.641024389934717,2541.0670326363716,167.2556022456121,1955.8585341515159,2543.868643744962,97.89941767073897,73.56317705897742,319.8111073160635,6.60076453137857,1265,-3.0000850387998477,-3.3723859461129218
6059,282.79499999999996,11.641347321272653,2541.0668476368382,167.25365618740918,1955.8627611183103,2543.8685232691064,97.89937034523783,73.56148967735989,319.7461195924327,6.6009686051813246,1265,-3.000085052684102,-3.3719735160929805
6060,282.805,11.64167025664738,2541.0666626352854,167.2517108204934,1955.8669879943052,2543.868402792625,97.89932301964652,73.55980246564017,319.6811333595865,6.60117267430215,1265,-3.0000850665685648,-3.371561101077647
6061,282.815,11.641993196057891,2541.0664776317153,167.24976614460815,1955.8712147795065,2543.8682823155223,97.89927569396507,73.55811542376674,319.6161486173746,6.60137673874152,1265,-3.0000850804532377,-3.3711487010598904
6062,282.825,11.642316139503318,2541.066292626123,167.2478221595903,1955.8754414739258,2543.8681618377937,97.89922836819346,73.55642855168801,319.55116536564685,6.601580798499903,1265,-3.000085094338119,-3.3707363160326866
6063,282.835,11.642639086982669,2541.066107618509,167.24587886526157,1955.879668077573,2543.8680413594416,97.89918104233169,73.55474184935251,319.4861836042532,6.601784853577772,1265,-3.0000851082232103,-3.3703239459890186
6064,282.84499999999997,11.642962038495044,2541.0659226088724,167.24393626152442,1955.8838945904547,2543.867920880466,97.89913371637978,73.55305531670871,319.4212033330434,6.601988903975599,1265,-3.000085122108511,-3.369911590921849
6065,282.85499999999996,11.643284994039549,2541.065737597212,167.24199434807093,1955.888121012584,2543.8678004008666,97.89908639033771,73.55136895370511,319.35622455186757,6.602192949693853,1265,-3.000085135994022,-3.369499250824166
6066,282.865,11.643607953615241,2541.065552583524,167.24005312480415,1955.892347343966,2543.867679920643,97.89903906420551,73.54968276029022,319.2912472605756,6.6023969907330065,1265,-3.000085149879743,-3.369086925688938
6067,282.875,11.643930917221173,2541.0653675678104,167.23811259153047,1955.8965735846139,2543.867559439795,97.89899173798317,73.54799673641257,319.2262714590175,6.60260102709353,1265,-3.000085163765675,-3.3686746155091467
6068,282.885,11.644253884856488,2541.06518255007,167.23617274805102,1955.9007997345348,2543.8674389583257,97.89894441167067,73.54631088202072,319.16129714704346,6.602805058775894,1265,-3.0000851776518176,-3.368262320277755
6069,282.895,11.64457685652023,2541.0649975302986,167.2342335941987,1955.9050257937383,2543.867318476231,97.89889708526805,73.54462519706323,319.09632432450354,6.603009085780569,1265,-3.0000851915381697,-3.3678500399877573
6070,282.905,11.644899832211495,2541.0648125084963,167.2322951297955,1955.9092517622341,2543.867197993513,97.89884975877528,73.54293968148865,319.03135299124796,6.603213108108027,1265,-3.000085205424733,-3.367437774632119
6071,282.91499999999996,11.645222811929408,2541.064627484662,167.2303573546674,1955.9134776400324,2543.867077510171,97.89880243219238,73.54125433524557,318.9663831471269,6.603417125758735,1265,-3.0000852193115075,-3.3670255242038225
6072,282.92499999999995,11.64554579567304,2541.0644424587945,167.22842026861974,1955.9177034271404,2543.866957026206,97.89875510551934,73.5395691582826,318.9014147919907,6.603621138733165,1265,-3.0000852331984933,-3.3666132886958398
6073,282.935,11.645868783441461,2541.0642574308936,167.22648387151955,1955.9219291235693,2543.866836541618,97.89870777875618,73.53788415054832,318.83644792568964,6.603825147031787,1265,-3.000085247085691,-3.3662010681011405
6074,282.945,11.646191775233826,2541.0640724009554,167.22454816311662,1955.9261547293277,2543.866716056405,97.89866045190287,73.5361993119914,318.77148254807406,6.60402915065507,1265,-3.0000852609731,-3.3657888624127232
6075,282.955,11.64651477104922,2541.0638873689823,167.22261314332647,1955.9303802444242,2543.8665955705706,97.89861312495944,73.53451464256042,318.7065186589944,6.604233149603485,1265,-3.0000852748607207,-3.365376671623555
6076,282.965,11.646837770886759,2541.0637023349686,167.22067881191677,1955.9346056688698,2543.8664750841112,97.89856579792588,73.53283014220409,318.6415562583011,6.604437143877499,1265,-3.0000852887485534,-3.3649644957266176
6077,282.97499999999997,11.6471607747455,2541.063517298916,167.2187451686785,1955.9388310026725,2543.866354597029,97.89851847080222,73.53114581087102,318.5765953458446,6.604641133477584,1265,-3.000085302636599,-3.3645523347148867
6078,282.985,11.647483782624619,2541.063332260823,167.21681221349888,1955.943056245842,2543.8662341093236,97.89847114358841,73.52946164850992,318.51163592147554,6.604845118404207,1265,-3.000085316524856,-3.364140188581342
6079,282.995,11.647806794523204,2541.063147220688,167.21487994613423,1955.947281398387,2543.8661136209953,97.89842381628449,73.52777765506947,318.4466779850445,6.605049098657839,1265,-3.000085330413326,-3.363728057318956
6080,283.005,11.648129810440372,2541.0629621785083,167.21294836649534,1955.9515064603174,2543.8659931320426,97.89837648889045,73.52609383049837,318.38172153640204,6.605253074238949,1265,-3.000085344302009,-3.363315940920724
6081,283.015,11.648452830375223,2541.0627771342856,167.21101747431578,1955.9557314316435,2543.8658726424687,97.8983291614063,73.52441017474536,318.31676657539884,6.605457045148004,1265,-3.000085358190905,-3.3629038393796087
6082,283.025,11.648775854326939,2541.062592088016,167.20908726946146,1955.9599563123727,2543.8657521522705,97.89828183383202,73.52272668775913,318.25181310188566,6.605661011385474,1265,-3.0000853720800142,-3.3624917526886122
6083,283.03499999999997,11.64909888229458,2541.0624070396993,167.20715775177047,1955.9641811025149,2543.865631661449,97.89823450616764,73.52104336948844,318.18686111571327,6.605864972951828,1265,-3.0000853859693355,-3.3620796808406888
6084,283.04499999999996,11.649421914277342,2541.0622219893353,167.20522892099672,1955.9684058020807,2543.8655111700054,97.89818717841314,73.51936021988205,318.1219106167325,6.606068929847532,1265,-3.000085399858872,-3.361667623828831
6085,283.055,11.649744950274265,2541.062036936921,167.20330077705123,1955.9726304110773,2543.865390677938,97.89813985056853,73.51767723888872,318.0569616047942,6.606272882073057,1265,-3.0000854137486215,-3.3612555816460263
6086,283.065,11.650067990284553,2541.061851882456,167.20137331968982,1955.9768549295152,2543.8652701852484,97.89809252263383,73.51599442645725,317.99201407974925,6.606476829628869,1265,-3.0000854276385844,-3.360843554285237
6087,283.075,11.650391034307333,2541.0616668259377,167.19944654879245,1955.9810793574034,2543.8651496919356,97.89804519460901,73.51431178253641,317.92706804144865,6.606680772515437,1265,-3.000085441528762,-3.36043154173946
6088,283.085,11.65071408234174,2541.061481767366,167.19752046413555,1955.9853036947507,2543.8650291979993,97.89799786649411,73.51262930707504,317.8621234897433,6.606884710733229,1265,-3.000085455419154,-3.3600195440016853
6089,283.09499999999997,11.651037134386902,2541.06129670674,167.19559506556692,1955.989527941568,2543.8649087034405,97.89795053828908,73.51094700002194,317.79718042448434,6.607088644282712,1265,-3.0000854693097603,-3.3596075610648706
6090,283.10499999999996,11.651360190441947,2541.061111644058,167.1936703528719,1955.993752097863,2543.8647882082596,97.89790320999397,73.50926486132595,317.73223884552283,6.6072925731643535,1265,-3.000085483200581,-3.3591955929220085
6091,283.115,11.651683250506085,2541.060926579319,167.19174632594687,1955.997976163646,2543.8646677124557,97.89785588160875,73.50758289093591,317.6672987527099,6.607496497378621,1265,-3.000085497091617,-3.3587836395660915
6092,283.125,11.6520063145784,2541.0607415125214,167.1898229845371,1956.002200138925,2543.8645472160288,97.89780855313343,73.5059010888007,317.6023601458967,6.607700416925983,1265,-3.0000855109828684,-3.3583717009900895
6093,283.135,11.652329382658072,2541.0605564436632,167.18790032850353,1956.00642402371,2543.8644267189793,97.89776122456803,73.50421945486917,317.53742302493447,6.607904331806904,1265,-3.0000855248743346,-3.3579597771869856
6094,283.145,11.652652454744295,2541.060371372744,167.18597835768063,1956.0106478180105,2543.864306221307,97.89771389591255,73.50253798909024,317.4724873896745,6.608108242021853,1265,-3.000085538766016,-3.357547868149774
6095,283.155,11.652975530836144,2541.060186299763,167.1840570718493,1956.0148715218347,2543.8641857230123,97.89766656716695,73.50085669141278,317.4075532399681,6.608312147571296,1265,-3.0000855526579135,-3.3571359738714275
6096,283.16499999999996,11.653298610932822,2541.060001224719,167.18213647090414,1956.0190951351935,2543.864065224096,97.89761923833127,73.49917556178572,317.3426205756665,6.608516048455701,1265,-3.000085566550026,-3.3567240943449317
6097,283.17499999999995,11.6536216950335,2541.059816147609,167.18021655461942,1956.0233186580951,2543.8639447245555,97.89757190940553,73.49749460015798,317.2776893966213,6.608719944675532,1265,-3.000085580442356,-3.356312229563271
6098,283.185,11.653944783137339,2541.0596310684336,167.17829732279682,1956.0275420905484,2543.863824224394,97.89752458038969,73.49581380647852,317.2127597026839,6.6089238362312575,1265,-3.000085594334901,-3.355900379519426
6099,283.195,11.65426787524352,2541.059445987191,167.176378775306,1956.0317654325638,2543.86370372361,97.89747725128376,73.49413318069627,317.1478314937057,6.609127723123342,1265,-3.0000856082276623,-3.355488544206397
6100,283.205,11.654590971351178,2541.059260903878,167.17446091197493,1956.03598868415,2543.863583222202,97.89742992208775,73.4924527227602,317.08290476953835,6.609331605352253,1265,-3.000085622120641,-3.355076723617156
6101,283.215,11.65491407145949,2541.059075818497,167.1725437325905,1956.040211845316,2543.8634627201736,97.89738259280169,73.49077243261931,317.0179795300333,6.6095354829184565,1265,-3.000085636013836,-3.3546649177446777
6102,283.22499999999997,11.655237175567667,2541.0588907310444,167.1706272370319,1956.0444349160714,2543.863342217522,97.89733526342552,73.48909231022256,316.9530557750423,6.609739355822417,1265,-3.0000856499072484,-3.3542531265819657
6103,283.235,11.655560283674856,2541.058705641519,167.1687114250462,1956.0486578964244,2543.8632217142485,97.89728793395929,73.48741235551898,316.88813350441694,6.609943224064602,1265,-3.0000856638008777,-3.353841350121995
6104,283.245,11.655883395780258,2541.05852054992,167.1667962965259,1956.052880786386,2543.8631012103538,97.89724060440298,73.48573256845758,316.82321271800896,6.610147087645475,1265,-3.000085677694724,-3.3534295883577614
6105,283.255,11.656206511883076,2541.0583354562455,167.1648818512119,1956.0571035859641,2543.862980705835,97.8971932747566,73.4840529489874,316.75829341567015,6.610350946565504,1265,-3.0000856915887884,-3.353017841282234
6106,283.265,11.656529631982451,2541.0581503604953,167.16296808904937,1956.0613262951688,2543.862860200695,97.89714594502016,73.48237349705747,316.6933755972523,6.610554800825151,1265,-3.0000857054830696,-3.3526061088884163
6107,283.275,11.656852756077596,2541.0579652626675,167.16105500978537,1956.0655489140074,2543.8627396949328,97.89709861519364,73.48069421261687,316.6284592626073,6.610758650424883,1265,-3.00008571937757,-3.352194391169288
6108,283.28499999999997,11.657175884167668,2541.0577801627614,167.15914261320566,1956.0697714424914,2543.862619188549,97.89705128527707,73.47901509561466,316.56354441158703,6.610962495365166,1265,-3.0000857332722877,-3.3517826881178308
6109,283.29499999999996,11.65749901625193,2541.057595060774,167.15723089923486,1956.0739938806296,2543.8624986815425,97.89700395527043,73.4773361459999,316.49863104404335,6.6111663356464625,1265,-3.0000857471672235,-3.351370999727036
6110,283.305,11.657822152329542,2541.0574099567075,167.155319867621,1956.0782162284304,2543.862378173915,97.89695662517374,73.47565736372174,316.4337191598284,6.611370171269239,1265,-3.0000857610623783,-3.350959325989883
6111,283.315,11.658145292399702,2541.0572248505564,167.15340951825323,1956.0824384859038,2543.8622576656653,97.89690929498698,73.47397874872924,316.3688087587941,6.611574002233958,1265,-3.000085774957752,-3.3505476668993737
6112,283.325,11.658468436461597,2541.057039742322,167.15149985089073,1956.0866606530583,2543.8621371567933,97.89686196471017,73.47230030097155,316.30389984079255,6.611777828541086,1265,-3.0000857888533443,-3.3501360224484924
6113,283.335,11.658791584514466,2541.0568546320023,167.14959086540324,1956.0908827299024,2543.8620166472997,97.8968146343433,73.47062202039781,316.2389924056759,6.611981650191088,1265,-3.000085802749155,-3.349724392630229
6114,283.34499999999997,11.659114736557513,2541.056669519597,167.14768256156947,1956.0951047164467,2543.8618961371844,97.89676730388638,73.46894390695718,316.17408645329635,6.612185467184425,1265,-3.000085816645186,-3.349312777437554
6115,283.35499999999996,11.659437892589915,2541.056484405103,167.14577493931273,1956.0993266127011,2543.861775626447,97.8967199733394,73.46726596059878,316.109181983506,6.612389279521562,1265,-3.000085830541436,-3.3489011768634738
6116,283.365,11.659761052610929,2541.05629928852,167.1438679983679,1956.103548418673,2543.8616551150876,97.89667264270237,73.46558818127183,316.04427899615723,6.6125930872029635,1265,-3.0000858444379057,-3.34848959090097
6117,283.375,11.660084216619742,2541.0561141698495,167.14196173853114,1956.1077701343727,2543.861534603109,97.89662531197531,73.46391056892548,315.97937749110224,6.612796890229094,1265,-3.000085858334595,-3.3480780195430313
6118,283.385,11.660407384615594,2541.0559290490855,167.14005615975654,1956.1119917598076,2543.8614140905065,97.89657798115819,73.46223312350897,315.91447746819347,6.613000688600416,1265,-3.0000858722315042,-3.3476664627826547
6119,283.395,11.66073055659766,2541.0557439262275,167.13815126177238,1956.1162132949898,2543.861293577282,97.89653065025105,73.4605558449715,315.8495789272833,6.613204482317393,1265,-3.000085886128634,-3.347254920612826
6120,283.405,11.661053732565232,2541.055558801278,167.13624704439874,1956.1204347399257,2543.861173063437,97.89648331925385,73.45887873326228,315.784681868224,6.6134082713804885,1265,-3.0000859000259843,-3.346843393026523
6121,283.41499999999996,11.661376912517477,2541.0553736742327,167.1343435074684,1956.124656094626,2543.861052548971,97.8964359881666,73.45720178833058,315.71978629086834,6.613612055790165,1265,-3.000085913923555,-3.346431880016757
6122,283.42499999999995,11.661700096453664,2541.055188545091,167.13244065088557,1956.128877359101,2543.860932033883,97.89638865698934,73.45552501012563,315.65489219506867,6.613815835546887,1265,-3.0000859278213463,-3.3460203815764924
6123,283.435,11.662023284372998,2541.0550034138514,167.13053847439815,1956.1330985333564,2543.860811518174,97.89634132572202,73.45384839859672,315.5899995806776,6.614019610651115,1265,-3.0000859417193593,-3.3456088976987357
6124,283.445,11.66234647627475,2541.054818280512,167.12863697784258,1956.137319617405,2543.8606910018425,97.89629399436468,73.4521719536931,315.5251084475477,6.614223381103314,1265,-3.0000859556175925,-3.3451974283764874
6125,283.455,11.662669672158117,2541.0546331450737,167.12673616104004,1956.1415406112533,2543.860570484891,97.8962466629173,73.45049567536408,315.4602187955318,6.614427146903945,1265,-3.000085969516048,-3.344785973602717
6126,283.465,11.662992872022338,2541.0544480075328,167.12483602386118,1956.1457615149122,2543.8604499673174,97.8961993313799,73.44881956355897,315.3953306244823,6.614630908053471,1265,-3.0000859834147238,-3.344374533370421
6127,283.47499999999997,11.66331607586669,2541.0542628678895,167.12293656605678,1956.14998232839,2543.860329449123,97.89615199975248,73.4471436182271,315.3304439342523,6.614834664552354,1265,-3.0000859973136227,-3.3439631076725997
6128,283.485,11.663639283690383,2541.054077726142,167.12103778756838,1956.1542030516962,2543.8602089303076,97.89610466803502,73.44546783931777,315.26555872469436,6.615038416401057,1265,-3.0000860112127428,-3.343551696502245
6129,283.495,11.663962495492687,2541.05389258229,167.1191396880851,1956.1584236848403,2543.8600884108705,97.89605733622753,73.44379222678036,315.20067499566136,6.6152421636000405,1265,-3.000086025112085,-3.343140299852343
6130,283.505,11.664285711272859,2541.0537074363306,167.11724226753242,1956.162644227831,2543.8599678908126,97.89601000433002,73.4421167805642,315.1357927470063,6.615445906149767,1265,-3.0000860390116495,-3.3427289177158817
6131,283.515,11.664608931030122,2541.0535222882636,167.11534552570768,1956.1668646806768,2543.8598473701336,97.89596267234249,73.44044150061869,315.07091197858193,6.6156496440507,1265,-3.000086052911437,-3.342317550085868
6132,283.525,11.66493215476374,2541.0533371380875,167.11344946242292,1956.1710850433878,2543.8597268488334,97.89591534026496,73.43876638689318,315.0060326902414,6.615853377303298,1265,-3.000086066811447,-3.341906196955274
6133,283.53499999999997,11.665255382472987,2541.053151985801,167.11155407749027,1956.175305315972,2543.859606326912,97.8958680080974,73.43709143933708,314.94115488183763,6.616057105908025,1265,-3.000086080711679,-3.341494858317117
6134,283.54499999999996,11.665578614157106,2541.052966831402,167.10965937078728,1956.1795254984413,2543.85948580437,97.89582067583981,73.43541665789981,314.87627855322376,6.616260829865341,1265,-3.0000860946121355,-3.3410835341643725
6135,283.555,11.665901849815409,2541.0527816748927,167.10776534212914,1956.183745590802,2543.8593652812074,97.89577334349224,73.43374204253077,314.81140370425277,6.616464549175708,1265,-3.0000861085128143,-3.340672224490025
6136,283.565,11.666225089447082,2541.0525965162683,167.1058719913348,1956.1879655930638,2543.8592447574247,97.89572601105463,73.43206759317943,314.74653033477796,6.616668263839586,1265,-3.0000861224137165,-3.3402609292870866
6137,283.575,11.666548333051438,2541.0524113555275,167.10397931819122,1956.1921855052362,2543.85912423302,97.89567867852703,73.4303933097952,314.68165844465244,6.616871973857436,1265,-3.0000861363148434,-3.339849648548559
6138,283.585,11.666871580627754,2541.05222619267,167.10208732257018,1956.1964053273284,2543.859003707994,97.89563134590941,73.42871919232756,314.61678803372945,6.617075679229719,1265,-3.0000861502161933,-3.3394383822674154
6139,283.59499999999997,11.667194832175282,2541.0520410276945,167.10019600427677,1956.2006250593506,2543.858883182347,97.8955840132018,73.427045240726,314.5519191018624,6.617279379956896,1265,-3.0000861641177674,-3.3390271304366594
6140,283.60499999999996,11.667518087693317,2541.051855860601,167.0983053631451,1956.2048447013087,2543.8587626560807,97.89553668040418,73.42537145493998,314.48705164890447,6.617483076039427,1265,-3.0000861780195653,-3.3386158930492784
6141,283.615,11.66784134718113,2541.0516706913863,167.096415399057,1956.2090642532164,2543.8586421291934,97.89548934751654,73.42369783491903,314.4221856747091,6.617686767477773,1265,-3.000086191921588,-3.3382046700982837
6142,283.625,11.668164610637985,2541.0514855200495,167.0945261117587,1956.2132837150784,2543.858521601685,97.89544201453893,73.42202438061263,314.35732117912977,6.617890454272393,1265,-3.0000862058238353,-3.337793461576651
6143,283.635,11.668487878063232,2541.0513003465903,167.09263750108002,1956.2175030869064,2543.8584010735563,97.8953946814713,73.42035109197033,314.2924581620199,6.618094136423748,1265,-3.000086219726308,-3.337382267477394
6144,283.645,11.668811149456053,2541.0511151710075,167.09074956689744,1956.221722368709,2543.8582805448077,97.89534734831369,73.41867796894165,314.22759662323296,6.618297813932298,1265,-3.000086233629005,-3.336971087793493
6145,283.655,11.66913442481583,2541.0509299932996,167.0888623090254,1956.2259415604958,2543.858160015439,97.89530001506608,73.41700501147615,314.1627365626225,6.618501486798501,1265,-3.0000862475319274,-3.336559922517951
6146,283.66499999999996,11.669457704141806,2541.050744813464,167.0869757272721,1956.2301606622746,2543.858039485449,97.89525268172848,73.4153322195234,314.09787798004226,6.618705155022818,1265,-3.0000862614350754,-3.3361487716437583
6147,283.67499999999995,11.669780987433287,2541.0505596314997,167.08508982146316,1956.2343796740556,2543.8579189548377,97.89520534830089,73.41365959303297,314.0330208753457,6.61890881860571,1265,-3.000086275338449,-3.3357376351639267
6148,283.685,11.670104274689571,2541.0503744474067,167.0832045914638,1956.2385985958472,2543.857798423607,97.89515801478332,73.41198713195446,313.96816524838664,6.619112477547634,1265,-3.0000862892420477,-3.335326513071434
6149,283.695,11.670427565909955,2541.0501892611837,167.0813200370535,1956.2428174276579,2543.8576778917563,97.89511068117577,73.41031483623746,313.90331109901877,6.619316131849049,1265,-3.000086303145873,-3.3349154053592875
6150,283.705,11.670750861093763,2541.050004072829,167.0794361580978,1956.247036169499,2543.8575573592852,97.89506334747821,73.40864270583161,313.8384584270959,6.619519781510418,1265,-3.0000863170499246,-3.3345043120204787
6151,283.715,11.671074160240261,2541.0498188823412,167.0775529543849,1956.2512548213783,2543.857436826194,97.8950160136907,73.40697074068652,313.77360723247176,6.619723426532194,1265,-3.0000863309542023,-3.3340932330479984
6152,283.72499999999997,11.67139746334877,2541.049633689718,167.07567042580357,1956.2554733833047,2543.8573162924818,97.89496867981319,73.40529894075182,313.70875751500034,6.61992706691484,1265,-3.000086344858706,-3.3336821684348794
6153,283.735,11.67172077041863,2541.0494484949604,167.07378857211708,1956.2596918552872,2543.8571957581494,97.8949213458457,73.40362730597718,313.64390927453553,6.6201307026588125,1265,-3.000086358763437,-3.333271118174074
6154,283.745,11.67204408144913,2541.049263298066,167.07190739318614,1956.2639102373355,2543.8570752231985,97.89487401178823,73.40195583631228,313.57906251093124,6.620334333764572,1265,-3.000086372668395,-3.3328600822586045
6155,283.755,11.672367396439581,2541.0490780990326,167.07002688886394,1956.2681285294589,2543.856954687626,97.8948266776408,73.40028453170679,313.5142172240415,6.620537960232576,1265,-3.0000863865735803,-3.3324490606814665
6156,283.765,11.672690715389304,2541.0488928978602,167.0681470589278,1956.2723467316644,2543.8568341514338,97.8947793434034,73.39861339211039,313.44937341372037,6.620741582063282,1265,-3.0000864004789918,-3.332038053435649
6157,283.775,11.673014038297595,2541.048707694547,167.06626790326146,1956.2765648439638,2543.856713614621,97.89473200907601,73.39694241747279,313.3845310798219,6.620945199257148,1265,-3.0000864143846315,-3.331627060514167
6158,283.78499999999997,11.673337365163832,2541.048522489092,167.06438942161222,1956.2807828663642,2543.8565930771892,97.89468467465866,73.39527160774372,313.3196902222002,6.621148811814632,1265,-3.0000864282904995,-3.331216081910006
6159,283.79499999999996,11.673660695987301,2541.0483372814942,167.06251161387473,1956.2850007988764,2543.8564725391366,97.89463734015135,73.39360096287291,313.2548508407096,6.621352419736193,1265,-3.0000864421965945,-3.3308051176161797
6160,283.805,11.673984030767357,2541.0481520717517,167.06063447988248,1956.2892186415083,2543.8563520004645,97.89459000555408,73.3919304828101,313.19001293520415,6.621556023022288,1265,-3.000086456102918,-3.3303941676256663
6161,283.815,11.674307369503317,2541.047966859864,167.0587580193869,1956.2934363942697,2543.8562314611736,97.89454267086684,73.39026016750505,313.1251765055382,6.621759621673375,1265,-3.0000864700094696,-3.329983231931479
6162,283.825,11.674630712194476,2541.0477816458288,167.056882232319,1956.2976540571678,2543.8561109212615,97.89449533608962,73.38859001690751,313.06034155156607,6.6219632156899095,1265,-3.0000864839162498,-3.329572310526619
6163,283.835,11.674954058840243,2541.0475964296456,167.05500711845053,1956.3018716302145,2543.8559903807304,97.89444800122247,73.38692003096729,312.9955080731421,6.622166805072351,1265,-3.000086497823258,-3.3291614034040817
6164,283.84499999999997,11.675277409439904,2541.0474112113134,167.05313267758916,1956.306089113416,2543.8558698395796,97.89440066626535,73.38525020963418,312.9306760701207,6.622370389821156,1265,-3.0000865117304962,-3.328750510556864
6165,283.85499999999996,11.675600763992842,2541.04722599083,167.05125890963112,1956.3103065067842,2543.855749297809,97.89435333121828,73.38358055285798,312.8658455423562,6.622573969936781,1265,-3.0000865256379625,-3.3283396319779777
6166,283.865,11.675924122498367,2541.047040768194,167.0493858143473,1956.3145238103261,2543.855628755418,97.89430599608126,73.38191106058851,312.80101648970333,6.622777545419682,1265,-3.0000865395456584,-3.3279287676604072
6167,283.875,11.676247484955796,2541.046855543407,167.047513391605,1956.3187410240512,2543.8555082124094,97.89425866085428,73.38024173277562,312.7361889120165,6.622981116270317,1265,-3.000086553453584,-3.3275179175971674
6168,283.885,11.676570851364534,2541.0466703164634,167.0456416412021,1956.322958147969,2543.855387668779,97.89421132553736,73.37857256936914,312.6713628091502,6.623184682489143,1265,-3.000086567361739,-3.3271070817812687
6169,283.895,11.676894221723904,2541.0464850873655,167.04377056296755,1956.3271751820876,2543.8552671245307,97.89416399013048,73.37690357031894,312.60653818095915,6.623388244076614,1265,-3.000086581270123,-3.326696260205679
6170,283.905,11.677217596033298,2541.0462998561097,167.04190015676662,1956.3313921264175,2543.8551465796627,97.89411665463365,73.37523473557488,312.54171502729804,6.623591801033189,1265,-3.0000865951787383,-3.326285452863436
6171,283.91499999999996,11.677540974292013,2541.046114622695,167.04003042239702,1956.3356089809663,2543.8550260341735,97.89406931904689,73.37356606508686,312.4768933480216,6.623795353359323,1265,-3.0000866090875835,-3.32587465974753
6172,283.92499999999995,11.67786435649945,2541.045929387122,167.03816135971275,1956.3398257457443,2543.854905488067,97.8940219833702,73.37189755880478,312.41207314298447,6.623998901055471,1265,-3.0000866229966587,-3.3254638808509394
6173,283.935,11.678187742654975,2541.045744149388,167.03629296854896,1956.3440424207593,2543.8547849413403,97.89397464760356,73.37022921667852,312.34725441204154,6.624202444122091,1265,-3.000086636905965,-3.3250531161667034
6174,283.945,11.678511132757924,2541.0455589094913,167.03442524865906,1956.3482590060212,2543.854664393994,97.89392731174696,73.36856103865804,312.2824371550476,6.624405982559637,1265,-3.0000866508155015,-3.3246423656878017
6175,283.955,11.678834526807671,2541.045373667432,167.03255819995852,1956.3524755015383,2543.854543846029,97.89387997580046,73.36689302469325,312.21762137185766,6.624609516368565,1265,-3.000086664725269,-3.324231629407252
6176,283.965,11.679157924803604,2541.0451884232093,167.03069182222984,1956.356691907321,2543.8544232974464,97.89383263976401,73.3652251747341,312.15280706232653,6.624813045549331,1265,-3.000086678635268,-3.3238209073180296
6177,283.97499999999997,11.67948132674507,2541.0450031768187,167.0288261153214,1956.3609082233768,2543.854302748242,97.89378530363763,73.36355748873058,312.08799422630926,6.62501657010239,1265,-3.0000866925454983,-3.3234101994131833
6178,283.985,11.679804732631435,2541.044817928261,167.02696107910344,1956.3651244497146,2543.8541821984186,97.89373796742132,73.36188996663262,312.0231828636608,6.625220090028196,1265,-3.00008670645596,-3.322999505685677
6179,283.995,11.680128142462125,2541.0446326775364,167.02509671334508,1956.3693405863453,2543.8540616479772,97.89369063111508,73.36022260839025,311.9583729742362,6.625423605327206,1265,-3.0000867203666535,-3.322588826128527
6180,284.005,11.680451556236497,2541.0444474246406,167.02323301783352,1956.3735566332773,2543.853941096916,97.89364329471891,73.35855541395343,311.8935645578907,6.6256271159998725,1265,-3.0000867342775788,-3.322178160734746
6181,284.015,11.68077497395392,2541.044262169576,167.02136999251658,1956.3777725905172,2543.8538205452373,97.89359595823282,73.35688838327219,311.8287576144794,6.625830622046652,1265,-3.0000867481887368,-3.321767509497321
6182,284.025,11.681098395613772,2541.044076912338,167.01950763719066,1956.381988458077,2543.8536999929383,97.8935486216568,73.35522151629657,311.76395214385747,6.626034123467999,1265,-3.000086762100127,-3.321356872409278
6183,284.03499999999997,11.681421821215457,2541.0438916529265,167.01764595164138,1956.3862042359654,2543.8535794400204,97.89350128499088,73.35355481297658,311.6991481458802,6.6262376202643685,1265,-3.000086776011749,-3.3209462494636077
6184,284.04499999999996,11.68174525075838,2541.043706391341,167.0157849357125,1956.3904199241895,2543.8534588864836,97.89345394823503,73.35188827326229,311.6343456204028,6.626441112436213,1265,-3.000086789923604,-3.3205356406533135
6185,284.055,11.682068684241905,2541.043521127579,167.01392458923547,1956.3946355227597,2543.853338332329,97.89340661138925,73.35022189710375,311.5695445672806,6.6266445999839885,1265,-3.0000868038356923,-3.3201250459714076
6186,284.065,11.68239212166545,2541.0433358616397,167.01206491205244,1956.398851031685,2543.853217777554,97.89335927445357,73.34855568445104,311.50474498636913,6.626848082908149,1265,-3.000086817748014,-3.319714465410892
6187,284.075,11.682715563028378,2541.0431505935226,167.01020590400697,1956.4030664509726,2543.853097222161,97.89331193742798,73.34688963525426,311.43994687752365,6.627051561209146,1265,-3.000086831660568,-3.3193038989647743
6188,284.085,11.683039008330113,2541.042965323226,167.00834756490508,1956.407281780634,2543.8529766661495,97.89326460031246,73.3452237494635,311.3751502405997,6.627255034887435,1265,-3.000086845573356,-3.3188933466260573
6189,284.09499999999997,11.683362457570082,2541.0427800507487,167.00648989461396,1956.4114970206774,2543.8528561095195,97.89321726310705,73.34355802702886,311.3103550754527,6.627458503943471,1265,-3.000086859486377,-3.318482808387752
6190,284.10499999999996,11.68368591074763,2541.0425947760878,167.0046328928907,1956.4157121711112,2543.85273555227,97.89316992581173,73.3418924679005,311.2455613819384,6.627661968377705,1265,-3.0000868733996326,-3.31807228424286
6191,284.115,11.684009367862215,2541.0424094992445,167.0027765596345,1956.419927231945,2543.8526149944023,97.8931225884265,73.34022707202851,311.18076915991213,6.627865428190591,1265,-3.0000868873131226,-3.317661774184393
6192,284.125,11.68433282891325,2541.0422242202158,167.00092089464417,1956.4241422031869,2543.8524944359165,97.89307525095137,73.3385618393631,311.11597840922974,6.628068883382585,1265,-3.0000869012268456,-3.3172512782053514
6193,284.135,11.684656293900103,2541.042038939003,166.99906589775188,1956.428357084848,2543.8523738768126,97.89302791338633,73.33689676985438,311.05118912974683,6.628272333954135,1265,-3.0000869151408036,-3.3168407962987483
6194,284.145,11.684979762822211,2541.0418536556017,166.99721156880497,1956.4325718769342,2543.85225331709,97.8929805757314,73.33523186345256,310.98640132131914,6.628475779905698,1265,-3.000086929054997,-3.316430328457581
6195,284.155,11.685303235679024,2541.0416683700123,166.99535790766276,1956.4367865794568,2543.8521327567482,97.89293323798657,73.33356712010782,310.9216149838024,6.628679221237725,1265,-3.0000869429694244,-3.3160198746748706
6196,284.16499999999996,11.685626712469919,2541.0414830822324,166.9935049140437,1956.4410011924235,2543.852012195788,97.89288590015184,73.33190253977034,310.8568301170525,6.628882657950669,1265,-3.0000869568840876,-3.31560943494362
6197,284.17499999999995,11.685950193194316,2541.0412977922606,166.99165258791163,1956.4452157158444,2543.8518916342086,97.89283856222723,73.33023812239036,310.7920467209252,6.629086090044983,1265,-3.0000869707989852,-3.3151990092568417
6198,284.185,11.68627367785171,2541.0411125000983,166.98980092900936,1956.4494301497273,2543.8517710720125,97.89279122421271,73.32857386791812,310.7272647952766,6.629289517521118,1265,-3.0000869847141183,-3.3147885976075258
6199,284.195,11.686597166441423,2541.0409272057423,166.98794993724437,1956.4536444940811,2543.8516505091975,97.89274388610832,73.32690977630382,310.6624843399624,6.629492940379529,1265,-3.000086998629487,-3.3143781999887003
6200,284.205,11.68692065896297,2541.040741909192,166.98609961235996,1956.4578587489164,2543.851529945765,97.89269654791401,73.32524584749775,310.59770535483887,6.629696358620665,1265,-3.0000870125450922,-3.31396781639335
6201,284.215,11.687244155415744,2541.040556610444,166.98424995424517,1956.462072914241,2543.851409381713,97.89264920962984,73.32358208145016,310.5329278397618,6.629899772244979,1265,-3.0000870264609327,-3.31355744681452
6202,284.22499999999997,11.687567655799196,2541.0403713094997,166.9824009627356,1956.4662869900637,2543.851288817044,97.89260187125578,73.32191847811131,310.46815179458736,6.630103181252924,1265,-3.0000870403770095,-3.3131470912451917
6203,284.235,11.687891160112775,2541.040186006356,166.98055263764414,1956.4705009763934,2543.8511682517556,97.89255453279183,73.32025503743152,310.4033772191717,6.63030658564495,1265,-3.0000870542933233,-3.3127367496783857
6204,284.245,11.688214668355867,2541.040000701014,166.97870497873825,1956.474714873239,2543.85104768585,97.89250719423801,73.31859175936108,310.338604113371,6.63050998542151,1265,-3.000087068209873,-3.3123264221071005
6205,284.255,11.688538180527983,2541.0398153934702,166.9768579859993,1956.4789286806106,2543.8509271193266,97.89245985559431,73.31692864385029,310.2738324770414,6.630713380583054,1265,-3.0000870821266594,-3.311916108524369
6206,284.265,11.688861696628535,2541.0396300837247,166.97501165913832,1956.4831423985158,2543.850806552185,97.89241251686074,73.3152656908495,310.2090623100392,6.630916771130035,1265,-3.0000870960436834,-3.3115058089231684
6207,284.275,11.689185216656977,2541.039444771773,166.97316599804742,1956.4873560269646,2543.850685984424,97.8923651780373,73.31360290030904,310.1442936122207,6.631120157062903,1265,-3.000087109960944,-3.3110955232965416
6208,284.28499999999997,11.689508740612755,2541.039259457619,166.97132100251156,1956.4915695659656,2543.8505654160467,97.89231783912396,73.31194027217926,310.0795263834422,6.6313235383821105,1265,-3.0000871238784423,-3.3106852516374703
6209,284.29499999999996,11.689832268495351,2541.0390741412584,166.96947667239994,1956.4957830155274,2543.8504448470517,97.89227050012076,73.31027780641053,310.0147606235602,6.631526915088105,1265,-3.0000871377961777,-3.3102749939389784
6210,284.305,11.690155800304185,2541.0388888226903,166.96763300751493,1956.4999963756588,2543.8503242774377,97.8922231610277,73.30861550295322,309.94999633243106,6.631730287181341,1265,-3.000087151714151,-3.309864750194081
6211,284.315,11.690479336038704,2541.038703501914,166.9657900077134,1956.5042096463685,2543.850203707207,97.89217582184476,73.30695336175772,309.88523350991125,6.631933654662267,1265,-3.0000871656323627,-3.3094545203957826
6212,284.325,11.690802875698433,2541.0385181789275,166.96394767280566,1956.5084228276662,2543.8500831363585,97.89212848257198,73.30529138277446,309.8204721558573,6.632137017531333,1265,-3.000087179550812,-3.309044304537098
6213,284.335,11.691126419282742,2541.038332853729,166.9621060026668,1956.5126359195615,2543.849962564891,97.89208114320931,73.30362956595383,309.7557122701258,6.63234037578899,1265,-3.0000871934695,-3.308634102611041
6214,284.34499999999997,11.691449966791199,2541.03814752632,166.96026499710973,1956.5168489220616,2543.849841992808,97.89203380375679,73.30196791124625,309.6909538525733,6.632543729435689,1265,-3.000087207388426,-3.3082239146106143
6215,284.35499999999996,11.69177351822319,2541.037962196696,166.95842465594006,1956.5210618351764,2543.8497214201057,97.89198646421441,73.30030641860218,309.62619690305644,6.63274707847188,1265,-3.0000872213075915,-3.3078137405288386
6216,284.365,11.692097073578237,2541.0377768648573,166.95658497900072,1956.5252746589142,2543.849600846786,97.89193912458217,73.29864508797208,309.561441421432,6.632950422898011,1265,-3.000087235226996,-3.307403580358723
6217,284.375,11.692420632855788,2541.0375915308023,166.95474596613235,1956.5294873932844,2543.8494802728487,97.89189178486008,73.29698391930637,309.4966874075567,6.633153762714534,1265,-3.0000872491466386,-3.30699343409327
6218,284.385,11.692744196055333,2541.037406194531,166.9529076171809,1956.5337000382958,2543.8493596982944,97.89184444504814,73.29532291255559,309.4319348612873,6.633357097921897,1265,-3.0000872630665207,-3.3065833017255137
6219,284.395,11.693067763176336,2541.0372208560398,166.95106993193406,1956.5379125939571,2543.8492391231225,97.89179710514634,73.29366206767018,309.36718378248054,6.633560428520551,1265,-3.0000872769866427,-3.3061731832484513
6220,284.405,11.69339133421829,2541.037035515328,166.94923291033183,1956.5421250602783,2543.849118547332,97.89174976515469,73.29200138460067,309.3024341709935,6.6337637545109445,1265,-3.0000872909070044,-3.3057630786551018
6221,284.41499999999996,11.693714909180676,2541.0368501723965,166.9473965520744,1956.5463374372666,2543.848997970926,97.89170242507318,73.29034086329757,309.23768602668287,6.633967075893526,1265,-3.000087304827606,-3.3053529879384693
6222,284.42499999999995,11.69403848806297,2541.036664827241,166.94556085706037,1956.550549724932,2543.8488773939007,97.89165508490184,73.2886805037114,309.17293934940574,6.6341703926687465,1265,-3.0000873187484474,-3.3049429110915836
6223,284.435,11.694362070864685,2541.0364794798634,166.94372582510056,1956.5547619232832,2543.8487568162595,97.89160774464065,73.28702030579272,309.1081941390191,6.634373704837054,1265,-3.000087332669529,-3.3045328481074456
6224,284.445,11.694685657585268,2541.03629413026,166.94189145606853,1956.5589740323287,2543.848636238001,97.89156040428962,73.28536026949207,309.0434503953799,6.634577012398896,1265,-3.0000873465908513,-3.3041227989790705
6225,284.455,11.695009248224281,2541.036108778431,166.9400577497556,1956.5631860520773,2543.8485156591255,97.89151306384876,73.28370039476,308.9787081183454,6.634780315354723,1265,-3.0000873605124148,-3.303712763699473
6226,284.465,11.695332842781161,2541.035923424375,166.9382247060094,1956.5673979825392,2543.8483950796326,97.89146572331805,73.28204068154712,308.9139673077726,6.634983613704983,1265,-3.0000873744342185,-3.303302742261674
6227,284.47499999999997,11.695656441255426,2541.0357380680884,166.9363923246935,1956.5716098237224,2543.8482744995213,97.89141838269751,73.28038112980397,308.84922796351873,6.635186907450123,1265,-3.0000873883562633,-3.302892734658683
6228,284.485,11.695980043646582,2541.0355527095726,166.93456060560192,1956.5758215756346,2543.8481539187937,97.89137104198711,73.27872173948121,308.784490085441,6.635390196590594,1265,-3.0000874022785498,-3.302482740883515
6229,284.495,11.696303649954123,2541.0353673488253,166.9327295485383,1956.5800332382862,2543.848033337449,97.8913237011869,73.27706251052942,308.7197536733967,6.635593481126841,1265,-3.000087416201077,-3.3020727609291747
6230,284.505,11.696627260177554,2541.0351819858474,166.9308991534309,1956.5842448116862,2543.8479127554883,97.89127636029687,73.27540344289925,308.6550187272431,6.635796761059314,1265,-3.0000874301238465,-3.301662794788686
6231,284.515,11.6969508743164,2541.034996620634,166.92906942004137,1956.5884562958424,2543.84779217291,97.891229019317,73.27374453654132,308.5902852468375,6.63600003638846,1265,-3.0000874440468572,-3.3012528424550784
6232,284.525,11.697274492370171,2541.0348112531856,166.92724034822157,1956.5926676907652,2543.8476715897145,97.89118167824729,73.27208579140628,308.52555323203734,6.636203307114728,1265,-3.0000874579701104,-3.3008429039213514
6233,284.53499999999997,11.697598114338346,2541.0346258835016,166.92541193779064,1956.5968789964613,2543.8475510059025,97.89113433708778,73.27042720744483,308.46082268270015,6.636406573238565,1265,-3.0000874718936053,-3.300432979180519
6234,284.54499999999996,11.697921740220485,2541.0344405115793,166.92358418860954,1956.601090212941,2543.847430421473,97.89108699583842,73.26876878460759,308.39609359868325,6.636609834760417,1265,-3.000087485817343,-3.3000230682256118
6235,284.555,11.698245370016075,2541.0342551374188,166.92175710052592,1956.6053013402131,2543.8473098364266,97.89103965449925,73.26711052284529,308.3313659798443,6.636813091680732,1265,-3.000087499741323,-3.299613171049635
6236,284.565,11.698569003724655,2541.0340697610186,166.91993067330017,1956.6095123782861,2543.847189250765,97.89099231307026,73.26545242210864,308.2666398260408,6.637016343999959,1265,-3.0000875136655463,-3.299203287645595
6237,284.575,11.698892641345742,2541.0338843823765,166.91810490685208,1956.6137233271693,2543.847068664485,97.89094497155145,73.26379448234832,308.20191513713036,6.637219591718543,1265,-3.000087527590012,-3.2987934180065337
6238,284.585,11.699216282878862,2541.033699001491,166.9162798009967,1956.6179341868713,2543.8469480775884,97.89089762994283,73.26213670351508,308.13719191297065,6.637422834836931,1265,-3.0000875415147217,-3.2983835621254474
6239,284.59499999999997,11.699539928323542,2541.0335136183635,166.91445535552032,1956.622144957401,2543.846827490076,97.8908502882444,73.26047908555965,308.07247015341943,6.63762607335557,1265,-3.000087555439674,-3.297973719995363
6240,284.60499999999996,11.699863577679322,2541.03332823299,166.91263157026376,1956.6263556387667,2543.846706901946,97.89080294645613,73.25882162843278,308.00774985833436,6.637829307274907,1265,-3.0000875693648705,-3.2975638916092973
6241,284.615,11.700187230945728,2541.03314284537,166.9108084451257,1956.6305662309774,2543.8465863132005,97.89075560457809,73.25716433208525,307.9430310275733,6.638032536595389,1265,-3.000087583290311,-3.2971540769602536
6242,284.625,11.70051088812231,2541.0329574555026,166.90898597986717,1956.6347767340435,2543.846465723838,97.89070826261023,73.25550719646782,307.87831366099397,6.638235761317461,1265,-3.0000875972159946,-3.2967442760412746
6243,284.635,11.700834549208585,2541.0327720633877,166.90716417441126,1956.638987147971,2543.8463451338603,97.89066092055253,73.2538502215313,307.8135977584543,6.6384389814415705,1265,-3.0000876111419226,-3.2963344888453627
6244,284.645,11.701158214204087,2541.032586669021,166.905343028457,1956.6431974727716,2543.8462245432647,97.89061357840507,73.25219340722646,307.74888331981225,6.638642196968163,1265,-3.0000876250680952,-3.2959247153655387
6245,284.655,11.701481883108391,2541.032401272403,166.90352254199325,1956.647407708452,2543.846103952052,97.8905662361678,73.25053675350412,307.68417034492575,6.6388454078976835,1265,-3.000087638994512,-3.2955149555948218
6246,284.66499999999996,11.701805555921034,2541.032215873533,166.90170271471194,1956.651617855022,2543.8459833602246,97.89051889384072,73.24888026031513,307.6194588336528,6.639048614230579,1265,-3.0000876529211737,-3.295105209526231
6247,284.67499999999995,11.70212923264157,2541.0320304724087,166.89988354654767,1956.6558279124918,2543.845862767779,97.89047155142384,73.2472239276103,307.5547487858514,6.639251815967295,1265,-3.000087666848081,-3.294695477152781
6248,284.685,11.702452913269493,2541.031845069029,166.89806503734616,1956.6600378808669,2543.845742174718,97.89042420891715,73.2455677553405,307.49004020137977,6.639455013108276,1265,-3.000087680775233,-3.294285758467502
6249,284.695,11.702776597804446,2541.031659663393,166.89624718686167,1956.6642477601595,2543.8456215810415,97.8903768663207,73.2439117434566,307.4253330800959,6.639658205653969,1265,-3.0000876947026303,-3.2938760534633937
6250,284.705,11.703100286245924,2541.0314742555,166.8944299949806,1956.6684575503757,2543.845500986748,97.89032952363443,73.24225589190944,307.3606274218581,6.639861393604819,1265,-3.000087708630273,-3.2934663621334925
6251,284.715,11.703423978593474,2541.0312888453473,166.89261346151284,1956.6726672515254,2543.845380391838,97.89028218085839,73.24060020064991,307.2959232265245,6.64006457696127,1265,-3.000087722558162,-3.2930566844708156
6252,284.72499999999997,11.703747674846706,2541.0311034329334,166.89079758627483,1956.676876863618,2543.845259796311,97.89023483799255,73.23894466962895,307.2312204939534,6.640267755723767,1265,-3.000087736486296,-3.292647020468377
6253,284.735,11.704071375005178,2541.03091801826,166.88898236918564,1956.6810863866617,2543.84513920017,97.89018749503691,73.23728929879745,307.1665192240031,6.640470929892755,1265,-3.0000877504146763,-3.29223737011919
6254,284.745,11.704395079068426,2541.030732601322,166.88716781000946,1956.685295820666,2543.8450186034106,97.8901401519915,73.23563408810632,307.10181941653195,6.64067409946868,1265,-3.0000877643433035,-3.2918277334163064
6255,284.755,11.70471878703602,2541.030547182123,166.88535390860375,1956.689505165638,2543.8448980060375,97.89009280885631,73.23397903750653,307.03712107139836,6.640877264451985,1265,-3.000087778272177,-3.291418110352698
6256,284.765,11.70504249890755,2541.0303617606573,166.88354066479454,1956.6937144215876,2543.8447774080482,97.89004546563133,73.232324146949,306.97242418846076,6.641080424843116,1265,-3.0000877922012967,-3.2910085009214267
6257,284.775,11.705366214682586,2541.0301763369234,166.88172807841963,1956.6979235885244,2543.844656809441,97.88999812231658,73.23066941638469,306.9077287675776,6.641283580642515,1265,-3.0000878061306637,-3.290598905115499
6258,284.78499999999997,11.705689934360727,2541.0299909109244,166.87991614932776,1956.7021326664565,2543.8445362102198,97.88995077891205,73.22901484576458,306.8430348086075,6.6414867318506285,1265,-3.000087820060278,-3.290189322927929
6259,284.79499999999996,11.70601365794147,2541.0298054826553,166.8781048773477,1956.706341655392,2543.844415610382,97.88990343541775,73.22736043503967,306.77834231140895,6.6416898784679,1265,-3.00008783399014,-3.2897797543517466
6260,284.805,11.70633738542449,2541.029620052116,166.87629426235574,1956.7105505553411,2543.844295009928,97.88985609183365,73.22570618416096,306.71365127584056,6.641893020494772,1265,-3.000087847920249,-3.2893701993799733
6261,284.815,11.706661116809293,2541.029434619306,166.87448430407704,1956.7147593663103,2543.844174408859,97.8898087481598,73.22405209307944,306.648961701761,6.6420961579316895,1265,-3.0000878618506057,-3.2889606580056254
6262,284.825,11.70698485209553,2541.029249184223,166.87267500245443,1956.7189680883112,2543.844053807174,97.88976140439617,73.22239816174613,306.5842735890289,6.642299290779095,1265,-3.00008787578121,-3.288551130221733
6263,284.835,11.707308591282747,2541.029063746865,166.87086635729398,1956.723176721351,2543.8439332048733,97.88971406054277,73.22074439011209,306.51958693750316,6.6425024190374335,1265,-3.0000878897120624,-3.2881416160213077
6264,284.84499999999997,11.707632334370544,2541.028878307232,166.86905836841356,1956.7273852654387,2543.8438126019564,97.8896667165996,73.21909077812833,306.45490174704247,6.642705542707148,1265,-3.0000879036431636,-3.287732115397385
6265,284.85499999999996,11.707956081358518,2541.0286928653236,166.86725103562233,1956.7315937205833,2543.8436919984247,97.88961937256668,73.21743732574595,306.3902180175056,6.64290866178868,1265,-3.000087917574513,-3.287322628342973
6266,284.865,11.708279832246282,2541.028507421137,166.86544435884255,1956.7358020867937,2543.843571394277,97.88957202844401,73.21578403291599,306.3255357487516,6.643111776282475,1265,-3.0000879315061106,-3.2869131548510993
6267,284.875,11.708603587033389,2541.0283219746702,166.86363833784105,1956.7400103640773,2543.843450789513,97.88952468423155,73.21413089958956,306.2608549406392,6.643314886188974,1265,-3.000087945437958,-3.286503694914788
6268,284.885,11.708927345719475,2541.0281365259248,166.86183297245776,1956.744218552445,2543.843330184135,97.88947733992933,73.21247792571775,306.1961755930274,6.64351799150862,1265,-3.000087959370054,-3.286094248527072
6269,284.895,11.70925110830412,2541.027951074896,166.86002826254568,1956.7484266519032,2543.8432095781404,97.88942999553737,73.21082511125165,306.1314977057753,6.643721092241858,1265,-3.0000879733023984,-3.285684815680963
6270,284.905,11.70957487478697,2541.027765621587,166.85822420794153,1956.7526346624632,2543.843088971532,97.88938265105566,73.2091724561424,306.0668212787418,6.643924188389128,1265,-3.0000879872349935,-3.2852753963694736
6271,284.91499999999996,11.709898645167604,2541.0275801659923,166.8564208084943,1956.756842584132,2543.8429683643067,97.88933530648418,73.20751996034112,306.0021463117862,6.644127279950872,1265,-3.0000880011678377,-3.2848659905856588
6272,284.92499999999995,11.710222419445595,2541.027394708112,166.85461806406636,1956.7610504169188,2543.8428477564657,97.88928796182296,73.20586762379895,305.93747280476737,6.6443303669275355,1265,-3.000088015100932,-3.2844565983225094
6273,284.935,11.710546197620618,2541.027209247946,166.85281597439788,1956.7652581608334,2543.8427271480105,97.88924061707198,73.20421544646709,305.8728007575446,6.644533449319557,1265,-3.0000880290342757,-3.2840472195730723
6274,284.945,11.710869979692273,2541.0270237854916,166.85101453939834,1956.769465815883,2543.842606538939,97.88919327223125,73.20256342829666,305.8081301699772,6.644736527127381,1265,-3.0000880429678705,-3.283637854330371
6275,284.955,11.711193765660141,2541.026838320748,166.849213758913,1956.773673382076,2543.842485929253,97.88914592730079,73.20091156923885,305.74346104192426,6.644939600351447,1265,-3.000088056901715,-3.2832285025874106
6276,284.965,11.711517555523871,2541.0266528537154,166.84741363275987,1956.7778808594226,2543.8423653189525,97.88909858228058,73.19925986924488,305.67879337324524,6.645142668992198,1265,-3.0000880708358104,-3.282819164337236
6277,284.97499999999997,11.71184134928311,2541.0264673843903,166.84561416071244,1956.7820882479318,2543.842244708036,97.88905123717063,73.19760832826594,305.6141271637994,6.645345733050077,1265,-3.000088084770157,-3.2824098395728623
6278,284.985,11.712165146937432,2541.026281912771,166.84381534270304,1956.786295547611,2543.8421240965035,97.88900389197094,73.19595694625323,305.5494624134462,6.645548792525523,1265,-3.0000880987047545,-3.282000528287326
6279,284.995,11.712488948486504,2541.0260964388603,166.84201717856567,1956.7905027584695,2543.842003484358,97.8889565466815,73.19430572315801,305.48479912204493,6.64575184741898,1265,-3.000088112639603,-3.2815912304736217
6280,285.005,11.712812753929933,2541.0259109626522,166.84021966808132,1956.794709880516,2543.8418828715953,97.88890920130234,73.19265465893152,305.4201372894552,6.645954897730887,1265,-3.0000881265747026,-3.281181946124812
6281,285.015,11.713136563267348,2541.0257254841486,166.83842281107974,1956.7989169137597,2543.8417622582197,97.88886185583344,73.19100375352498,305.3554769155365,6.646157943461684,1265,-3.000088140510054,-3.280772675233902
6282,285.025,11.713460376498405,2541.0255400033475,166.83662660749278,1956.8031238582084,2543.841641644228,97.88881451027481,73.1893530068897,305.29081800014836,6.646360984611816,1265,-3.0000881544456575,-3.280363417793924
6283,285.03499999999997,11.713784193622717,2541.0253545202454,166.83483105707163,1956.8073307138714,2543.8415210296207,97.88876716462646,73.18770241897694,305.22616054315046,6.646564021181719,1265,-3.000088168381513,-3.2799541737979125
6284,285.04499999999996,11.714108014639937,2541.025169034845,166.83303615965295,1956.8115374807576,2543.8414004144,97.88871981888838,73.18605198973799,305.16150454440236,6.646767053171837,1265,-3.000088182317621,-3.2795449432388635
6285,285.055,11.714431839549697,2541.024983547141,166.83124191509103,1956.815744158875,2543.841279798563,97.88867247306055,73.18440171912414,305.0968500037638,6.6469700805826095,1265,-3.0000881962539805,-3.27913572610984
6286,285.065,11.714755668351664,2541.0247980571357,166.82944832324628,1956.819950748234,2543.8411591821127,97.888625127143,73.18275160708674,305.0321969210945,6.647173103414477,1265,-3.0000882101905937,-3.278726522403844
6287,285.075,11.715079501045471,2541.024612564826,166.827655383942,1956.8241572488412,2543.8410385650463,97.88857778113575,73.18110165357709,304.96754529625423,6.64737612166788,1265,-3.0000882241274587,-3.2783173321139207
6288,285.085,11.71540333763076,2541.0244270702115,166.82586309702387,1956.8283636607055,2543.8409179473665,97.88853043503877,73.17945185854656,304.90289512910283,6.647579135343257,1265,-3.000088238064577,-3.277908155233071
6289,285.09499999999997,11.715727178107185,2541.0242415732887,166.82407146231606,1956.8325699838372,2543.840797329071,97.88848308885207,73.17780222194645,304.8382464195002,6.64778214444105,1265,-3.000088252001949,-3.277498991754353
6290,285.10499999999996,11.716051022474412,2541.0240560740594,166.82228047964995,1956.8367762182445,2543.840676710162,97.88843574257564,73.17615274372818,304.77359916730614,6.647985148961697,1265,-3.0000882659395733,-3.2770898416707657
6291,285.115,11.71637487073208,2541.02387057252,166.82049014890492,1956.8409823639352,2543.840556090637,97.8883883962095,73.17450342384309,304.7089533723807,6.648188148905638,1265,-3.0000882798774517,-3.276680704975364
6292,285.125,11.71669872287985,2541.02368506867,166.81870046983522,1956.8451884209187,2543.840435470498,97.88834104975366,73.17285426224258,304.6443090345838,6.6483911442733135,1265,-3.0000882938155846,-3.276271581661171
6293,285.135,11.717022578917433,2541.0234995625106,166.8169114423702,1956.8493943892045,2543.8403148497455,97.88829370320809,73.17120525887806,304.5796661537755,6.648594135065163,1265,-3.0000883077539706,-3.275862471721186
6294,285.145,11.717346438844412,2541.023314054036,166.8151230663216,1956.8536002687983,2543.840194228377,97.88824635657284,73.16955641370092,304.51502472981593,6.648797121281625,1265,-3.0000883216926106,-3.2754533751484605
6295,285.155,11.717670302660487,2541.0231285432474,166.8133353415363,1956.8578060597126,2543.8400736063945,97.88819900984787,73.16790772666259,304.4503847625652,6.6490001029231385,1265,-3.000088335631505,-3.27504429193603
6296,285.16499999999996,11.71799417036535,2541.022943030144,166.81154826779266,1956.862011761954,2543.839952983798,97.88815166303318,73.16625919771452,304.3857462518834,6.649203079990143,1265,-3.0000883495706545,-3.2746352220769075
6297,285.17499999999995,11.71831804195863,2541.0227575147237,166.80976184497857,1956.8662173755313,2543.839832360587,97.8881043161288,73.16461082680816,304.3211091976308,6.649406052483077,1265,-3.0000883635100584,-3.2742261655641327
6298,285.185,11.718641917440053,2541.022571996985,166.8079760728866,1956.8704229004531,2543.839711736761,97.88805696913472,73.16296261389496,304.25647359966763,6.649609020402381,1265,-3.0000883774497176,-3.2738171223907178
6299,285.195,11.718965796809266,2541.0223864769287,166.80619095141,1956.8746283367298,2543.8395911123225,97.88800962205093,73.16131455892639,304.1918394578542,6.649811983748491,1265,-3.000088391389632,-3.2734080925497073
6300,285.205,11.719289680065907,2541.0222009545496,166.80440648042148,1956.878833684367,2543.839470487268,97.88796227487745,73.15966666185395,304.12720677205084,6.650014942521846,1265,-3.0000884053298016,-3.272999076034126
6301,285.215,11.71961356720971,2541.0220154298513,166.80262265967804,1956.883038943376,2543.8393498616006,97.88791492761426,73.15801892262914,304.0625755421179,6.650217896722886,1265,-3.000088419270227,-3.27259007283701
6302,285.22499999999997,11.719937458240361,2541.0218299028293,166.80083948903578,1956.8872441137642,2543.8392292353187,97.88786758026139,73.15637134120344,303.9979457679158,6.650420846352048,1265,-3.000088433210908,-3.2721810829513838
6303,285.235,11.720261353157513,2541.021644373482,166.79905696831437,1956.8914491955409,2543.839108608422,97.88782023281883,73.1547239175284,303.9333174493051,6.650623791409771,1265,-3.0000884471518443,-3.2717721063702685
6304,285.245,11.720585251960886,2541.021458841809,166.79727509743677,1956.8956541887146,2543.8389879809106,97.88777288528657,73.15307665155552,303.8686905861462,6.650826731896491,1265,-3.0000884610930374,-3.271363143086707
6305,285.255,11.720909154650133,2541.02127330781,166.79549387616143,1956.899859093293,2543.8388673527866,97.88772553766462,73.15142954323639,303.80406517829965,6.651029667812647,1265,-3.0000884750344867,-3.270954193093729
6306,285.265,11.72123306122498,2541.0210877714835,166.79371330436433,1956.9040639092866,2543.838746724048,97.887678189953,73.14978259252254,303.73944122562614,6.651232599158678,1265,-3.0000884889761927,-3.270545256384355
6307,285.275,11.721556971685088,2541.020902232827,166.79193338188608,1956.908268636702,2543.838626094696,97.88763084215167,73.14813579936555,303.67481872798623,6.651435525935018,1265,-3.0000885029181554,-3.270136332951627
6308,285.28499999999997,11.72188088603022,2541.0207166918403,166.7901541085383,1956.9124732755506,2543.8385054647297,97.88758349426067,73.14648916371699,303.6101976852406,6.6516384481421085,1265,-3.0000885168603744,-3.2697274227885726
6309,285.29499999999996,11.722204804259995,2541.0205311485224,166.7883754842009,1956.916677825838,2543.83838483415,97.88753614627998,73.14484268552846,303.5455780972501,6.651841365780384,1265,-3.0000885308028518,-3.2693185258882123
6310,285.305,11.722528726374161,2541.0203456028717,166.7865975086527,1956.9208822875744,2543.8382642029565,97.88748879820962,73.14319636475157,303.48095996387525,6.652044278850282,1265,-3.0000885447455854,-3.2689096422435853
6311,285.315,11.722852652372424,2541.0201600548853,166.78482018181165,1956.9250866607692,2543.838143571148,97.88744145004958,73.14155020133792,303.4163432849771,6.6522471873522395,1265,-3.0000885586885766,-3.2685007718477412
6312,285.325,11.723176582254462,2541.0199745045647,166.78304350344987,1956.9292909454289,2543.838022938727,97.88739410179986,73.13990419523918,303.3517280604163,6.652450091286695,1265,-3.0000885726318263,-3.268091914693676
6313,285.335,11.723500516020009,2541.019788951907,166.78126747343725,1956.933495141564,2543.837902305692,97.88734675346048,73.13825834640694,303.28711429005386,6.652652990654083,1265,-3.0000885865753335,-3.2676830707744418
6314,285.34499999999997,11.723824453668792,2541.019603396911,166.7794920915778,1956.937699249183,2543.837781672043,97.88729940503143,73.13661265479288,303.2225019737507,6.652855885454842,1265,-3.0000886005190983,-3.2672742400830797
6315,285.35499999999996,11.724148395200478,2541.0194178395755,166.77771735781312,1956.9419032682936,2543.8376610377804,97.8872520565127,73.13496712034866,303.1578911113678,6.653058775689407,1265,-3.0000886144631225,-3.2668654226126086
6316,285.365,11.724472340614826,2541.0192322798994,166.77594327187654,1956.946107198905,2543.8375404029034,97.8872047079043,73.13332174302597,303.0932817027662,6.653261661358215,1265,-3.000088628407404,-3.2664566183560537
6317,285.375,11.724796289911525,2541.0190467178813,166.77416983361934,1956.9503110410258,2543.837419767413,97.88715735920624,73.13167652277649,303.0286737478069,6.653464542461702,1265,-3.000088642351945,-3.2660478273064744
6318,285.385,11.725120243090325,2541.018861153521,166.77239704294436,1956.954514794664,2543.8372991313104,97.88711001041852,73.13003145955192,302.9640672463511,6.653667419000303,1265,-3.0000886562967444,-3.265639049456873
6319,285.395,11.72544420015094,2541.0186755868162,166.77062489961673,1956.9587184598292,2543.8371784945934,97.88706266154114,73.12838655330397,302.8994621982598,6.6538702909744565,1265,-3.0000886702418033,-3.265230284800295
6320,285.405,11.725768161093093,2541.018490017766,166.76885340351814,1956.9629220365302,2543.8370578572635,97.88701531257408,73.12674180398439,302.8348586033943,6.6540731583845965,1265,-3.0000886841871215,-3.2648215333297785
6321,285.41499999999996,11.726092125916521,2541.0183044463683,166.76708255451697,1956.9671255247747,2543.8369372193197,97.88696796351736,73.12509721154488,302.7702564616159,6.654276021231159,1265,-3.0000886981326986,-3.2644127950383544
6322,285.42499999999995,11.726416094620927,2541.0181188726233,166.76531235237985,1956.9713289245713,2543.836816580763,97.88692061437101,73.12345277593721,302.70565577278575,6.6544788795145795,1265,-3.000088712078536,-3.264004069919053
6323,285.435,11.726740067206071,2541.0179332965286,166.7635427969875,1956.9755322359292,2543.836695941592,97.886873265135,73.12180849711314,302.6410565367652,6.654681733235293,1265,-3.000088726024633,-3.2635953579649093
6324,285.445,11.727064043671698,2541.0177477180832,166.76177388820537,1956.979735458857,2543.8365753018084,97.88682591580931,73.12016437502443,302.57645875341564,6.654884582393735,1265,-3.00008873997099,-3.2631866591689587
6325,285.455,11.727388024017511,2541.0175621372855,166.76000562582246,1956.9839385933633,2543.836454661411,97.88677856639399,73.11852040962289,302.5118624225985,6.655087426990341,1265,-3.0000887539176078,-3.2627779735242286
6326,285.465,11.727712008243277,2541.0173765541354,166.75823800974115,1956.9881416394571,2543.836334020401,97.88673121688902,73.11687660086031,302.4472675441752,6.655290267025546,1265,-3.0000887678644856,-3.2623693010237673
6327,285.47499999999997,11.728035996348732,2541.0171909686314,166.75647103973836,1956.9923445971456,2543.8362133787787,97.8866838672944,73.1152329486885,302.3826741180072,6.655493102499784,1265,-3.000088781811624,-3.26196064166059
6328,285.485,11.72835998833364,2541.017005380771,166.75470471566086,1956.9965474664384,2543.8360927365416,97.88663651761014,73.11358945305926,302.318082143956,6.65569593341349,1265,-3.000088795759024,-3.2615519954277503
6329,285.495,11.728683984197719,2541.016819790554,166.7529390374244,1957.000750247344,2543.835972093692,97.88658916783622,73.11194611392446,302.2534916218833,6.6558987597670995,1265,-3.0000888097066842,-3.2611433623182715
6330,285.505,11.72900798394071,2541.016634197979,166.75117400477748,1957.0049529398702,2543.8358514502293,97.88654181797268,73.1103029312359,302.18890255165064,6.656101581561046,1265,-3.0000888236546057,-3.2607347423251887
6331,285.515,11.729331987562405,2541.016448603044,166.7494096176167,1957.0091555440272,2543.8357308061536,97.88649446801949,73.10865990494548,302.1243149331197,6.656304398795763,1265,-3.0000888376027897,-3.26032613544155
6332,285.525,11.729655995062563,2541.0162630057484,166.74764587573648,1957.0133580598228,2543.8356101614645,97.88644711797667,73.10701703500504,302.05972876615215,6.656507211471687,1265,-3.0000888515512347,-3.259917541660374
6333,285.53499999999997,11.729980006440897,2541.0160774060923,166.74588277903592,1957.0175604872654,2543.8354895161633,97.88639976784421,73.10537432136647,301.99514405060984,6.656710019589251,1265,-3.0000888654999414,-3.2595089609747028
6334,285.54499999999996,11.730304021697188,2541.0158918040725,166.74412032731001,1957.0217628263636,2543.835368870249,97.8863524176221,73.10373176398166,301.9305607863544,6.656912823148888,1265,-3.0000888794489105,-3.2591003933775697
6335,285.555,11.730628040831203,2541.0157061996883,166.7423585204232,1957.0259650771266,2543.835248223722,97.8863050673104,73.10208936280252,301.86597897324776,6.657115622151032,1265,-3.000088893398142,-3.2586918388620174
6336,285.565,11.730952063842713,2541.015520592937,166.7405973582007,1957.0301672395628,2543.8351275765813,97.88625771690903,73.10044711778096,301.8013986111518,6.657318416596118,1265,-3.000088907347636,-3.2582832974210834
6337,285.575,11.731276090731486,2541.015334983821,166.73883684048204,1957.0343693136795,2543.8350069288294,97.88621036641804,73.09880502886891,301.7368196999284,6.657521206484578,1265,-3.0000889212973916,-3.257874769047783
6338,285.585,11.731600121497252,2541.0151493723356,166.73707696714717,1957.038571299486,2543.834886280463,97.88616301583744,73.0971630960183,301.6722422394395,6.657723991816847,1265,-3.0000889352474114,-3.25746625373517
6339,285.59499999999997,11.731924156139831,2541.0149637584814,166.73531773796816,1957.0427731969917,2543.834765631485,97.8861156651672,73.09552131918112,301.6076662295472,6.657926772593357,1265,-3.0000889491976936,-3.257057751476293
6340,285.60499999999996,11.732248194658982,2541.0147781422556,166.7335591528787,1957.0469750062052,2543.834644981894,97.88606831440734,73.0938796983093,301.5430916701134,6.65812954881454,1265,-3.000088963148239,-3.256649262264173
6341,285.615,11.732572237054477,2541.0145925236584,166.73180121160513,1957.051176727134,2543.83452433169,97.88602096355785,73.09223823335482,301.47851856100027,6.658332320480833,1265,-3.0000889770990478,-3.2562407860918303
6342,285.625,11.732896283326074,2541.0144069026887,166.73004391409836,1957.0553783597866,2543.8344036808744,97.88597361261876,73.09059692426966,301.41394690207,6.658535087592663,1265,-3.00008899105012,-3.2558323229523376
6343,285.635,11.733220333473591,2541.0142212793435,166.72828726017957,1957.059579904173,2543.834283029445,97.88592626159004,73.08895577100584,301.34937669318464,6.658737850150469,1265,-3.0000890050014566,-3.2554238728387093
6344,285.645,11.7335443874968,2541.0140356536235,166.7265312496143,1957.0637813602998,2543.834162377404,97.88587891047172,73.08731477351539,301.2848079342064,6.658940608154678,1265,-3.000089018953057,-3.2550154357439873
6345,285.655,11.733868445395466,2541.0138500255266,166.72477588229904,1957.0679827281774,2543.8340417247505,97.88583155926376,73.08567393175028,301.2202406249977,6.659143361605726,1265,-3.0000890329049223,-3.254607011661213
6346,285.66499999999996,11.734192507169407,2541.013664395051,166.72302115807787,1957.0721840078136,2543.8339210714844,97.88578420796621,73.08403324566258,301.15567476542066,6.659346110504044,1265,-3.0000890468570516,-3.2541986005834276
6347,285.67499999999995,11.7345165728184,2541.013478762196,166.72126707680664,1957.076385199217,2543.8338004176053,97.88573685657904,73.08239271520432,301.0911103553377,6.659548854850065,1265,-3.0000890608094455,-3.2537902025036503
6348,285.685,11.734840642342252,2541.0132931269604,166.71951363828776,1957.0805863023961,2543.833679763115,97.88568950510226,73.08075234032758,301.0265473946112,6.65975159464422,1265,-3.0000890747621045,-3.253381817414941
6349,285.695,11.735164715740746,2541.0131074893434,166.7177608424116,1957.0847873173586,2543.833559108012,97.8856421535359,73.07911212098439,300.9619858831036,6.659954329886942,1265,-3.000089088715028,-3.2529734453103303
6350,285.705,11.735488793013669,2541.0129218493425,166.71600868895445,1957.0889882441154,2543.833438452297,97.88559480187992,73.07747205712687,300.8974258206773,6.660157060578661,1265,-3.0000891026682175,-3.2525650861828423
6351,285.715,11.735812874160834,2541.012736206957,166.71425717780053,1957.0931890826728,2543.8333177959685,97.88554745013434,73.07583214870711,300.83286720719485,6.660359786719811,1265,-3.000089116621672,-3.252156740025549
6352,285.72499999999997,11.736136959182025,2541.0125505621863,166.71250630881153,1957.097389833039,2543.833197139029,97.88550009829915,73.0741923956772,300.76831004251886,6.6605625083108215,1265,-3.0000891305753923,-3.2517484068314517
6353,285.735,11.736461048077073,2541.0123649150287,166.71075608177748,1957.1015904952249,2543.833076481477,97.88545274637437,73.07255279798927,300.7037543265118,6.660765225352125,1265,-3.0000891445293782,-3.251340086593617
6354,285.745,11.736785140845805,2541.0121792654827,166.70900649655533,1957.1057910692377,2543.8329558233127,97.88540539435998,73.07091335559547,300.63920005903645,6.660967937844152,1265,-3.0000891584836302,-3.2509317793050667
6355,285.755,11.737109237487964,2541.011993613547,166.70725755305634,1957.1099915550853,2543.832835164536,97.88535804225602,73.06927406844788,300.5746472399554,6.661170645787334,1265,-3.0000891724381487,-3.2505234849588582
6356,285.765,11.737433338003399,2541.011807959221,166.70550925100198,1957.1141919527772,2543.8327145051485,97.88531069006245,73.06763493649872,300.5100958691314,6.661373349182102,1265,-3.0000891863929335,-3.2501152035480114
6357,285.775,11.737757442391953,2541.011622302503,166.70376159035695,1957.1183922623215,2543.832593845148,97.88526333777929,73.06599595970012,300.44554594642716,6.661576048028888,1265,-3.000089200347984,-3.2497069350655803
6358,285.78499999999997,11.738081550653392,2541.011436643391,166.7020145708786,1957.1225924837272,2543.832473184535,97.88521598540655,73.06435713800425,300.38099747170554,6.66177874232812,1265,-3.000089214303303,-3.2492986795045975
6359,285.79499999999996,11.738405662787578,2541.0112509818855,166.70026819245265,1957.1267926170026,2543.832352523312,97.88516863294421,73.06271847136333,300.3164504448294,6.661981432080231,1265,-3.000089228258888,-3.2488904368581095
6360,285.805,11.738729778794294,2541.0110653179836,166.69852245488042,1957.1309926621554,2543.8322318614755,97.8851212803923,73.06107995972953,300.25190486566163,6.66218411728565,1265,-3.0000892422147407,-3.248482207119148
6361,285.815,11.739053898673411,2541.0108796516843,166.69677735806243,1957.1351926191958,2543.8321111990267,97.8850739277508,73.05944160305508,300.1873607340651,6.662386797944809,1265,-3.0000892561708605,-3.2480739902807674
6362,285.825,11.739378022424697,2541.0106939829884,166.69503290182706,1957.1393924881309,2543.8319905359685,97.88502657501972,73.05780340129219,300.1228180499029,6.662589474058136,1265,-3.0000892701272486,-3.2476657863359857
6363,285.835,11.739702150048018,2541.0105083118915,166.69328908593107,1957.1435922689695,2543.8318698722965,97.88497922219905,73.05616535439312,300.05827681303793,6.662792145626064,1265,-3.0000892840839035,-3.247257595277863
6364,285.84499999999997,11.740026281543182,2541.0103226383944,166.69154591034226,1957.1477919617196,2543.8317492080137,97.88493186928882,73.05452746231008,299.9937370233333,6.6629948126490195,1265,-3.0000892980408276,-3.2468494170994333
6365,285.85499999999996,11.740350416910054,2541.0101369624945,166.68980337481668,1957.1519915663914,2543.831628543118,97.884884516289,73.05288972499537,299.9291986806521,6.663197475127434,1265,-3.000089311998019,-3.2464412517937413
6366,285.865,11.740674556148438,2541.009951284192,166.68806147924374,1957.156191082992,2543.8315078776113,97.88483716319962,73.05125214240122,299.8646617848575,6.663400133061736,1265,-3.000089325955479,-3.2460330993538236
6367,285.875,11.740998699258204,2541.009765603486,166.68632022348874,1957.1603905115305,2543.8313872114936,97.88478981002066,73.04961471447994,299.8001263358127,6.6636027864523575,1265,-3.000089339913208,-3.245624959772713
6368,285.885,11.74132284623917,2541.0095799203727,166.68457960733758,1957.1645898520146,2543.831266544764,97.88474245675214,73.04797744118385,299.73559233338085,6.663805435299725,1265,-3.0000893538712057,-3.2452168330434725
6369,285.895,11.741646997091154,2541.009394234853,166.68283963060645,1957.1687891044533,2543.8311458774224,97.88469510339404,73.04634032246518,299.6710597774253,6.664008079604271,1265,-3.000089367829472,-3.244808719159137
6370,285.905,11.741971151814063,2541.009208546924,166.6811002932428,1957.172988268856,2543.8310252094693,97.88464774994637,73.04470335827632,299.6065286678093,6.664210719366421,1265,-3.0000893817880083,-3.2444006181127407
6371,285.91499999999996,11.742295310407707,2541.0090228565864,166.6793615950453,1957.1771873452294,2543.830904540905,97.88460039640916,73.04306654856957,299.54199900439625,6.664413354586607,1265,-3.000089395746814,-3.2439925298973207
6372,285.92499999999995,11.742619472871937,2541.008837163838,166.67762353581543,1957.181386333584,2543.83078387173,97.88455304278236,73.04142989329726,299.4774707870495,6.664615985265257,1265,-3.0000894097058883,-3.2435844545059442
6373,285.935,11.742943639206592,2541.008651468678,166.67588611539796,1957.1855852339258,2543.8306632019426,97.884505689066,73.03979339241177,299.4129440156326,6.664818611402799,1265,-3.000089423665233,-3.2431763919316223
6374,285.945,11.74326780941157,2541.008465771105,166.67414933368102,1957.189784046266,2543.830542531545,97.88445833526009,73.03815704586543,299.3484186900089,6.665021232999662,1265,-3.000089437624848,-3.2427683421674147
6375,285.955,11.743591983486658,2541.0082800711148,166.67241319053431,1957.193982770611,2543.830421860534,97.88441098136464,73.03652085361064,299.283894810042,6.665223850056274,1265,-3.000089451584733,-3.242360305206377
6376,285.965,11.743916161431802,2541.0080943687108,166.67067768574162,1957.19818140697,2543.8303011889134,97.88436362737961,73.03488481559981,299.21937237559547,6.665426462573064,1265,-3.0000894655448884,-3.2419522810415144
6377,285.97499999999997,11.744240343246794,2541.00790866389,166.6689428191761,1957.2023799553508,2543.8301805166816,97.88431627330503,73.0332489317853,299.15485138653287,6.665629070550461,1265,-3.0000894795053146,-3.2415442696659107
6378,285.985,11.744564528931509,2541.007722956651,166.6672085906368,1957.2065784157642,2543.8300598438386,97.88426891914091,73.03161320211953,299.0903318427179,6.66583167398889,1265,-3.0000894934660116,-3.2411362710725857
6379,285.995,11.744888718485837,2541.0075372469914,166.6654750000467,1957.210776788216,2543.829939170384,97.88422156488723,73.02997762655494,299.0258137440142,6.6660342728887825,1265,-3.0000895074269796,-3.240728285254591
6380,286.005,11.74521291190964,2541.007351534912,166.66374204718196,1957.214975072716,2543.8298184963182,97.884174210544,73.02834220504396,298.96129709028554,6.666236867250564,1265,-3.0000895213882184,-3.2403203122049664
6381,286.015,11.745537109202779,2541.0071658204097,166.66200973193284,1957.2191732692722,2543.829697821642,97.88412685611124,73.02670693753902,298.89678188139567,6.666439457074665,1265,-3.0000895353497294,-3.2399123519167583
6382,286.025,11.745861310365116,2541.006980103484,166.66027805408226,1957.2233713778935,2543.829577146354,97.88407950158893,73.02507182399259,298.8322681172084,6.666642042361509,1265,-3.000089549311512,-3.239504404383013
6383,286.03499999999997,11.746185515396563,2541.0067943841336,166.65854701356233,1957.2275693985878,2543.8294564704547,97.88403214697709,73.02343686435714,298.7677557975876,6.666844623111526,1265,-3.0000895632735656,-3.239096469596773
6384,286.04499999999996,11.746509724296965,2541.006608662358,166.65681661016342,1957.2317673313646,2543.8293357939456,97.8839847922757,73.02180205858514,298.70324492239723,6.667047199325143,1265,-3.000089577235892,-3.238688547551074
6385,286.055,11.746833937066219,2541.0064229381555,166.65508684370332,1957.2359651762301,2543.8292151168257,97.88393743748478,73.0201674066291,298.63873549150117,6.667249771002786,1265,-3.0000895911984906,-3.238280638238961
6386,286.065,11.747158153704206,2541.006237211523,166.6533577140782,1957.2401629331953,2543.8290944390938,97.8838900826043,73.01853290844153,298.5742275047634,6.667452338144884,1265,-3.0000896051613615,-3.237872741653506
6387,286.075,11.747482374210788,2541.006051482462,166.6516292211092,1957.2443606022673,2543.8289737607515,97.8838427276343,73.01689856397492,298.50972096204805,6.667654900751861,1265,-3.000089619124505,-3.23746485778772
6388,286.085,11.747806598585875,2541.0058657509708,166.64990136466818,1957.2485581834549,2543.8288530817986,97.88379537257475,73.01526437318182,298.44521586321906,6.667857458824146,1265,-3.000089633087921,-3.237056986634658
6389,286.09499999999997,11.748130826829353,2541.0056800170473,166.64817414455598,1957.252755676767,2543.828732402235,97.8837480174257,73.01363033601476,298.3807122081406,6.668060012362166,1265,-3.000089647051611,-3.2366491281873726
6390,286.10499999999996,11.748455058941108,2541.005494280688,166.64644756065525,1957.2569530822109,2543.828611722059,97.8837006621871,73.01199645242629,298.31620999667683,6.668262561366346,1265,-3.0000896610155734,-3.236241282438905
6391,286.115,11.748779294921027,2541.0053085418967,166.64472161277504,1957.2611503997955,2543.8284910412735,97.88365330685897,73.010362722369,298.25170922869194,6.668465105837113,1265,-3.0000896749798094,-3.2358334493822927
6392,286.125,11.749103534769032,2541.0051228006696,166.6429963007997,1957.2653476295293,2543.8283703598786,97.88360595144134,73.00872914579541,298.1872099040502,6.668667645774892,1265,-3.000089688944319,-3.235425629010603
6393,286.135,11.749427778485003,2541.004937057004,166.64127162455776,1957.2695447714214,2543.8282496778716,97.88355859593416,73.00709572265815,298.1227120226158,6.668870181180111,1265,-3.0000897029091025,-3.235017821316855
6394,286.145,11.74975202606885,2541.0047513109007,166.63954758386134,1957.273741825479,2543.8281289952547,97.88351124033748,73.00546245290981,298.05821558425316,6.669072712053195,1265,-3.0000897168741596,-3.2346100262941104
6395,286.155,11.750076277520442,2541.004565562358,166.63782417860463,1957.2779387917124,2543.8280083120276,97.88346388465126,73.00382933650299,297.99372058882653,6.669275238394571,1265,-3.0000897308394916,-3.2342022439354134
6396,286.16499999999996,11.75040053283974,2541.0043798113734,166.63610140863298,1957.2821356701277,2543.827887628189,97.88341652887553,73.0021963733903,297.9292270362004,6.669477760204662,1265,-3.000089744805097,-3.2337944742338007
6397,286.17499999999995,11.75072479202663,2541.004194057947,166.6343792737411,1957.2863324607342,2543.8277669437407,97.8833691730103,73.00056356352441,297.86473492623924,6.669680277483897,1265,-3.0000897587709785,-3.233386717182335
6398,286.185,11.751049055080987,2541.004008302077,166.63265777380425,1957.2905291635404,2543.827646258681,97.88332181705555,72.99893090685792,297.8002442588075,6.669882790232699,1265,-3.000089772737134,-3.232978972774053
6399,286.195,11.751373322002772,2541.0038225437625,166.6309369086833,1957.2947257785554,2543.8275255730114,97.88327446101128,72.99729840334352,297.73575503376964,6.670085298451494,1265,-3.0000897867035645,-3.2325712410019993
6400,286.205,11.751697592791869,2541.0036367830025,166.6292166782124,1957.2989223057875,2543.8274048867315,97.8832271048775,72.99566605293387,297.6712672509904,6.670287802140707,1265,-3.0000898006702705,-3.2321635218592255
6401,286.215,11.752021867448217,2541.0034510197947,166.62749708221,1957.3031187452448,2543.8272841998414,97.88317974865421,72.99403385558163,297.60678091033424,6.670490301300762,1265,-3.000089814637252,-3.2317558153387806
6402,286.22499999999997,11.752346145971712,2541.00326525414,166.62577812058714,1957.3073150969346,2543.8271635123415,97.88313239234142,72.99240181123952,297.54229601166594,6.670692795932086,1265,-3.0000898286045086,-3.231348121433703
6403,286.235,11.752670428362283,2541.003079486034,166.62405979313286,1957.311511360866,2543.827042824231,97.88308503593912,72.99076991986021,297.4778125548501,6.670895286035103,1265,-3.0000898425720415,-3.230940440137049
6404,286.245,11.7529947146199,2541.0028937154775,166.62234209969404,1957.3157075370484,2543.8269221355094,97.88303767944731,72.98913818139644,297.4133305397515,6.6710977716102375,1265,-3.0000898565398493,-3.230532771441858
6405,286.255,11.753319004744414,2541.002707942469,166.62062504016504,1957.3199036254891,2543.8268014461787,97.88299032286602,72.98750659580092,297.3488499662349,6.671300252657915,1265,-3.000089870507935,-3.2301251153411874
6406,286.265,11.753643298735799,2541.002522167006,166.61890861431422,1957.3240996261966,2543.8266807562377,97.88294296619522,72.98587516302639,297.28437083416514,6.671502729178557,1265,-3.000089884476296,-3.229717471828076
6407,286.275,11.753967596593956,2541.0023363890905,166.61719282204052,1957.3282955391803,2543.8265600656873,97.88289560943491,72.98424388302561,297.21989314340715,6.671705201172591,1265,-3.0000898984449345,-3.2293098408955756
6408,286.28499999999997,11.754291898318858,2541.002150608718,166.6154776631973,1957.3324913644483,2543.826439374526,97.88284825258513,72.98261275575132,297.1554168938257,6.671907668640439,1265,-3.0000899124138494,-3.2289022225367336
6409,286.29499999999996,11.7546162039104,2541.001964825887,166.6137631376074,1957.3366871020073,2543.8263186827544,97.88280089564584,72.9809817811563,297.09094208528586,6.672110131582526,1265,-3.0000899263830414,-3.2284946167446065
6410,286.30499999999995,11.75494051336856,2541.0017790405986,166.6120492451299,1957.3408827518667,2543.8261979903737,97.88275353861707,72.97935095919334,297.02646871765256,6.672312589999276,1265,-3.0000899403525105,-3.22808702351223
6411,286.315,11.755264826693253,2541.001593252851,166.61033598559484,1957.3450783140365,2543.8260772973827,97.8827061814988,72.97772028981522,296.96199679079086,6.672515043891112,1265,-3.0000899543222572,-3.2276794428326565
6412,286.325,11.755589143884416,2541.0014074626415,166.60862335885085,1957.349273788523,2543.8259566037814,97.88265882429104,72.97608977297476,296.8975263045658,6.672717493258458,1265,-3.000089968292282,-3.2272718746989333
6413,286.335,11.755913464942,2541.0012216699706,166.60691136475901,1957.3534691753355,2543.825835909571,97.88261146699381,72.97445940862475,296.83305725884253,6.672919938101737,1265,-3.000089982262584,-3.226864319104114
6414,286.34499999999997,11.75623778986596,2541.001035874836,166.6052000031709,1957.3576644744817,2543.825715214751,97.88256410960709,72.97282919671807,296.76858965348623,6.673122378421373,1265,-3.000089996233164,-3.226456776041245
6415,286.355,11.756562118656259,2541.0008500772365,166.6034892738974,1957.3618596859708,2543.8255945193205,97.88251675213088,72.9711991372075,296.70412348836203,6.673324814217789,1265,-3.0000900102040227,-3.226049245503372
6416,286.365,11.756886451312814,2541.00066427717,166.60177917684928,1957.3660548098096,2543.82547382328,97.8824693945652,72.96956923004595,296.63965876333526,6.673527245491408,1265,-3.000090024175159,-3.2256417274835636
6417,286.375,11.757210787835586,2541.000478474638,166.60006971179683,1957.3702498460086,2543.8253531266314,97.88242203691004,72.96793947518626,296.5751954782711,6.6737296722426525,1265,-3.0000900381465745,-3.2252342219748393
6418,286.385,11.757535128224552,2541.000292669636,166.59836087863454,1957.374444794576,2543.8252324293708,97.88237467916542,72.96630987258128,296.51073363303493,6.6739320944719465,1265,-3.000090052118269,-3.224826728970268
6419,286.395,11.757859472479648,2541.0001068621646,166.59665267715977,1957.378639655518,2543.825111731502,97.8823273213313,72.96468042218392,296.4462732274921,6.674134512179711,1265,-3.0000900660902428,-3.2244192484628984
6420,286.405,11.75818382060087,2540.9999210522224,166.59494510732964,1957.3828344288452,2543.8249910330233,97.88227996340773,72.96305112394708,296.38181426150805,6.67433692536637,1265,-3.0000900800624954,-3.224011780445783
6421,286.41499999999996,11.758508172588133,2540.999735239808,166.59323816885967,1957.3870291145643,2543.824870333935,97.88223260539468,72.96142197782366,296.3173567349482,6.674539334032345,1265,-3.0000900940350275,-3.2236043249119515
6422,286.42499999999995,11.758832528441431,2540.99954942492,166.59153186165906,1957.3912237126847,2543.8247496342374,97.88218524729214,72.95979298376659,296.252900647678,6.674741738178059,1265,-3.000090108007839,-3.223196881854482
6423,286.435,11.759156888160733,2540.9993636075574,166.58982618559332,1957.395418223215,2543.82462893393,97.88213788910015,72.95816414172879,296.18844599956316,6.674944137803934,1265,-3.0000901219809304,-3.222789451266407
6424,286.445,11.759481251745994,2540.999177787719,166.58812114047734,1957.3996126461625,2543.824508233014,97.8820905308187,72.9565354516632,296.12399279046906,6.675146532910391,1265,-3.000090135954302,-3.222382033140773
6425,286.455,11.7598056191972,2540.9989919654026,166.58641672616918,1957.4038069815363,2543.8243875314884,97.88204317244778,72.95490691352279,296.0595410202614,6.675348923497853,1265,-3.0000901499279546,-3.221974627470643
6426,286.465,11.760129990514326,2540.998806140609,166.58471294254102,1957.408001229344,2543.8242668293533,97.8819958139874,72.95327852726052,295.99509068880576,6.675551309566742,1265,-3.0000901639018864,-3.2215672342490596
6427,286.47499999999997,11.760454365697322,2540.998620313335,166.5830097893615,1957.4121953895954,2543.824146126609,97.88194845543757,72.95165029282937,295.930641795968,6.675753691117479,1265,-3.0000901778760993,-3.2211598534690875
6428,286.485,11.760778744746206,2540.998434483578,166.58130726656947,1957.4163894622968,2543.824025423254,97.88190109679826,72.95002221018234,295.86619434161366,6.675956068150486,1265,-3.0000901918505942,-3.220752485123774
6429,286.495,11.761103127660933,2540.9982486513413,166.57960537398372,1957.4205834474583,2543.823904719292,97.88185373806951,72.9483942792724,295.8017483256086,6.676158440666183,1265,-3.0000902058253685,-3.2203451292061462
6430,286.505,11.761427514441511,2540.99806281662,166.5779041114424,1957.4247773450873,2543.8237840147194,97.88180637925132,72.9467665000526,295.73730374781877,6.676360808664993,1265,-3.0000902198004247,-3.219937785709287
6431,286.515,11.761751905087886,2540.9978769794143,166.57620347872563,1957.4289711551921,2543.8236633095385,97.88175902034367,72.94513887247595,295.6728606081099,6.676563172147336,1265,-3.0000902337757633,-3.2195304546262338
6432,286.525,11.76207629960008,2540.9976911397216,166.57450347577458,1957.433164877782,2543.8235426037472,97.88171166134654,72.94351139649547,295.60841890634794,6.676765531113634,1265,-3.0000902477513818,-3.219123135950035
6433,286.53499999999997,11.762400697978087,2540.9975052975415,166.57280410242473,1957.4373585128649,2543.823421897347,97.88166430225999,72.94188407206423,295.5439786423988,6.676967885564306,1265,-3.000090261727283,-3.218715829673764
6434,286.54499999999996,11.762725100221854,2540.9973194528743,166.57110535854605,1957.4415520604477,2543.823301190339,97.881616943084,72.94025689913526,295.4795398161285,6.677170235499775,1265,-3.000090275703467,-3.2183085357904315
6435,286.55499999999995,11.763049506331411,2540.9971336057165,166.56940724390608,1957.4457455205404,2543.8231804827215,97.88156958381855,72.93862987766165,295.4151024274031,6.67737258092046,1265,-3.0000902896799326,-3.2179012542931273
6436,286.565,11.763373916306783,2540.9969477560685,166.56770975837932,1957.4499388931513,2543.8230597744955,97.88152222446365,72.9370030075965,295.3506664760886,6.677574921826782,1265,-3.0000903036566804,-3.2174939851748907
6437,286.575,11.76369833014792,2540.996761903927,166.56601290184454,1957.4541321782879,2543.8229390656597,97.88147486501931,72.93537628889285,295.2862319620512,6.6777772582191615,1265,-3.0000903176337115,-3.2170867284287774
6438,286.585,11.764022747854856,2540.9965760492914,166.56431667417058,1957.4583253759586,2543.8228183562146,97.88142750548555,72.93374972150384,295.22179888515694,6.677979590098018,1265,-3.000090331611025,-3.2166794840478357
6439,286.59499999999997,11.764347169427566,2540.996390192162,166.56262107514397,1957.4625184861718,2543.8226976461615,97.88138014586234,72.93212330538259,295.1573672452721,6.678181917463772,1265,-3.0000903455886214,-3.2162722520251132
6440,286.605,11.764671594866087,2540.9962043325368,166.56092610463156,1957.4667115089355,2543.8225769355,97.8813327861497,72.93049704048221,295.0929370422629,6.678384240316843,1265,-3.0000903595665016,-3.2158650323536757
6441,286.615,11.764996024170388,2540.996018470413,166.55923176251738,1957.47090444426,2543.822456224229,97.88128542634762,72.92887092675583,295.0285082759957,6.678586558657653,1265,-3.000090373544665,-3.2154578250265624
6442,286.625,11.765320457340533,2540.9958326057917,166.557538048573,1957.4750972921508,2543.8223355123496,97.8812380664561,72.92724496415661,294.96408094633676,6.678788872486619,1265,-3.0000903875231124,-3.2150506300368447
6443,286.635,11.765644894376488,2540.9956467386705,166.55584496274943,1957.4792900526174,2543.8222147998617,97.88119070647518,72.92561915263772,294.89965505315234,6.678991181804162,1265,-3.0000904015018435,-3.2146434473775534
6444,286.645,11.765969335278282,2540.995460869047,166.55415250481136,1957.4834827256682,2543.822094086764,97.88114334640481,72.92399349215232,294.83523059630903,6.6791934866107,1265,-3.000090415480859,-3.2142362770417647
6445,286.655,11.76629378004595,2540.9952749969225,166.55246067463418,1957.487675311312,2543.821973373059,97.88109598624501,72.9223679826536,294.77080757567313,6.679395786906653,1265,-3.0000904294601587,-3.2138291190225137
6446,286.66499999999996,11.766618228679508,2540.9950891222934,166.5507694721028,1957.4918678095562,2543.821852658744,97.8810486259958,72.92074262409474,294.7063859911112,6.679598082692441,1265,-3.0000904434397424,-3.2134219733128595
6447,286.67499999999995,11.766942681178953,2540.9949032451595,166.549078896991,1957.49606022041,2543.821731943821,97.88100126565718,72.91911741642896,294.6419658424897,6.679800373968482,1265,-3.000090457419611,-3.2130148399058642
6448,286.685,11.767267137544337,2540.99471736552,166.54738894919262,1957.5002525438806,2543.8216112282903,97.88095390522912,72.91749235960947,294.57754712967534,6.680002660735195,1265,-3.0000904713997647,-3.2126077187945734
6449,286.695,11.767591597775656,2540.994531483373,166.54569962860677,1957.504444779976,2543.8214905121504,97.88090654471165,72.9158674535895,294.5131298525346,6.680204942993,1265,-3.0000904853802037,-3.212200609972043
6450,286.705,11.767916061872983,2540.994345598717,166.54401093499618,1957.5086369287058,2543.821369795402,97.88085918410475,72.91424269832231,294.44871401093417,6.680407220742314,1265,-3.000090499360928,-3.211793513431331
6451,286.715,11.768240529836339,2540.994159711551,166.54232286821977,1957.5128289900786,2543.8212490780456,97.88081182340844,72.91261809376113,294.38429960474076,6.680609493983557,1265,-3.000090513341937,-3.211386429165489
6452,286.72499999999997,11.768565001665706,2540.9939738218745,166.54063542818147,1957.517020964101,2543.821128360081,97.88076446262272,72.91099363985921,294.31988663382106,6.680811762717146,1265,-3.000090527323233,-3.2109793571675667
6453,286.735,11.76888947736119,2540.9937879296854,166.53894861466654,1957.521212850781,2543.8210076415075,97.88071710174759,72.90936933656985,294.25547509804187,6.681014026943499,1265,-3.0000905413048136,-3.210572297430618
6454,286.745,11.769213956922787,2540.993602034982,166.5372624275747,1957.525404650129,2543.820886922326,97.88066974078305,72.90774518384632,294.1910649972701,6.681216286663036,1265,-3.0000905552866812,-3.210165249947709
6455,286.755,11.769538440350539,2540.993416137764,166.53557686672485,1957.529596362153,2543.820766202536,97.8806223797291,72.90612118164194,294.12665633137243,6.681418541876173,1265,-3.0000905692688344,-3.2097582147118953
6456,286.765,11.769862927644494,2540.9932302380307,166.533891931959,1957.5337879868596,2543.8206454821384,97.88057501858574,72.90449732990997,294.06224910021587,6.681620792583329,1265,-3.000090583251275,-3.20935119171622
6457,286.775,11.770187418804714,2540.99304433578,166.53220762317846,1957.5379795242577,2543.8205247611327,97.88052765735299,72.90287362860379,293.99784330366737,6.6818230387849225,1265,-3.000090597234001,-3.2089441809537442
6458,286.78499999999997,11.77051191383123,2540.9928584310087,166.5305239401694,1957.5421709743564,2543.8204040395176,97.88048029603084,72.90125007767669,293.93343894159386,6.68202528048137,1265,-3.0000906112170154,-3.208537182417527
6459,286.79499999999996,11.770836412724076,2540.992672523718,166.52884088285302,1957.5463623371625,2543.820283317295,97.88043293461928,72.89962667708201,293.86903601386246,6.682227517673089,1265,-3.000090625200316,-3.208130196100614
6460,286.80499999999995,11.771160915483328,2540.992486613908,166.5271584510239,1957.5505536126857,2543.820162594466,97.88038557311832,72.89800342677313,293.8046345203401,6.682429750360496,1265,-3.000090639183904,-3.2077232219960705
6461,286.815,11.771485422109045,2540.9923007015736,166.52547664452916,1957.5547448009338,2543.8200418710267,97.88033821152796,72.8963803267034,293.740234460894,6.68263197854401,1265,-3.000090653167779,-3.207316260096953
6462,286.825,11.771809932601274,2540.9921147867162,166.5237954632372,1957.5589359019139,2543.81992114698,97.88029084984822,72.89475737682619,293.67583583539124,6.682834202224047,1265,-3.000090667151943,-3.2069093103963136
6463,286.835,11.772134446960044,2540.9919288693345,166.52211490700176,1957.5631269156358,2543.8198004223264,97.88024348807907,72.8931345770949,293.6114386436991,6.683036421401025,1265,-3.000090681136394,-3.2065023728872055
6464,286.84499999999997,11.77245896518547,2540.9917429494267,166.5204349756433,1957.567317842108,2543.8196796970647,97.88019612622054,72.8915119274629,293.5470428856847,6.683238636075359,1265,-3.0000906951211337,-3.206095447562691
6465,286.855,11.77278348727758,2540.99155702699,166.51875566906887,1957.571508681337,2543.8195589711936,97.88014876427263,72.88988942788363,293.4826485612154,6.683440846247467,1265,-3.000090709106162,-3.2056885344158155
6466,286.865,11.773108013236424,2540.9913711020245,166.5170769870643,1957.575699433332,2543.819438244715,97.88010140223533,72.88826707831049,293.41825567015843,6.683643051917765,1265,-3.000090723091478,-3.205281633439653
6467,286.875,11.773432543062114,2540.99118517453,166.51539892949518,1957.579890098101,2543.81931751763,97.88005404010863,72.88664487869694,293.35386421238115,6.6838452530866705,1265,-3.000090737077084,-3.2048747446272423
6468,286.885,11.77375707675469,2540.990999244504,166.51372149624822,1957.5840806756535,2543.819196789936,97.88000667789257,72.88502282899638,293.28947418775107,6.684047449754598,1265,-3.0000907510629773,-3.2044678679716547
6469,286.895,11.774081614314234,2540.990813311946,166.51204468714127,1957.5882711659956,2543.8190760616353,97.8799593155871,72.88340092916232,293.2250855961355,6.684249641921965,1265,-3.000090765049161,-3.2040610034659394
6470,286.905,11.774406155740797,2540.990627376854,166.51036850202334,1957.592461569137,2543.8189553327265,97.87991195319228,72.88177917914817,293.16069843740195,6.684451829589188,1265,-3.0000907790356344,-3.2036541511031524
6471,286.91499999999996,11.7747307010345,2540.9904414392267,166.50869294077285,1957.5966518850853,2543.81883460321,97.87986459070807,72.88015757890743,293.09631271141797,6.68465401275668,1265,-3.0000907930223963,-3.2032473108763537
6472,286.92499999999995,11.775055250195368,2540.990255499064,166.5070180031875,1957.6008421138492,2543.818713873087,97.87981722813448,72.8785361283936,293.0319284180511,6.684856191424861,1265,-3.0000908070094487,-3.2028404827786057
6473,286.935,11.77537980322352,2540.9900695563624,166.5053436892013,1957.6050322554358,2543.818593142354,97.87976986547152,72.87691482756017,292.96754555716893,6.685058365594144,1265,-3.0000908209967907,-3.2024336668029543
6474,286.945,11.775704360119054,2540.9898836111233,166.5036699985885,1957.6092223098549,2543.8184724110156,97.87972250271918,72.87529367636066,292.90316412863916,6.685260535264945,1265,-3.000090834984423,-3.2020268629424646
6475,286.955,11.776028920882004,2540.989697663344,166.50199693123272,1957.6134122771145,2543.8183516790687,97.87967513987749,72.87367267474858,292.83878413232935,6.68546270043768,1265,-3.000090848972345,-3.2016200711902014
6476,286.965,11.776353485512496,2540.989511713023,166.50032448695538,1957.6176021572207,2543.8182309465146,97.8796277769464,72.87205182267745,292.77440556810734,6.685664861112763,1265,-3.0000908629605583,-3.2012132915392066
6477,286.97499999999997,11.776678054010596,2540.9893257601584,166.49865266561469,1957.6217919501846,2543.818110213352,97.87958041392598,72.87043112010083,292.71002843584085,6.685867017290611,1265,-3.000090876949062,-3.200806523982551
6478,286.985,11.777002626376406,2540.9891398047525,166.49698146713413,1957.6259816560125,2543.8179894795844,97.87953305081618,72.86881056697227,292.64565273539773,6.686069168971637,1265,-3.0000908909378574,-3.2003997685132886
6479,286.995,11.777327202610039,2540.9889538467996,166.49531089125855,1957.6301712747138,2543.817868745208,97.87948568761702,72.86719016324535,292.58127846664576,6.686271316156257,1265,-3.0000909049269433,-3.1999930251244746
6480,287.005,11.77765178271154,2540.9887678863015,166.4936409379343,1957.6343608062953,2543.8177480102245,97.87943832432848,72.86556990887365,292.5169056294528,6.686473458844886,1265,-3.0000909189163214,-3.199586293809168
6481,287.015,11.777976366681079,2540.9885819232545,166.4919716069001,1957.6385502507665,2543.8176272746327,97.8793909609506,72.86394980381074,292.45253422368694,6.686675597037938,1265,-3.00009093290599,-3.199179574560433
6482,287.025,11.77830095451869,2540.9883959576614,166.4903028981272,1957.6427396081353,2543.817506538436,97.87934359748336,72.8623298480102,292.38816424921595,6.686877730735828,1265,-3.000090946895951,-3.1987728673713227
6483,287.03499999999997,11.778625546224529,2540.988209989515,166.48863481136488,1957.6469288784092,2543.81738580163,97.87929623392677,72.8607100414257,292.323795705908,6.6870798599389705,1265,-3.0000909608862036,-3.198366172234892
6484,287.04499999999996,11.778950141798688,2540.988024018819,166.48696734653592,1957.6511180615971,2543.8172650642173,97.87924887028082,72.85909038401083,292.25942859363107,6.687281984647779,1265,-3.0000909748767493,-3.1979594891442056
6485,287.05499999999995,11.779274741241224,2540.98783804557,166.48530050349993,1957.6553071577064,2543.8171443261976,97.87920150654553,72.85747087571922,292.19506291225326,6.687484104862667,1265,-3.0000909888675866,-3.1975528180923334
6486,287.065,11.779599344552304,2540.9876520697676,166.4836342820294,1957.659496166746,2543.8170235875714,97.87915414272086,72.85585151650452,292.1306986616427,6.687686220584051,1265,-3.0000910028587167,-3.197146159072314
6487,287.075,11.779923951732021,2540.9874660914097,166.4819686820077,1957.6636850887246,2543.8169028483376,97.87910677880687,72.85423230632038,292.06633584166764,6.687888331812343,1265,-3.00009101685014,-3.1967395120772135
6488,287.085,11.780248562780514,2540.9872801104957,166.48030370332106,1957.6678739236504,2543.816782108497,97.87905941480352,72.8526132451205,292.0019744521962,6.688090438547957,1265,-3.0000910308418556,-3.1963328771001067
6489,287.09499999999997,11.780573177697859,2540.9870941270237,166.47863934581514,1957.6720626715294,2543.816661368049,97.87901205071084,72.8509943328585,291.9376144930966,6.6882925407913065,1265,-3.0000910448338645,-3.1959262541340347
6490,287.105,11.78089779648418,2540.9869081409934,166.476975609293,1957.6762513323713,2543.816540626995,97.87896468652882,72.84937556948812,291.8732559642373,6.688494638542806,1265,-3.0000910588261673,-3.1955196431720543
6491,287.115,11.78122241913964,2540.9867221524023,166.47531249364792,1957.680439906185,2543.816419885333,97.87891732225744,72.84775695496303,291.80889886548647,6.6886967318028665,1265,-3.0000910728187633,-3.1951130442072504
6492,287.125,11.781547045664313,2540.9865361612497,166.4736499986914,1957.684628392978,2543.816299143064,97.87886995789673,72.84613848923695,291.74454319671264,6.688898820571903,1265,-3.0000910868116537,-3.194706457232659
6493,287.135,11.781871676058328,2540.986350167536,166.47198812433976,1957.688816792757,2543.816178400189,97.87882259344669,72.84452017226361,291.6801889577841,6.689100904850329,1265,-3.000091100804838,-3.194299882241345
6494,287.145,11.782196310321856,2540.9861641712578,166.47032687039854,1957.6930051055328,2543.816057656708,97.8787752289073,72.84290200399676,291.6158361485694,6.689302984638555,1265,-3.000091114798316,-3.193893319226371
6495,287.155,11.782520948454971,2540.9859781724144,166.46866623674916,1957.6971933313123,2543.8159369126192,97.87872786427857,72.84128398439009,291.551484768937,6.689505059936997,1265,-3.0000911287920893,-3.193486768180793
6496,287.16499999999996,11.782845590457868,2540.985792171004,166.46700622320614,1957.7013814701031,2543.8158161679235,97.87868049956055,72.83966611339741,291.48713481875546,6.689707130746066,1265,-3.000091142786157,-3.1930802290976827
6497,287.17499999999995,11.783170236330605,2540.9856061670266,166.46534682962292,1957.7055695219137,2543.8156954226215,97.87863313475317,72.83804839097247,291.42278629789337,6.689909197066174,1265,-3.000091156780519,-3.192673701970096
6498,287.185,11.783494886073399,2540.9854201604803,166.46368805591212,1957.709757486753,2543.815574676713,97.87858576985646,72.83643081706906,291.3584392062194,6.690111258897734,1265,-3.000091170775176,-3.1922671867910952
6499,287.195,11.783819539686334,2540.9852341513642,166.4620299018644,1957.713945364628,2543.8154539301986,97.87853840487044,72.83481339164095,291.29409354360206,6.690313316241159,1265,-3.000091184770129,-3.191860683553723
6500,287.205,11.784144197169567,2540.9850481396757,166.4603723673566,1957.7181331555482,2543.8153331830763,97.8784910397951,72.83319611464194,291.2297493099102,6.690515369096862,1265,-3.000091198765377,-3.1914541922510744
6501,287.215,11.784468858523233,2540.9848621254146,166.45871545222832,1957.7223208595206,2543.8152124353473,97.87844367463042,72.83157898602586,291.1654065050125,6.690717417465253,1265,-3.000091212760921,-3.191047712876185
6502,287.22499999999997,11.784793523747481,2540.98467610858,166.4570591562967,1957.7265084765536,2543.815091687012,97.87839630937643,72.82996200574651,291.1010651287778,6.690919461346745,1265,-3.0000912267567608,-3.190641245422114
6503,287.235,11.785118192842475,2540.984490089171,166.45540347950308,1957.7306960066562,2543.814970938072,97.8783489440331,72.82834517375773,291.0367251810749,6.69112150074175,1265,-3.000091240752896,-3.190234789881939
6504,287.245,11.78544286580836,2540.984304067185,166.45374842165143,1957.7348834498355,2543.8148501885235,97.87830157860049,72.82672849001338,290.9723866617727,6.691323535650678,1265,-3.000091254749328,-3.189828346248702
6505,287.255,11.785767542645257,2540.984118042621,166.45209398255508,1957.7390708060998,2543.81472943837,97.87825421307855,72.8251119544673,290.9080495707401,6.691525566073942,1265,-3.000091268746057,-3.1894219145154845
6506,287.265,11.78609222335334,2540.9839320154783,166.45044016214925,1957.7432580754576,2543.8146086876095,97.87820684746728,72.82349556707338,290.843713907846,6.691727592011953,1265,-3.0000912827430826,-3.1890154946753344
6507,287.275,11.786416907932786,2540.9837459857554,166.4487869602189,1957.7474452579163,2543.814487936242,97.87815948176673,72.82187932778547,290.77937967295946,6.691929613465123,1265,-3.0000912967404045,-3.1886090867213244
6508,287.28499999999997,11.786741596383719,2540.983559953451,166.4471343766308,1957.7516323534846,2543.8143671842695,97.87811211597686,72.82026323655748,290.7150468659495,6.692131630433863,1265,-3.0000913107380236,-3.1882026906465115
6509,287.29499999999996,11.787066288706328,2540.9833739185638,166.44548241128203,1957.755819362171,2543.81424643169,97.87806475009768,72.81864729334329,290.6507154866851,6.692333642918583,1265,-3.00009132473594,-3.187796306443956
6510,287.30499999999995,11.78739098490076,2540.983187881093,166.44383106396913,1957.7600062839829,2543.814125678505,97.87801738412921,72.81703149809684,290.58638553503556,6.692535650919695,1265,-3.0000913387341543,-3.1873899341067204
6511,287.315,11.787715684967191,2540.983001841036,166.44218033457335,1957.764193118929,2543.8140049247127,97.87797001807141,72.81541585077204,290.52205701086984,6.692737654437609,1265,-3.000091352732666,-3.186983573627866
6512,287.325,11.788040388905758,2540.9828157983948,166.44053022297913,1957.7683798670168,2543.8138841703167,97.87792265192432,72.81380035132281,290.4577299140573,6.692939653472736,1265,-3.000091366731475,-3.1865772250004523
6513,287.335,11.78836509671668,2540.9826297531636,166.43888072894111,1957.7725665282558,2543.813763415312,97.87787528568792,72.8121849997031,290.3934042444671,6.693141648025487,1265,-3.000091380730583,-3.1861708882175606
6514,287.34499999999997,11.788689808400095,2540.9824437053444,166.43723185239406,1957.7767531026525,2543.813642659703,97.87782791936223,72.81056979586688,290.32908000196846,6.693343638096271,1265,-3.000091394729989,-3.1857645632722287
6515,287.355,11.789014523956187,2540.9822576549345,166.43558359315819,1957.780939590215,2543.813521903487,97.87778055294726,72.8089547397681,290.26475718643087,6.6935456236855,1265,-3.0000914087296944,-3.185358250157539
6516,287.365,11.789339243385129,2540.982071601933,166.4339359511242,1957.7851259909523,2543.813401146665,97.87773318644298,72.80733983136074,290.2004357977235,6.693747604793583,1265,-3.0000914227296973,-3.1849519488665337
6517,287.375,11.789663966687078,2540.9818855463404,166.43228892609298,1957.7893123048716,2543.8132803892386,97.8776858198494,72.8057250705988,290.1361158357158,6.693949581420931,1265,-3.0000914367299996,-3.1845456593922843
6518,287.385,11.789988693862258,2540.9816994881517,166.43064251794203,1957.793498531982,2543.813159631204,97.87763845316655,72.80411045743627,290.0717973002773,6.694151553567953,1265,-3.000091450730601,-3.1841393817278685
6519,287.395,11.790313424910833,2540.9815134273695,166.42899672656466,1957.7976846722916,2543.813038872565,97.8775910863944,72.80249599182714,290.00748019127747,6.694353521235059,1265,-3.0000914647315025,-3.1837331158663327
6520,287.405,11.79063815983297,2540.98132736399,166.42735155174447,1957.801870725808,2543.8129181133204,97.87754371953295,72.80088167372548,289.9431645085857,6.694555484422658,1265,-3.0000914787327027,-3.1833268618007473
6521,287.41499999999996,11.790962898628873,2540.981141298012,166.42570699337466,1957.8060566925396,2543.8127973534693,97.87749635258224,72.7992675030853,289.8788502520717,6.694757443131161,1265,-3.0000914927342026,-3.1829206195241855
6522,287.42499999999995,11.791287641298736,2540.980955229436,166.42406305129228,1957.8102425724928,2543.8126765930124,97.87744898554223,72.79765347986063,289.814537421605,6.694959397360976,1265,-3.0000915067360028,-3.1825143890296816
6523,287.435,11.791612387842727,2540.9807691582596,166.42241972539264,1957.8144283656784,2543.8125558319502,97.87740161841295,72.79603960400553,289.75022601705524,6.695161347112513,1265,-3.000091520738103,-3.182108170310329
6524,287.445,11.791937138261074,2540.9805830844807,166.42077701549286,1957.818614072103,2543.8124350702815,97.87735425119438,72.79442587547408,289.68591603829213,6.6953632923861806,1265,-3.0000915347405033,-3.181701963359173
6525,287.455,11.792261892553961,2540.9803970081,166.41913492139636,1957.8227996917756,2543.812314308009,97.87730688388653,72.79281229422034,289.6216074851854,6.695565233182387,1265,-3.000091548743205,-3.1812957681692886
6526,287.465,11.79258665072156,2540.980210929115,166.4174934430517,1957.8269852247026,2543.8121935451286,97.87725951648942,72.7911988601984,289.5573003576048,6.6957671695015435,1265,-3.0000915627462077,-3.1808895847337353
6527,287.47499999999997,11.792911412764088,2540.980024847525,166.4158525802713,1957.831170670893,2543.8120727816445,97.87721214900303,72.78958557336237,289.49299465542015,6.695969101344057,1265,-3.00009157674951,-3.1804834130455726
6528,287.485,11.793236178681783,2540.979838763328,166.4142123329006,1957.835356030356,2543.811952017554,97.87716478142738,72.78797243366637,289.42869037850124,6.696171028710336,1265,-3.0000915907531147,-3.180077253097874
6529,287.495,11.793560948474807,2540.9796526765226,166.41257270079095,1957.8395413030985,2543.8118312528577,97.87711741376245,72.78635944106449,289.364387526718,6.69637295160079,1265,-3.0000916047570203,-3.179671104883698
6530,287.505,11.793885722143338,2540.9794665871095,166.41093368382528,1957.8437264891274,2543.8117104875573,97.87707004600824,72.78474659551087,289.3000860999404,6.696574870015827,1265,-3.0000916187612274,-3.179264968396116
6531,287.515,11.794210499687672,2540.979280495086,166.4092952818606,1957.847911588453,2543.8115897216508,97.87702267816478,72.78313389695965,289.2357860980384,6.696776783955856,1265,-3.0000916327657365,-3.178858843628183
6532,287.525,11.794535281107953,2540.979094400451,166.40765749465263,1957.8520966010826,2543.8114689551394,97.87697531023205,72.78152134536501,289.17148752088195,6.696978693421283,1265,-3.0000916467705476,-3.1784527305729666
6533,287.53499999999997,11.794860066404421,2540.9789083032024,166.40602032221585,1957.8562815270245,2543.8113481880223,97.87692794221006,72.77990894068108,289.10719036834115,6.697180598412517,1265,-3.0000916607756607,-3.1780466292235374
6534,287.54499999999996,11.795184855577276,2540.9787222033397,166.40438376428963,1957.8604663662854,2543.8112274202995,97.8768805740988,72.77829668286206,289.042894640286,6.697382498929967,1265,-3.000091674781077,-3.1776405395729506
6535,287.55499999999995,11.795509648626734,2540.9785361008608,166.40274782078984,1957.8646511188747,2543.8111066519705,97.87683320589831,72.77668457186212,288.97860033658674,6.697584394974038,1265,-3.0000916887867954,-3.177234461614289
6536,287.565,11.795834445553057,2540.9783499957666,166.40111249151363,1957.8688357848002,2543.810985883038,97.87678583760854,72.77507260763547,288.9143074571135,6.697786286545141,1265,-3.0000917027928167,-3.1768283953405936
6537,287.575,11.796159246356417,2540.9781638880545,166.39947777635544,1957.8730203640691,2543.8108651135,97.87673846922952,72.77346079013631,288.85001600173655,6.697988173643682,1265,-3.000091716799141,-3.1764223407449443
6538,287.585,11.796484051037034,2540.9779777777226,166.39784367512223,1957.877204856691,2543.8107443433564,97.87669110076124,72.77184911931886,288.78572597032604,6.698190056270067,1265,-3.0000917308057686,-3.176016297820413
6539,287.59499999999997,11.796808859595167,2540.9777916647713,166.39621018773855,1957.8813892626724,2543.810623572608,97.8766437322037,72.77023759513733,288.7214373627523,6.698391934424705,1265,-3.0000917448127,-3.175610266560047
6540,287.605,11.797133672031048,2540.977605549198,166.39457731404366,1957.8855735820232,2543.8105028012546,97.87659636355693,72.768626217546,288.6571501788857,6.6985938081080025,1265,-3.0000917588199347,-3.1752042469569246
6541,287.615,11.79745848834488,2540.977419431001,166.39294505385868,1957.889757814749,2543.8103820292954,97.87654899482091,72.7670149864991,288.5928644185965,6.6987956773203665,1265,-3.000091772827473,-3.174798239004115
6542,287.625,11.797783308536914,2540.977233310181,166.3913134070349,1957.8939419608603,2543.8102612567322,97.87650162599564,72.7654039019509,288.52858008175525,6.698997542062203,1265,-3.000091786835316,-3.1743922426946645
6543,287.635,11.798108132607389,2540.9770471867355,166.38968237345608,1957.898126020363,2543.8101404835643,97.87645425708112,72.76379296385566,288.4642971682324,6.69919940233392,1265,-3.0000918008434625,-3.1739862580216522
6544,287.645,11.798432960556527,2540.9768610606625,166.38805195297883,1957.9023099932672,2543.81001970979,97.87640688807736,72.76218217216768,288.40001567789835,6.699401258135922,1265,-3.000091814851914,-3.1735802849781467
6545,287.655,11.798757792384562,2540.976674931963,166.3864221454667,1957.9064938795786,2543.8098989354125,97.87635951898436,72.76057152684125,288.3357356106237,6.699603109468619,1265,-3.0000918288606706,-3.1731743235572205
6546,287.66499999999996,11.799082628091755,2540.9764888006316,166.3847929507037,1957.9106776793074,2543.809778160428,97.87631214980213,72.75896102783067,288.27145696627906,6.699804956332414,1265,-3.000091842869731,-3.172768373751923
6547,287.67499999999995,11.799407467678344,2540.9763026666724,166.38316436863232,1957.9148613924608,2543.8096573848406,97.87626478053065,72.75735067509025,288.20717974473496,6.700006798727714,1265,-3.0000918568790973,-3.172362435555331
6548,287.685,11.799732311144586,2540.9761165300806,166.38153639907202,1957.9190450190463,2543.8095366086477,97.87621741116995,72.75574046857433,288.1429039458621,6.700208636654926,1265,-3.000091870888769,-3.171956508960509
6549,287.695,11.8000571584907,2540.9759303908563,166.37990904183715,1957.9232285590722,2543.809415831851,97.87617004172,72.75413040823726,288.0786295695312,6.700410470114455,1265,-3.0000918848987452,-3.1715505939605144
6550,287.705,11.800382009716953,2540.9757442489977,166.3782822968875,1957.9274120125467,2543.8092950544483,97.87612267218083,72.75252049403336,288.0143566156129,6.700612299106708,1265,-3.0000918989090284,-3.171144690548423
6551,287.715,11.800706864823605,2540.975558104503,166.37665616393994,1957.9315953794776,2543.809174276441,97.87607530255244,72.75091072591702,287.9500850839781,6.70081412363209,1265,-3.0000919129196166,-3.1707387987173132
6552,287.72499999999997,11.80103172381089,2540.9753719573723,166.37503064296345,1957.9357786598741,2543.80905349783,97.8760279328348,72.7493011038426,287.8858149744975,6.701015943691006,1265,-3.0000919269305113,-3.1703329184602236
6553,287.735,11.801356586679093,2540.9751858076033,166.37340573377747,1957.939961853742,2543.808932718614,97.87598056302794,72.74769162776447,287.82154628704205,6.701217759283862,1265,-3.0000919409417124,-3.169927049770252
6554,287.745,11.801681453428454,2540.974999655195,166.37178143621858,1957.9441449610913,2543.8088119387935,97.87593319313187,72.74608229763703,287.7572790214826,6.701419570411063,1265,-3.00009195495322,-3.169521192640446
6555,287.755,11.802006324059217,2540.9748135001464,166.37015775021277,1957.9483279819297,2543.808691158368,97.87588582314658,72.7444731134147,287.69301317769015,6.701621377073014,1265,-3.0000919689650343,-3.1691153470638773
6556,287.765,11.80233119857169,2540.974627342456,166.36853467549122,1957.952510916264,2543.808570377338,97.87583845307205,72.74286407505188,287.62874875553564,6.7018231792701215,1265,-3.0000919829771555,-3.1687095130336083
6557,287.775,11.802656076966107,2540.974441182123,166.36691221200215,1957.9566937641032,2543.8084495957046,97.87579108290831,72.741255182503,287.5644857548901,6.702024977002789,1265,-3.0000919969895845,-3.1683036905427207
6558,287.78499999999997,11.802980959242744,2540.9742550191436,166.3652903596067,1957.9608765254545,2543.8083288134644,97.87574371265536,72.73964643572248,287.5002241756245,6.702226770271422,1265,-3.0000920110023204,-3.167897879584275
6559,287.79499999999996,11.803305845401855,2540.9740688535217,166.36366911811285,1957.9650592003266,2543.8082080306226,97.87569634231319,72.7380378346648,287.43596401761005,6.702428559076424,1265,-3.0000920250153635,-3.167492080151323
6560,287.80499999999995,11.803630735443743,2540.973882685251,166.36204848737341,1957.9692417887272,2543.808087247174,97.87564897188182,72.73642937928439,287.3717052807179,6.702630343418201,1265,-3.0000920390287145,-3.1670862922369567
6561,287.815,11.80395562936865,2540.9736965143334,166.36042846727884,1957.9734242906645,2543.807966463124,97.87560160136123,72.73482106953573,287.3074479648191,6.702832123297156,1265,-3.0000920530423736,-3.166680515834238
6562,287.825,11.804280527176868,2540.973510340767,166.35880905769582,1957.9776067061464,2543.8078456784683,97.87555423075142,72.73321290537329,287.24319206978504,6.703033898713695,1265,-3.0000920670563413,-3.1662747509362212
6563,287.835,11.804605428868692,2540.973324164549,166.35719025844554,1957.9817890351821,2543.807724893208,97.87550686005241,72.73160488675157,287.1789375954869,6.703235669668221,1265,-3.0000920810706164,-3.1658689975359793
6564,287.84499999999997,11.804930334444393,2540.9731379856803,166.3555720694273,1957.9859712777773,2543.807604107345,97.87545948926419,72.72999701362508,287.11468454179595,6.703437436161138,1265,-3.000092095085201,-3.1654632556265936
6565,287.855,11.805255243904202,2540.9729518041563,166.35395449043259,1957.990153433941,2543.8074833208752,97.87541211838678,72.72838928594831,287.05043290858356,6.7036391981928505,1265,-3.000092109100094,-3.165057525201131
6566,287.865,11.80558015724847,2540.9727656199793,166.3523375213903,1957.9943355036814,2543.807362533803,97.87536474742015,72.7267817036758,286.98618269572114,6.703840955763763,1265,-3.000092123115296,-3.1646518062526394
6567,287.875,11.805905074477453,2540.972579433147,166.35072116208707,1957.9985174870058,2543.8072417461267,97.87531737636432,72.72517426676208,286.92193390308006,6.704042708874277,1265,-3.0000921371308076,-3.1642460987742096
6568,287.885,11.806229995591462,2540.9723932436586,166.34910541243283,1958.0026993839233,2543.8071209578466,97.8752700052193,72.72356697516167,286.85768653053185,6.704244457524797,1265,-3.000092151146629,-3.163840402758894
6569,287.895,11.806554920590772,2540.9722070515118,166.34749027221642,1958.0068811944411,2543.807000168963,97.8752226339851,72.72195982882917,286.79344057794793,6.704446201715727,1265,-3.000092165162759,-3.1634347181997677
6570,287.905,11.806879849475667,2540.9720208567046,166.34587574138405,1958.0110629185674,2543.8068793794737,97.87517526266168,72.72035282771911,286.7291960451999,6.70464794144747,1265,-3.0000921791791995,-3.1630290450899032
6571,287.91499999999996,11.807204782246489,2540.9718346592376,166.3442618197272,1958.0152445563103,2543.8067585893814,97.87512789124908,72.71874597178609,286.6649529321593,6.704849676720428,1265,-3.0000921931959503,-3.1626233834223703
6572,287.92499999999995,11.807529718903465,2540.971648459108,166.34264850715616,1958.019426107677,2543.8066377986847,97.87508051974729,72.71713926098468,286.6007112386978,6.705051407535008,1265,-3.000092207213011,-3.1622177331902326
6573,287.935,11.807854659446942,2540.9714622563165,166.34103580347218,1958.0236075726764,2543.8065170073846,97.87503314815632,72.71553269526949,286.53647096468706,6.705253133891608,1265,-3.000092221230382,-3.161812094386552
6574,287.945,11.808179603877196,2540.971276050859,166.3394237085605,1958.0277889513154,2543.80639621548,97.87498577647615,72.71392627459511,286.47223210999874,6.705454855790633,1265,-3.0000922352480637,-3.161406467004416
6575,287.955,11.80850455219457,2540.971089842737,166.3378122222733,1958.0319702436036,2543.8062754229727,97.8749384047068,72.71231999891619,286.4079946745046,6.705656573232485,1265,-3.0000922492660567,-3.1610008510368854
6576,287.965,11.808829504399332,2540.970903631948,166.33620134444791,1958.0361514495473,2543.8061546298613,97.87489103284827,72.71071386818733,286.34375865807647,6.705858286217567,1265,-3.0000922632843605,-3.1605952464770244
6577,287.97499999999997,11.809154460491802,2540.97071741849,166.3345910749856,1958.0403325691548,2543.806033836145,97.87484366090055,72.70910788236318,286.2795240605861,6.7060599947462824,1265,-3.0000922773029757,-3.1601896533179037
6578,287.985,11.809479420472327,2540.9705312023643,166.33298141371043,1958.0445136024352,2543.805913041827,97.87479628886364,72.70750204139841,286.2152908819054,6.706261698819032,1265,-3.000092291321902,-3.1597840715525924
6579,287.995,11.80980438434116,2540.9703449835674,166.3313723605134,1958.0486945493956,2543.8057922469047,97.87474891673757,72.70589634524768,286.15105912190626,6.7064633984362185,1265,-3.0000923053411404,-3.1593785011741744
6580,288.005,11.810129352098627,2540.970158762098,166.32976391521473,1958.0528754100435,2543.805671451378,97.87470154452232,72.70429079386564,286.0868287804606,6.706665093598243,1265,-3.0000923193606903,-3.1589729421757062
6581,288.015,11.810454323745068,2540.969972537955,166.32815607768293,1958.0570561843874,2543.8055506552478,97.87465417221792,72.70268538720698,286.02259985744047,6.706866784305509,1265,-3.0000923333805534,-3.158567394550255
6582,288.025,11.810779299280789,2540.9697863111383,166.32654884774985,1958.061236872435,2543.8054298585153,97.8746067998243,72.70108012522643,285.95837235271784,6.707068470558418,1265,-3.0000923474007277,-3.158161858290899
6583,288.03499999999997,11.811104278706129,2540.969600081646,166.32494222533535,1958.0654174741946,2543.805309061178,97.87455942734154,72.69947500787866,285.89414626616474,6.707270152357371,1265,-3.0000923614212147,-3.1577563333907044
6584,288.04499999999996,11.811429262021393,2540.969413849477,166.323336210255,1958.069597989674,2543.805188263238,97.8745120547696,72.69787003511838,285.82992159765337,6.707471829702769,1265,-3.000092375442015,-3.1573508198427436
6585,288.05499999999995,11.811754249226892,2540.9692276146297,166.3217308023795,1958.0737784188814,2543.8050674646947,97.87446468210851,72.69626520690034,285.7656983470558,6.707673502595014,1265,-3.000092389463128,-3.1569453176400852
6586,288.065,11.81207924032301,2540.969041377102,166.32012600155403,1958.0779587618235,2543.804946665547,97.87441730935824,72.69466052317927,285.70147651424423,6.707875171034507,1265,-3.0000924034845537,-3.1565398267757985
6587,288.075,11.812404235310002,2540.9688551368936,166.3185218075947,1958.0821390185097,2543.8048258657964,97.87436993651882,72.6930559839099,285.6372560990909,6.70807683502165,1265,-3.000092417506294,-3.1561343472429493
6588,288.085,11.812729234188259,2540.968668894004,166.31691822046562,1958.0863191889468,2543.8047050654427,97.87432256359023,72.69145158904702,285.5730371014681,6.708278494556844,1265,-3.000092431528347,-3.1557288790346165
6589,288.09499999999997,11.813054236958097,2540.9684826484313,166.31531523993638,1958.0904992731437,2543.8045842644865,97.87427519057246,72.68984733854539,285.50881952124803,6.708480149640489,1265,-3.000092445550714,-3.1553234221438693
6590,288.105,11.81337924361984,2540.9682964001745,166.31371286590735,1958.0946792711068,2543.8044634629264,97.87422781746557,72.68824323235978,285.4446033583032,6.708681800272986,1265,-3.0000924595733944,-3.154917976563776
6591,288.115,11.81370425417385,2540.96811014923,166.3121110982155,1958.0988591828466,2543.8043426607624,97.87418044426951,72.686639270445,285.3803886125058,6.7088834464547356,1265,-3.0000924735963896,-3.1545125422874203
6592,288.125,11.814029268620414,2540.9679238956014,166.31050993672193,1958.1030390083686,2543.804221857997,97.8741330709843,72.68503545275583,285.31617528372846,6.709085088186139,1265,-3.0000924876196997,-3.1541071193078367
6593,288.135,11.814354286959942,2540.967737639282,166.30890938131807,1958.1072187476814,2543.8041010546262,97.87408569760993,72.68343177924707,285.25196337184343,6.709286725467596,1265,-3.0000925016433238,-3.153701707618141
6594,288.145,11.814679309192748,2540.967551380274,166.30730943181086,1958.1113984007932,2543.8039802506532,97.87403832414641,72.6818282498736,285.1877528767234,6.709488358299508,1265,-3.0000925156672626,-3.1532963072113813
6595,288.155,11.815004335319179,2540.967365118575,166.30571008811816,1958.1155779677122,2543.8038594460772,97.87399095059375,72.6802248645902,285.12354379824075,6.709689986682273,1265,-3.000092529691517,-3.1528909180806295
6596,288.16499999999996,11.815329365339574,2540.967178854184,166.30411134998104,1958.119757448446,2543.8037386408982,97.87394357695193,72.67862162335175,285.0593361362682,6.709891610616292,1265,-3.000092543716086,-3.152485540218954
6597,288.17499999999995,11.815654399254303,2540.9669925871003,166.30251321740846,1958.1239368430015,2543.803617835117,97.87389620322097,72.67701852611307,284.99512989067836,6.710093230101965,1265,-3.0000925577409703,-3.152080173619436
6598,288.185,11.81597943706371,2540.966806317322,166.3009156901614,1958.1281161513875,2543.8034970287326,97.87384882940088,72.67541557282904,284.93092506134377,6.710294845139692,1265,-3.000092571766171,-3.1516748182751444
6599,288.195,11.81630447876813,2540.966620044847,166.29931876809843,1958.1322953736124,2543.803376221744,97.87380145549164,72.67381276345455,284.8667216481373,6.710496455729872,1265,-3.0000925857916863,-3.151269474179136
6600,288.205,11.816629524367976,2540.966433769676,166.29772245111883,1958.1364745096837,2543.803255414154,97.87375408149325,72.67221009794446,284.8025196509315,6.710698061872905,1265,-3.0000925998175187,-3.150864141324503
6601,288.215,11.816954573863562,2540.966247491806,166.29612673907965,1958.1406535596095,2543.8031346059606,97.87370670740574,72.6706075762537,284.73831906959936,6.71089966356919,1265,-3.000092613843667,-3.150458819704306
6602,288.22499999999997,11.817279627255251,2540.9660612112357,166.2945316318317,1958.1448325233964,2543.8030137971637,97.87365933322909,72.66900519833715,284.6741199040136,6.711101260819127,1265,-3.0000926278701323,-3.150053509311627
6603,288.235,11.817604684543436,2540.9658749279647,166.29293712924044,1958.149011401054,2543.802892987764,97.8736119589633,72.66740296414974,284.609922154047,6.711302853623115,1265,-3.000092641896914,-3.1496482101395196
6604,288.245,11.817929745728428,2540.9656886419934,166.29134323112677,1958.153190192588,2543.8027721777635,97.87356458460837,72.66580087364642,284.5457258195726,6.711504441981553,1265,-3.000092655924012,-3.1492429221810707
6605,288.255,11.818254810810666,2540.9655023533173,166.28974993735818,1958.1573688980095,2543.8026513671584,97.87351721016432,72.66419892678209,284.4815309004633,6.711706025894839,1265,-3.000092669951428,-3.1488376454293507
6606,288.265,11.818579879790478,2540.9653160619373,166.28815724783064,1958.161547517324,2543.8025305559518,97.87346983563114,72.66259712351173,284.41733739659213,6.711907605363373,1265,-3.000092683979161,-3.148432379877429
6607,288.275,11.818904952668221,2540.965129767851,166.28656516242253,1958.1657260505397,2543.8024097441416,97.87342246100884,72.6609954637903,284.353145307832,6.712109180387552,1265,-3.000092698007212,-3.148027125518374
6608,288.28499999999997,11.819230029444306,2540.9649434710577,166.28497368088415,1958.1699044976644,2543.80228893173,97.87337508629741,72.65939394757275,284.28895463405604,6.712310750967776,1265,-3.0000927120355807,-3.147621882345262
6609,288.29499999999996,11.819555110119074,2540.9647571715554,166.28338280317507,1958.1740828587062,2543.802168118715,97.87332771149687,72.6577925748141,284.22476537513734,6.712512317104443,1265,-3.000092726064266,-3.1472166503511736
6610,288.30499999999995,11.819880194692931,2540.9645708693447,166.28179252911949,1958.1782611336732,2543.802047305098,97.8732803366072,72.6561913454693,284.16057753094907,6.712713878797952,1265,-3.0000927400932706,-3.146811429529166
6611,288.315,11.820205283166286,2540.9643845644223,166.2802028585975,1958.1824393225734,2543.8019264908785,97.8732329616284,72.65459025949338,284.09639110136436,6.7129154360487,1265,-3.0000927541225932,-3.1464062198723157
6612,288.325,11.820530375539443,2540.9641982567887,166.27861379143985,1958.1866174254146,2543.801805676057,97.8731855865605,72.65298931684133,284.0322060862565,6.7131169888570845,1265,-3.0000927681522342,-3.146001021373698
6613,288.335,11.820855471812845,2540.96401194644,166.27702532752238,1958.1907954422045,2543.8016848606317,97.87313821140347,72.6513885174682,283.96802248549864,6.713318537223505,1265,-3.0000927821821946,-3.145595834026401
6614,288.34499999999997,11.821180571986876,2540.963825633378,166.27543746670432,1958.19497337295,2543.801564044605,97.87309083615735,72.64978786132902,283.9038402989642,6.713520081148357,1265,-3.0000927962124733,-3.1451906578234623
6615,288.355,11.821505676061896,2540.963639317598,166.27385020880874,1958.1991512176598,2543.801443227975,97.87304346082209,72.64818734837884,283.8396595265264,6.713721620632041,1265,-3.000092810243072,-3.1447854927579955
6616,288.365,11.821830784038331,2540.963452999103,166.27226355374515,1958.203328976343,2543.8013224107444,97.87299608539773,72.6465869785727,283.7754801680588,6.713923155674954,1265,-3.00009282427399,-3.1443803388230362
6617,288.375,11.82215589591654,2540.963266677889,166.27067750136104,1958.2075066490056,2543.8012015929107,97.87294870988428,72.64498675186569,283.7113022234346,6.714124686277491,1265,-3.0000928383052266,-3.1439751960116835
6618,288.385,11.822481011696933,2540.9630803539553,166.26909205151242,1958.211684235656,2543.8010807744745,97.8729013342817,72.64338666821287,283.6471256925274,6.714326212440052,1265,-3.000092852336784,-3.143570064316998
6619,288.395,11.822806131379922,2540.9628940273005,166.267507204034,1958.2158617363018,2543.800959955437,97.87285395859003,72.64178672756933,283.5829505752107,6.714527734163032,1265,-3.000092866368661,-3.1431649437320592
6620,288.405,11.823131254965878,2540.9627076979227,166.26592295882185,1958.2200391509518,2543.8008391357953,97.87280658280926,72.64018692989016,283.518776871358,6.71472925144683,1265,-3.000092880400858,-3.142759834249934
6621,288.41499999999996,11.823456382455227,2540.962521365822,166.26433931574962,1958.2242164796135,2543.800718315553,97.87275920693938,72.6385872751305,283.4546045808429,6.714930764291841,1265,-3.0000928944333753,-3.142354735863704
6622,288.42499999999995,11.823781513848356,2540.9623350309967,166.26275627460012,1958.2283937222928,2543.8005974947087,97.8727118309804,72.63698776324544,283.390433703539,6.715132272698463,1265,-3.0000929084662142,-3.141949648566433
6623,288.435,11.824106649145683,2540.962148693444,166.26117383529453,1958.2325708790008,2543.800476673261,97.87266445493233,72.63538839419013,283.3262642393199,6.715333776667092,1265,-3.0000929224993733,-3.1415445723512097
6624,288.445,11.824431788347624,2540.9619623531653,166.25959199769235,1958.2367479497427,2543.8003558512123,97.87261707879516,72.6337891679197,283.2620961880594,6.715535276198125,1265,-3.000092936532853,-3.1411395072110957
6625,288.455,11.824756931454546,2540.9617760101573,166.258010761609,1958.2409249345285,2543.8002350285615,97.8725697025689,72.63219008438931,283.19792954963117,6.715736771291958,1265,-3.0000929505666547,-3.140734453139161
6626,288.465,11.825082078466913,2540.9615896644214,166.25643012700468,1958.2451018333627,2543.8001142053095,97.87252232625356,72.6305911435541,283.133764323909,6.7159382619489865,1265,-3.000092964600778,-3.140329410128482
6627,288.47499999999997,11.825407229385133,2540.961403315953,166.25485009363717,1958.249278646257,2543.799993381455,97.8724749498491,72.62899234536927,283.0696005107668,6.716139748169608,1265,-3.000092978635223,-3.1399243781721444
6628,288.485,11.825732384209585,2540.9612169647517,166.25327066139616,1958.253455373217,2543.7998725569983,97.87242757335558,72.62739368978998,283.0054381100783,6.716341229954219,1265,-3.00009299266999,-3.1395193572632127
6629,288.495,11.826057542940703,2540.961030610818,166.25169183014324,1958.2576320142518,2543.7997517319404,97.87238019677297,72.62579517677145,282.9412771217174,6.716542707303214,1265,-3.000093006705079,-3.1391143473947594
6630,288.505,11.826382705578942,2540.9608442541485,166.25011359975292,1958.2618085693678,2543.79963090628,97.87233282010128,72.62419680626884,282.8771175455581,6.716744180216989,1265,-3.00009302074049,-3.1387093485598614
6631,288.515,11.826707872124675,2540.9606578947432,166.2485359700687,1958.2659850385728,2543.7995100800185,97.87228544334049,72.62259857823742,282.81295938147446,6.716945648695941,1265,-3.0000930347762234,-3.1383043607515932
6632,288.525,11.827033042578352,2540.960471532601,166.2469589409656,1958.2701614218754,2543.799389253155,97.87223806649062,72.62100049263236,282.7488026293403,6.717147112740464,1265,-3.0000930488122797,-3.1378993839630325
6633,288.53499999999997,11.827358216940402,2540.96028516772,166.24538251227207,1958.2743377192844,2543.79926842569,97.87219068955169,72.61940254940895,282.6846472890297,6.717348572350953,1265,-3.0000930628486593,-3.1374944181872513
6634,288.54499999999996,11.82768339521125,2540.9600988000984,166.24380668390108,1958.278513930806,2543.799147597623,97.87214331252368,72.61780474852239,282.6204933604169,6.717550027527805,1265,-3.000093076885362,-3.137089463417317
6635,288.55499999999995,11.828008577391328,2540.9599124297356,166.24223145566862,1958.2826900564476,2543.799026768954,97.87209593540658,72.61620708992797,282.5563408433759,6.717751478271413,1265,-3.0000930909223875,-3.1366845196463062
6636,288.565,11.828333763481055,2540.959726056632,166.24065682749574,1958.2868660962185,2543.7989059396846,97.8720485582004,72.61460957358092,282.49218973778096,6.717952924582174,1265,-3.000093104959737,-3.136279586867302
6637,288.575,11.828658953480891,2540.959539680784,166.23908279912624,1958.2910420501264,2543.7987851098137,97.87200118090517,72.61301219943655,282.42804004350626,6.718154366460482,1265,-3.0000931189974103,-3.13587466507337
6638,288.585,11.828984147391253,2540.9593533021907,166.23750937055956,1958.2952179181782,2543.7986642793403,97.87195380352088,72.61141496745014,282.363891760426,6.718355803906732,1265,-3.0000931330354073,-3.1354697542575902
6639,288.59499999999997,11.8293093452126,2540.9591669208507,166.235936541535,1958.2993937003814,2543.798543448265,97.8719064260475,72.60981787757699,282.2997448884146,6.718557236921319,1265,-3.0000931470737293,-3.1350648544130393
6640,288.605,11.829634546945341,2540.9589805367646,166.2343643120096,1958.303569396745,2543.79842261659,97.87185904848506,72.6082209297724,282.23559942734624,6.7187586655046365,1265,-3.000093161112375,-3.1346599655327876
6641,288.615,11.829959752589954,2540.9587941499294,166.23279268180414,1958.307745007276,2543.798301784313,97.87181167083357,72.6066241239917,282.17145537709536,6.71896008965708,1265,-3.000093175151345,-3.1342550876099153
6642,288.625,11.830284962146845,2540.958607760342,166.23122165079252,1958.3119205319827,2543.7981809514326,97.871764293093,72.6050274601902,282.1073127375364,6.7191615093790436,1265,-3.00009318919064,-3.1338502206374956
6643,288.635,11.83061017561652,2540.9584213680064,166.22965121878818,1958.3160959708728,2543.7980601179534,97.87171691526336,72.60343093832324,282.0431715085437,6.719362924670921,1265,-3.0000932032302603,-3.133445364608593
6644,288.645,11.830935392999386,2540.958234972918,166.22808138571745,1958.320271323953,2543.7979392838724,97.87166953734469,72.60183455834621,281.9790316899919,6.719564335533105,1265,-3.0000932172702064,-3.1330405195162974
6645,288.655,11.831260614295882,2540.958048575075,166.22651215139658,1958.3244465912326,2543.7978184491903,97.87162215933695,72.60023832021443,281.91489328175544,6.719765741965992,1265,-3.0000932313104776,-3.1326356853536814
6646,288.66499999999996,11.831585839506507,2540.957862174477,166.22494351571873,1958.3286217727186,2543.7976976139066,97.87157478124016,72.59864222388329,281.8507562837089,6.719967143969976,1265,-3.0000932453510742,-3.1322308621138064
6647,288.67499999999995,11.83191106863169,2540.957675771123,166.22337547851092,1958.3327968684187,2543.7975767780213,97.87152740305432,72.59704626930815,281.7866206957269,6.720168541545448,1265,-3.000093259391997,-3.1318260497897623
6648,288.685,11.832236301671895,2540.957489365011,166.22180803965338,1958.3369718783406,2543.797455941535,97.87148002477942,72.59545045644442,281.7224865176841,6.720369934692803,1265,-3.000093273433246,-3.1314212483746218
6649,288.695,11.83256153862757,2540.957302956141,166.22024119902102,1958.3411468024935,2543.797335104449,97.87143264641546,72.59385478524752,281.65835374945516,6.720571323412434,1265,-3.0000932874748205,-3.131016457861454
6650,288.705,11.832886779499194,2540.9571165445104,166.21867495644526,1958.3453216408836,2543.7972142667604,97.87138526796247,72.59225925567283,281.59422239091475,6.720772707704735,1265,-3.000093301516722,-3.1306116782433446
6651,288.715,11.83321202428723,2540.9569301301176,166.21710931179425,1958.3494963935182,2543.7970934284704,97.87133788942042,72.59066386767579,281.5300924419377,6.720974087570099,1265,-3.0000933155589498,-3.130206909513372
6652,288.72499999999997,11.833537272992128,2540.956743712963,166.21554426496917,1958.3536710604064,2543.79697258958,97.87129051078934,72.58906862121182,281.46596390239887,6.721175463008918,1265,-3.0000933296015053,-3.1298021516645975
6653,288.735,11.833862525614382,2540.956557293045,166.21397981577772,1958.357845641556,2543.7968517500885,97.87124313206921,72.5874735162364,281.40183677217306,6.721376834021586,1265,-3.0000933436443877,-3.129397404690102
6654,288.745,11.834187782154451,2540.956370870362,166.21241596415106,1958.362020136974,2543.7967309099968,97.87119575326004,72.58587855270495,281.3377110511351,6.721578200608495,1265,-3.0000933576875974,-3.128992668582968
6655,288.755,11.834513042612794,2540.9561844449127,166.21085270983636,1958.3661945466677,2543.7966100693043,97.87114837436182,72.58428373057295,281.27358673915995,6.72177956277004,1265,-3.0000933717311344,-3.1285879433362593
6656,288.765,11.834838306989882,2540.9559980166955,166.2092900528329,1958.3703688706466,2543.7964892280106,97.87110099537458,72.58268904979586,281.20946383612255,6.72198092050661,1265,-3.000093385774999,-3.12818322894307
6657,288.775,11.835163575286252,2540.9558115857094,166.20772799289836,1958.3745431089164,2543.7963683861153,97.87105361629831,72.58109451032918,281.145342341898,6.7221822738186,1265,-3.0000933998191925,-3.127778525396465
6658,288.78499999999997,11.835488847502285,2540.955625151954,166.20616652992263,1958.3787172614866,2543.7962475436207,97.871006237133,72.5795001121284,281.08122225636123,6.722383622706401,1265,-3.0000934138637136,-3.1273738326895093
6659,288.79499999999996,11.835814123638562,2540.955438715425,166.20460566381217,1958.3828913283644,2543.7961267005235,97.87095885787866,72.57790585514903,281.0171035793873,6.722584967170405,1265,-3.0000934279085634,-3.126969150815301
6660,288.80499999999995,11.836139403695485,2540.9552522761255,166.2030453943679,1958.3870653095566,2543.796005856827,97.87091147853529,72.5763117393466,280.95298631085143,6.722786307211007,1265,-3.000093441953741,-3.1265644797669028
6661,288.815,11.83646468767359,2540.955065834051,166.20148572148082,1958.3912392050715,2543.795885012529,97.87086409910289,72.57471776467659,280.8888704506287,6.7229876428285955,1265,-3.0000934559992483,-3.126159819537406
6662,288.825,11.836789975573351,2540.9548793892013,166.19992664505477,1958.3954130149177,2543.7957641676308,97.87081671958147,72.57312393109459,280.82475599859436,6.723188974023563,1265,-3.000093470045084,-3.1257551701198643
6663,288.835,11.837115267395234,2540.954692941576,166.19836816487634,1958.3995867391016,2543.7956433221325,97.87076933997103,72.57153023855612,280.7606429546236,6.723390300796302,1265,-3.0000934840912485,-3.1253505315073635
6664,288.84499999999997,11.837440563139749,2540.954506491172,166.19681028081976,1958.4037603776321,2543.7955224760326,97.87072196027155,72.56993668701675,280.6965313185917,6.723591623147203,1265,-3.000093498137744,-3.12494590369299
6665,288.855,11.837765862807396,2540.9543200379903,166.195252992764,1958.407933930516,2543.795401629333,97.87067458048307,72.56834327643205,280.6324210903741,6.723792941076659,1265,-3.000093512184568,-3.124541286669809
6666,288.865,11.83809116639866,2540.9541335820277,166.19369630058807,1958.4121073977608,2543.795280782033,97.87062720060557,72.56675000675757,280.568312269846,6.72399425458506,1265,-3.0000935262317223,-3.124136680430897
6667,288.875,11.838416473914027,2540.953947123282,166.19214020416484,1958.4162807793762,2543.795159934131,97.87057982063904,72.56515687794895,280.50420485688284,6.724195563672797,1265,-3.000093540279207,-3.1237320849693506
6668,288.885,11.838741785354038,2540.953760661756,166.19058470333354,1958.4204540753678,2543.79503908563,97.8705324405835,72.56356388996176,280.44009885136006,6.724396868340262,1265,-3.0000935543270213,-3.123327500278213
6669,288.895,11.839067100719163,2540.9535741974437,166.18902979791008,1958.4246272857445,2543.794918236527,97.87048506043895,72.5619710427516,280.3759942531532,6.724598168587845,1265,-3.0000935683751666,-3.122922926350599
6670,288.905,11.839392420009911,2540.953387730349,166.18747548784413,1958.4288004105133,2543.7947973868263,97.87043768020538,72.56037833627408,280.31189106213765,6.724799464415939,1265,-3.0000935824236423,-3.122518363179547
6671,288.91499999999996,11.839717743226794,2540.953201260466,166.18592177295073,1958.4329734496819,2543.7946765365236,97.87039029988281,72.55878577048489,280.247789278189,6.725000755824932,1265,-3.0000935964724484,-3.122113810758158
6672,288.92499999999995,11.84004307037029,2540.953014787795,166.18436865309317,1958.4371464032583,2543.7945556856207,97.87034291947124,72.55719334533963,280.1836889011829,6.725202042815216,1265,-3.0000936105215867,-3.1217092690795045
6673,288.935,11.84036840144093,2540.9528283123345,166.1828161281374,1958.44131927125,2543.794434834117,97.87029553897067,72.55560106079395,280.1195899309949,6.725403325387181,1265,-3.000093624571056,-3.121304738136661
6674,288.945,11.840693736439263,2540.9526418340856,166.18126419796891,1958.4454920536655,2543.7943139820145,97.87024815838107,72.5540089168035,280.05549236750073,6.725604603541218,1265,-3.0000936386208563,-3.1209002179227086
6675,288.955,11.841019075365718,2540.9524553530437,166.17971286242445,1958.4496647505123,2543.7941931293103,97.8702007777025,72.552416913324,279.99139621057606,6.725805877277716,1265,-3.000093652670989,-3.120495708430729
6676,288.965,11.841344418220903,2540.952268869209,166.17816212139144,1958.4538373617972,2543.7940722760072,97.8701533969349,72.55082505031109,279.92730146009666,6.726007146597065,1265,-3.0000936667214533,-3.1200912096537854
6677,288.97499999999997,11.841669765005268,2540.952082382581,166.17661197470375,1958.4580098875285,2543.793951422104,97.87010601607831,72.54923332772046,279.86320811593833,6.726208411499657,1265,-3.0000936807722502,-3.1196867215849773
6678,288.985,11.841995115719365,2540.951895893157,166.17506242223126,1958.4621823277137,2543.7938305676,97.87005863513272,72.54764174550783,279.7991161779769,6.726409671985881,1265,-3.00009369482338,-3.119282244217353
6679,288.995,11.842320470363726,2540.951709400937,166.17351346388378,1958.4663546823604,2543.7937097124964,97.87001125409815,72.54605030362892,279.73502564608816,6.726610928056125,1265,-3.000093708874841,-3.1188777775440037
6680,289.005,11.842645828938839,2540.9515229059175,166.17196509944253,1958.4705269514764,2543.7935888567918,97.86996387297458,72.54445900203943,279.6709365201481,6.72681217971078,1265,-3.0000937229266356,-3.118473321558028
6681,289.015,11.84297119144525,2540.9513364081013,166.17041732886614,1958.4746991350705,2543.793468000489,97.86991649176203,72.54286784069511,279.6068488000326,6.7270134269502355,1265,-3.0000937369787626,-3.118068876252465
6682,289.025,11.843296557883482,2540.9511499074824,166.16887015191114,1958.478871233148,2543.7933471435845,97.86986911046048,72.54127681955171,279.54276248561774,6.727214669774881,1265,-3.000093751031224,-3.1176644416204167
6683,289.03499999999997,11.843621928254072,2540.9509634040623,166.16732356851927,1958.4830432457181,2543.793226286081,97.86982172906994,72.53968593856496,279.47867757677943,6.7274159081851055,1265,-3.0000937650840176,-3.117260017654963
6684,289.04499999999996,11.843947302557563,2540.95077689784,166.16577757850928,1958.487215172789,2543.793105427978,97.86977434759042,72.53809519769064,279.41459407339374,6.727617142181297,1265,-3.0000937791371456,-3.116855604349166
6685,289.05499999999995,11.844272680794464,2540.9505903888125,166.164232181776,1958.4913870143675,2543.792984569274,97.86972696602191,72.53650459688451,279.3505119753369,6.7278183717638465,1265,-3.000093793190607,-3.116451201696118
6686,289.065,11.844598062965343,2540.950403876982,166.16268737818285,1958.4955587704621,2543.7928637099717,97.86967958436442,72.53491413610237,279.28643128248484,6.728019596933141,1265,-3.000093807244403,-3.1160468096888856
6687,289.075,11.844923449070723,2540.950217362342,166.16114316761582,1958.4997304410792,2543.7927428500684,97.86963220261796,72.53332381530002,279.22235199471385,6.728220817689571,1265,-3.0000938212985333,-3.1156424283205544
6688,289.085,11.845248839111115,2540.950030844896,166.159599549854,1958.5039020262268,2543.7926219895667,97.86958482078252,72.53173363443327,279.15827411190025,6.728422034033524,1265,-3.0000938353529985,-3.1152380575841954
6689,289.09499999999997,11.84557423308709,2540.949844324639,166.1580565248776,1958.508073525914,2543.7925011284638,97.8695374388581,72.5301435934579,279.09419763392015,6.728623245965387,1265,-3.0000938494077976,-3.1148336974729003
6690,289.105,11.84589963099922,2540.9496578015724,166.15651409240306,1958.512244940146,2543.792380266762,97.86949005684471,72.52855369232977,279.03012256064983,6.728824453485552,1265,-3.0000938634629315,-3.114429347979739
6691,289.115,11.84622503284798,2540.9494712756923,166.15497225247046,1958.5164162689327,2543.7922594044594,97.86944267474234,72.52696393100469,278.9660488919658,6.729025656594404,1265,-3.0000938775184007,-3.1140250090977837
6692,289.125,11.846550438633988,2540.9492847470015,166.1534310047904,1958.5205875122804,2543.7921385415593,97.869395292551,72.52537430943853,278.90197662774426,6.729226855292333,1265,-3.0000938915742053,-3.1136206808201194
6693,289.135,11.846875848357763,2540.949098215496,166.15189034930165,1958.5247586701973,2543.7920176780585,97.8693479102707,72.52378482758714,278.8379057678617,6.729428049579726,1265,-3.000093905630346,-3.1132163631398266
6694,289.145,11.84720126201986,2540.9489116811756,166.15035028589693,1958.5289297426912,2543.7918968139593,97.86930052790143,72.52219548540639,278.7738363121945,6.729629239456972,1265,-3.000093919686822,-3.112812056049978
6695,289.155,11.84752667962085,2540.948725144036,166.1488108143423,1958.5331007297698,2543.7917759492584,97.8692531454432,72.52060628285213,278.70976826061917,6.729830424924456,1265,-3.000093933743634,-3.1124077595436557
6696,289.16499999999996,11.847852101161264,2540.9485386040797,166.14727193460752,1958.5372716314403,2543.7916550839595,97.869205762896,72.51901721988027,278.6457016130123,6.730031605982569,1265,-3.0000939478007824,-3.112003473613942
6697,289.17499999999995,11.848177526641665,2540.948352061304,166.1457336464934,1958.5414424477099,2543.7915342180613,97.86915838025983,72.5174282964467,278.5816363692505,6.730232782631697,1265,-3.000093961858267,-3.111599198253905
6698,289.185,11.848502956062628,2540.9481655157074,166.14419594988286,1958.5456131785877,2543.7914133515633,97.8691109975347,72.51583951250734,278.51757252921027,6.730433954872228,1265,-3.000093975916089,-3.1111949334566287
6699,289.195,11.848828389424723,2540.9479789672896,166.14265884461702,1958.5497838240801,2543.7912924844663,97.86906361472063,72.5142508680181,278.4535100927683,6.730635122704548,1265,-3.000093989974247,-3.1107906792151945
6700,289.205,11.849153826728497,2540.947792416048,166.14112233062363,1958.5539543841953,2543.79117161677,97.8690162318176,72.5126623629349,278.38944905980117,6.730836286129045,1265,-3.0000940040327424,-3.1103864355226745
6701,289.215,11.849479267974493,2540.947605861982,166.1395864076752,1958.558124858941,2543.7910507484744,97.8689688488256,72.51107399721369,278.3253894301858,6.7310374451461055,1265,-3.000094018091575,-3.109982202372156
6702,289.22499999999997,11.849804713163326,2540.9474193050905,166.13805107570144,1958.5622952483247,2543.7909298795794,97.86892146574466,72.5094857708104,278.26133120379876,6.731238599756117,1265,-3.000094032150745,-3.109577979756711
6703,289.235,11.850130162295576,2540.9472327453723,166.13651633459554,1958.5664655523533,2543.7908090100855,97.86887408257476,72.50789768368101,278.197274380517,6.731439749959466,1265,-3.0000940462102523,-3.1091737676694264
6704,289.245,11.850455615371764,2540.9470461828264,166.13498218413457,1958.5706357710353,2543.7906881399927,97.86882669931592,72.50630973578149,278.13321896021733,6.731640895756539,1265,-3.0000940602700985,-3.1087695661033687
6705,289.255,11.850781072392499,2540.9468596174497,166.1334486242497,1958.5748059043794,2543.7905672693,97.86877931596813,72.5047219270678,278.0691649427766,6.7318420371477234,1265,-3.0000940743302813,-3.1083653750516365
6706,289.265,11.851106533358346,2540.946673049244,166.1319156547687,1958.5789759523898,2543.7904463980094,97.86873193253139,72.50313425749594,278.0051123280716,6.732043174133405,1265,-3.0000940883908034,-3.107961194507281
6707,289.275,11.851431998269891,2540.946486478204,166.13038327557814,1958.5831459150784,2543.7903255261185,97.8686845490057,72.5015467270219,277.94106111597955,6.732244306713969,1265,-3.000094102451664,-3.107557024463409
6708,289.28499999999997,11.851757467127712,2540.9462999043335,166.12885148657804,1958.5873157924493,2543.7902046536296,97.86863716539108,72.49995933560172,277.8770113063773,6.7324454348898035,1265,-3.000094116512863,-3.1071528649130755
6709,289.29499999999996,11.8520829399324,2540.946113327627,166.12732028755562,1958.5914855845124,2543.7900837805414,97.86858978168752,72.49837208319138,277.81296289914195,6.732646558661292,1265,-3.0000941305744013,-3.10674871584938
6710,289.30499999999995,11.852408416684543,2540.945926748084,166.12578967841003,1958.595655291274,2543.7899629068534,97.86854239789503,72.49678496974693,277.74891589415046,6.732847678028824,1265,-3.0000941446362788,-3.1063445772653946
6711,289.315,11.852733897384693,2540.945740165705,166.12425965901818,1958.599824912741,2543.789842032568,97.86849501401359,72.4951979952244,277.68487029128005,6.733048792992783,1265,-3.000094158698495,-3.1059404491541924
6712,289.325,11.853059382033493,2540.9455535804877,166.12273022925098,1958.6039944489235,2543.789721157683,97.86844763004322,72.49361115957984,277.62082609040783,6.733249903553554,1265,-3.000094172761051,-3.1055363315088718
6713,289.335,11.853384870631462,2540.9453669924296,166.1212013889584,1958.6081638998273,2543.7896002821985,97.8684002459839,72.49202446276931,277.5567832914109,6.733451009711523,1265,-3.0000941868239477,-3.10513222432248
6714,289.34499999999997,11.853710363179276,2540.9451804015325,166.1196731379908,1958.612333265461,2543.7894794061162,97.86835286183567,72.49043790474889,277.49274189416667,6.733652111467077,1265,-3.000094200887183,-3.1047281275881278
6715,289.355,11.854035859677474,2540.944993807792,166.11814547624508,1958.6165025458313,2543.789358529434,97.86830547759851,72.48885148547465,277.4287018985523,6.733853208820599,1265,-3.0000942149507597,-3.1043240412988746
6716,289.365,11.854361360126687,2540.944807211208,166.11661840356416,1958.6206717409468,2543.789237652154,97.86825809327243,72.48726520490268,277.3646633044451,6.734054301772477,1265,-3.000094229014677,-3.103919965447812
6717,289.375,11.854686864527489,2540.944620611781,166.1150919198034,1958.6248408508138,2543.7891167742755,97.86821070885742,72.4856790629891,277.30062611172247,6.734255390323093,1265,-3.0000942430789337,-3.1035159000280066
6718,289.385,11.855012372880514,2540.944434009505,166.11356602490977,1958.6290098754407,2543.7889958957967,97.86816332435347,72.48409305969,277.2365903202617,6.734456474472834,1265,-3.0000942571435316,-3.1031118450325574
6719,289.395,11.855337885186318,2540.9442474043844,166.11204071863216,1958.6331788148352,2543.788875016721,97.86811593976063,72.4825071949615,277.17255592994036,6.734657554222085,1265,-3.0000942712084715,-3.1027078004545317
6720,289.405,11.85566340144553,2540.944060796414,166.1105160009214,1958.6373476690035,2543.7887541370455,97.86806855507885,72.48092146875975,277.1085229406358,6.734858629571228,1265,-3.000094285273752,-3.102303766287001
6721,289.41499999999996,11.855988921658783,2540.943874185595,166.10899187161397,1958.6415164379557,2543.7886332567723,97.86802117030815,72.47933588104085,277.0444913522255,6.735059700520651,1265,-3.0000942993393744,-3.1018997425230643
6722,289.42499999999995,11.856314445826646,2540.9436875719243,166.10746833053489,1958.6456851216976,2543.7885123759,97.86797378544854,72.477750431761,276.9804611645871,6.735260767070738,1265,-3.0000943134053384,-3.101495729155783
6723,289.435,11.856639973949761,2540.943500955402,166.1059453776571,1958.6498537202372,2543.78839149443,97.86792640050001,72.47616512087633,276.9164323775981,6.735461829221871,1265,-3.0000943274716443,-3.101091726178247
6724,289.445,11.856965506028697,2540.9433143360257,166.10442301271803,1958.6540222335818,2543.788270612361,97.86787901546256,72.47457994834303,276.85240499113615,6.735662886974435,1265,-3.000094341538292,-3.1006877335835403
6725,289.455,11.857291042064128,2540.9431277137946,166.10290123565306,1958.65819066174,2543.7881497296935,97.86783163033623,72.47299491411728,276.7883790050789,6.735863940328815,1265,-3.000094355605282,-3.1002837513647385
6726,289.465,11.857616582056627,2540.942941088708,166.1013800463619,1958.6623590047182,2543.7880288464276,97.86778424512096,72.47141001815524,276.72435441930406,6.736064989285395,1265,-3.000094369672615,-3.0998797795149207
6727,289.47499999999997,11.857942126006837,2540.942754460764,166.09985944464037,1958.666527262524,2543.7879079625636,97.86773685981679,72.46982526041315,276.66033123368936,6.736266033844558,1265,-3.000094383740291,-3.09947581802716
6728,289.485,11.858267673915401,2540.9425678299604,166.09833943040573,1958.6706954351657,2543.7877870781012,97.86768947442371,72.4682406408472,276.59630944811255,6.736467074006689,1265,-3.0000943978083097,-3.099071866894555
6729,289.495,11.85859322578288,2540.9423811962997,166.0968200034743,1958.674863522651,2543.787666193042,97.86764208894174,72.46665615941362,276.53228906245147,6.73666810977217,1265,-3.0000944118766717,-3.0986679261101604
6730,289.505,11.858918781609948,2540.9421945597737,166.09530116375657,1958.6790315249864,2543.7875453073807,97.86759470337087,72.46507181606863,276.4682700765839,6.736869141141385,1265,-3.0000944259453766,-3.09826399566709
6731,289.515,11.859244341397218,2540.942007920388,166.0937829111025,1958.6831994421807,2543.787424421124,97.86754731771109,72.46348761076848,276.4042524903878,6.737070168114718,1265,-3.0000944400144256,-3.0978600755583816
6732,289.525,11.859569905145337,2540.941821278139,166.09226524540807,1958.6873672742404,2543.787303534269,97.8674999319624,72.46190354346942,276.3402363037411,6.737271190692551,1265,-3.000094454083818,-3.097456165777148
6733,289.53499999999997,11.859895472854898,2540.941634633024,166.09074816646182,1958.6915350211727,2543.787182646816,97.86745254612482,72.46031961412771,276.27622151652173,6.737472208875268,1265,-3.0000944681535553,-3.097052266316459
6734,289.54499999999996,11.860221044526554,2540.941447985044,166.08923167419482,1958.6957026829875,2543.787061758764,97.86740516019836,72.45873582269962,276.2122081286077,6.737673222663252,1265,-3.000094482223636,-3.096648377169399
6735,289.55499999999995,11.86054662016095,2540.9412613341965,166.08771576845606,1958.6998702596907,2543.786940870115,97.867357774183,72.45715216914145,276.1481961398771,6.737874232056886,1265,-3.0000944962940617,-3.0962444983290416
6736,289.565,11.860872199758731,2540.9410746804792,166.0862004491497,1958.704037751289,2543.7868199808668,97.86731038807875,72.45556865340947,276.08418555020796,6.738075237056553,1265,-3.0000945103648315,-3.0958406297884746
6737,289.575,11.86119778332051,2540.9408880238925,166.08468571611093,1958.7082051577916,2543.7866990910215,97.86726300188562,72.45398527546,276.0201763594784,6.738276237662634,1265,-3.0000945244359474,-3.0954367715407622
6738,289.585,11.861523370846964,2540.9407013644354,166.08317156917485,1958.7123724792054,2543.7865782005783,97.8672156156036,72.45240203524934,275.9561685675666,6.738477233875514,1265,-3.000094538507407,-3.0950329235790095
6739,289.59499999999997,11.861848962338696,2540.9405147021052,166.08165800822294,1958.7165397155368,2543.786457309537,97.86716822923269,72.45081893273378,275.89216217435074,6.7386782256955735,1265,-3.0000945525792124,-3.0946290858962815
6740,289.605,11.862174557796386,2540.9403280369,166.08014503320106,1958.7207068667963,2543.7863364178966,97.8671208427729,72.44923596786971,275.8281571797091,6.7388792131231945,1265,-3.000094566651364,-3.0942252584856695
6741,289.615,11.862500157220657,2540.940141368821,166.07863264384193,1958.7248739329882,2543.7862155256594,97.86707345622422,72.44765314061347,275.7641535835198,6.739080196158761,1265,-3.000094580723861,-3.0938214413402396
6742,289.625,11.862825760612147,2540.939954697867,166.07712084012698,1958.7290409141212,2543.7860946328256,97.86702606958666,72.44607045092135,275.70015138566146,6.739281174802652,1265,-3.0000945947967037,-3.093417634453082
6743,289.635,11.863151367971563,2540.9397680240327,166.07560962187688,1958.733207810204,2543.7859737393915,97.86697868286024,72.44448789874978,275.63615058601215,6.739482149055253,1265,-3.0000946088698925,-3.0930138378172725
6744,289.645,11.863476979299502,2540.9395813473207,166.07409898893067,1958.7373746212425,2543.7858528453608,97.86693129604492,72.44290548405509,275.5721511844504,6.739683118916944,1265,-3.000094622943428,-3.0926100514259076
6745,289.655,11.863802594596667,2540.9393946677296,166.0725889412319,1958.7415413472459,2543.7857319507325,97.86688390914074,72.44132320679367,275.50815318085455,6.739884084388106,1265,-3.0000946370173103,-3.0922062752720403
6746,289.66499999999996,11.864128213863674,2540.939207985256,166.07107947859032,1958.74570798822,2543.785611055506,97.86683652214768,72.43974106692191,275.44415657510314,6.740085045469123,1265,-3.0000946510915387,-3.0918025093487698
6747,289.67499999999995,11.8644538371012,2540.939021299901,166.06957060084144,1958.7498745441728,2543.785490159683,97.86678913506574,72.43815906439625,275.38016136707466,6.740286002160373,1265,-3.000094665166115,-3.0913987536491723
6748,289.685,11.86477946430991,2540.938834611661,166.0680623079493,1958.7540410151125,2543.7853692632616,97.86674174789495,72.43657719917303,275.31616755664766,6.7404869544622406,1265,-3.0000946792410383,-3.0909950081663364
6749,289.695,11.865105095490472,2540.938647920537,166.06655459973382,1958.758207401046,2543.7852483662423,97.8666943606353,72.43499547120874,275.25217514370064,6.740687902375105,1265,-3.0000946933163095,-3.0905912728933287
6750,289.705,11.865430730643544,2540.9384612265258,166.0650474760387,1958.7623737019815,2543.7851274686263,97.86664697328675,72.43341388045977,275.18818412811237,6.740888845899347,1265,-3.0000947073919275,-3.0901875478232474
6751,289.715,11.865756369769777,2540.938274529627,166.0635409367542,1958.7665399179255,2543.785006570412,97.86659958584936,72.43183242688256,275.1241945097615,6.741089785035348,1265,-3.0000947214678937,-3.089783832949151
6752,289.72499999999997,11.866082012869871,2540.938087829839,166.0620349817627,1958.7707060488867,2543.7848856716005,97.8665521983231,72.43025111043359,275.06020628852656,6.74129071978349,1265,-3.000094735544208,-3.0893801282641453
6753,289.735,11.866407659944477,2540.937901127162,166.0605296108861,1958.7748720948716,2543.7847647721924,97.866504810708,72.42866993106932,274.9962194642864,6.741491650144153,1265,-3.000094749620871,-3.0889764337612875
6754,289.745,11.866733310994293,2540.937714421593,166.05902482404557,1958.7790380558883,2543.7846438721863,97.86645742300402,72.42708888874618,274.9322340369198,6.741692576117717,1265,-3.0000947636978816,-3.088572749433687
6755,289.755,11.867058966019949,2540.9375277131307,166.05752062109593,1958.7832039319435,2543.7845229715826,97.86641003521119,72.4255079834207,274.8682500063056,6.741893497704562,1265,-3.0000947777752422,-3.088169075274391
6756,289.765,11.867384625022163,2540.9373410017743,166.05601700181683,1958.787369723046,2543.784402070381,97.86636264732952,72.42392721504935,274.80426737232256,6.742094414905069,1265,-3.0000947918529515,-3.087765411276514
6757,289.775,11.867710288001614,2540.937154287523,166.05451396624005,1958.7915354292015,2543.7842811685828,97.86631525935898,72.42234658358862,274.7402861348496,6.742295327719619,1265,-3.0000948059310093,-3.0873617574331127
6758,289.78499999999997,11.868035954958955,2540.936967570375,166.05301151411368,1958.7957010504194,2543.784160266188,97.8662678712996,72.42076608899505,274.6763062937657,6.742496236148591,1265,-3.000094820009417,-3.086958113737282
6759,289.79499999999996,11.868361625894908,2540.93678085033,166.05150964534027,1958.7998665867062,2543.7840393631955,97.86622048315135,72.41918573122516,274.61232784894986,6.742697140192366,1265,-3.0000948340881743,-3.0865544801820977
6760,289.80499999999995,11.868687300810135,2540.9365941273854,166.0500083597836,1958.8040320380696,2543.7839184596055,97.86617309491427,72.41760551023543,274.548350800281,6.7428980398513225,1265,-3.0000948481672816,-3.0861508567606335
6761,289.815,11.869012979705303,2540.9364074015402,166.04850765731098,1958.8081974045167,2543.783797555418,97.86612570658835,72.41602542598247,274.48437514763816,6.743098935125841,1265,-3.000094862246738,-3.0857472434659856
6762,289.825,11.869338662581146,2540.9362206727933,166.0470075378074,1958.812362686056,2543.783676650634,97.86607831817358,72.41444547842279,274.4204008909005,6.743299826016301,1265,-3.000094876326545,-3.0853436402912435
6763,289.835,11.86966434943834,2540.936033941143,166.04550800116704,1958.816527882694,2543.7835557452518,97.86603092966996,72.41286566751297,274.35642802994715,6.743500712523082,1265,-3.000094890406703,-3.0849400472294612
6764,289.84499999999997,11.869990040277559,2540.9358472065896,166.04400904713756,1958.8206929944386,2543.783434839274,97.86598354107751,72.41128599320956,274.29245656465713,6.743701594646563,1265,-3.0000949044872116,-3.084536464273735
6765,289.855,11.870315735099515,2540.935660469131,166.0425106757288,1958.8248580212967,2543.783313932699,97.86593615239622,72.40970645546916,274.22848649490976,6.743902472387124,1265,-3.0000949185680703,-3.0841328914171395
6766,289.865,11.870641433904906,2540.9354737287654,166.04101288671438,1958.829022963276,2543.7831930255265,97.86588876362609,72.40812705424835,274.16451782058425,6.7441033457451445,1265,-3.000094932649281,-3.0837293286527663
6767,289.875,11.870967136694404,2540.9352869854915,166.03951568000622,1958.833187820385,2543.783072117757,97.86584137476713,72.40654778950373,274.1005505415598,6.7443042147210015,1265,-3.0000949467308424,-3.083325775973691
6768,289.885,11.871292843468774,2540.935100239309,166.03801905548116,1958.8373525926306,2543.7829512093913,97.86579398581932,72.40496866119192,274.0365846577159,6.744505079315076,1265,-3.000094960812755,-3.082922233372995
6769,289.895,11.87161855422867,2540.934913490215,166.0365230130111,1958.8415172800194,2543.782830300427,97.8657465967827,72.40338966926953,273.97262016893177,6.744705939527745,1265,-3.0000949748950205,-3.082518700843773
6770,289.905,11.871944268974804,2540.934726738211,166.0350275524301,1958.8456818825596,2543.782709390868,97.86569920765724,72.40181081369319,273.9086570750868,6.744906795359388,1265,-3.0000949889776365,-3.0821151783790786
6771,289.91499999999996,11.872269987707888,2540.9345399832923,166.03353267362155,1958.849846400259,2543.7825884807107,97.86565181844296,72.40023209441955,273.8446953760605,6.745107646810385,1265,-3.000095003060606,-3.0817116659720107
6772,289.92499999999995,11.872595710428625,2540.9343532254597,166.03203837646302,1958.854010833125,2543.782467569957,97.86560442913985,72.39865351140524,273.7807350717323,6.745308493881112,1265,-3.000095017143927,-3.0813081636156507
6773,289.935,11.872921437137748,2540.934166464712,166.03054466081804,1958.8581751811646,2543.782346658607,97.86555703974791,72.39707506460695,273.71677616198167,6.745509336571948,1265,-3.0000950312276013,-3.080904671303089
6774,289.945,11.873247167835947,2540.933979701047,166.02905152652448,1958.8623394443841,2543.7822257466596,97.86550965026716,72.39549675398135,273.6528186466882,6.745710174883273,1265,-3.0000950453116286,-3.0805011890273937
6775,289.955,11.873572902523915,2540.933792934464,166.0275589735013,1958.8665036227935,2543.7821048341157,97.86546226069758,72.39391857948507,273.58886252573143,6.745911008815463,1265,-3.0000950593960085,-3.080097716781649
6776,289.965,11.873898641202441,2540.933606164963,166.0260670016058,1958.8706677163987,2543.7819839209765,97.8654148710392,72.39234054107486,273.52490779899097,6.746111838368894,1265,-3.000095073480742,-3.0796942545589285
6777,289.97499999999997,11.874224383872178,2540.9334193925397,166.02457561070594,1958.8748317252075,2543.7818630072397,97.86536748129198,72.39076263870739,273.4609544663465,6.746312663543948,1265,-3.0000950875658288,-3.079290802352335
6778,289.985,11.874550130533882,2540.9332326171943,166.02308480063897,1958.8789956492274,2543.781742092905,97.86532009145597,72.38918487233937,273.3970025276778,6.746513484341,1265,-3.000095101651269,-3.0788873601549387
6779,289.995,11.874875881188265,2540.933045838927,166.0215945713377,1958.8831594884655,2543.7816211779755,97.86527270153113,72.38760724192751,273.33305198286445,6.74671430076043,1265,-3.0000951157370634,-3.0784839279598204
6780,290.005,11.875201635836044,2540.932859057735,166.02010492261047,1958.8873232429298,2543.7815002624493,97.86522531151749,72.38602974742857,273.2691028317863,6.746915112802612,1265,-3.0000951298232117,-3.0780805057600533
6781,290.015,11.875527394477986,2540.932672273617,166.01861585437211,1958.8914869126277,2543.7813793463265,97.86517792141503,72.38445238879926,273.2051550743232,6.747115920467926,1265,-3.0000951439097143,-3.0776770935487447
6782,290.025,11.875853157114744,2540.9324854865713,166.01712736643182,1958.8956504975656,2543.781258429606,97.86513053122377,72.38287516599634,273.141208710355,6.7473167237567475,1265,-3.0000951579965713,-3.07727369131896
6783,290.03499999999997,11.876178923747126,2540.932298696598,166.0156394587322,1958.899813997752,2543.7811375122906,97.8650831409437,72.38129807897656,273.07726373976146,6.7475175226694555,1265,-3.000095172083783,-3.0768702990637733
6784,290.04499999999996,11.876504694375827,2540.932111903696,166.01415213106597,1958.9039774131943,2543.7810165943783,97.86503575057482,72.3797211276967,273.0133201624227,6.7477183172064255,1265,-3.00009518617135,-3.076466916776278
6785,290.05499999999995,11.876830469001597,2540.9319251078628,166.0126653833908,1958.9081407438994,2543.7808956758704,97.86498836011714,72.37814431211352,272.94937797821854,6.747919107368034,1265,-3.0000952002592727,-3.076063544449563
6786,290.065,11.877156247625152,2540.931738309097,166.01117921549903,1958.9123039898752,2543.7807747567654,97.86494096957067,72.37656763218384,272.88543718702897,6.7481198931546595,1265,-3.00009521434755,-3.075660182076693
6787,290.075,11.877482030247242,2540.9315515073977,166.00969362731834,1958.9164671511287,2543.7806538370637,97.8648935789354,72.37499108786442,272.8214977887342,6.748320674566677,1265,-3.0000952284361833,-3.0752568296507707
6788,290.085,11.87780781686861,2540.9313647027648,166.0082086186695,1958.920630227668,2543.780532916767,97.86484618821132,72.37341467911209,272.7575597832141,6.748521451604464,1265,-3.0000952425251723,-3.074853487164843
6789,290.09499999999997,11.87813360749001,2540.931177895196,166.00672418947647,1958.9247932194987,2543.7804119958732,97.86479879739845,72.37183840588365,272.6936231703489,6.748722224268396,1265,-3.0000952566145176,-3.0744501546120344
6790,290.105,11.878459402112153,2540.9309910846896,166.00524033957245,1958.9289561266305,2543.780291074384,97.86475140649681,72.37026226813596,272.6296879500188,6.748922992558849,1265,-3.0000952707042186,-3.0740468319853984
6791,290.115,11.878785200735825,2540.9308042712446,166.00375706880905,1958.9331189490701,2543.780170152298,97.86470401550635,72.36868626582583,272.5657541221039,6.749123756476201,1265,-3.000095284794276,-3.0736435192780296
6792,290.125,11.879111003361768,2540.9306174548606,166.0022743770586,1958.9372816868256,2543.7800492296165,97.8646566244271,72.3671103989101,272.5018216864845,6.749324516020825,1265,-3.000095298884691,-3.0732402164829935
6793,290.135,11.879436809990706,2540.930430635536,166.00079226430395,1958.9414443399023,2543.779928306339,97.86460923325907,72.36553466734566,272.4378906430408,6.749525271193099,1265,-3.000095312975462,-3.072836923593392
6794,290.145,11.879762620623396,2540.930243813267,165.99931073023262,1958.9456069083094,2543.7798073824642,97.86456184200227,72.36395907108934,272.3739609916532,6.749726021993399,1265,-3.000095327066591,-3.0724336406023114
6795,290.155,11.880088435260634,2540.9300569880556,165.99782977486578,1958.9497693920528,2543.7796864579936,97.86451445065667,72.36238361009804,272.3100327322019,6.7499267684221,1265,-3.0000953411580764,-3.07203036750281
6796,290.16499999999996,11.880414253903144,2540.9298701599005,165.99634939800404,1958.953931791142,2543.7795655329282,97.86446705922229,72.36080828432863,272.2461058645674,6.750127510479577,1265,-3.0000953552499197,-3.0716271042879892
6797,290.17499999999995,11.88074007655167,2540.9296833287985,165.9948695995294,1958.9580941055829,2543.7794446072658,97.86441966769914,72.35923309373801,272.1821803886301,6.750328248166206,1265,-3.0000953693421217,-3.0712238509509273
6798,290.185,11.881065903206997,2540.9294964947494,165.99339037929016,1958.9622563353826,2543.7793236810085,97.8643722760872,72.35765803828309,272.1182563042705,6.750528981482364,1265,-3.0000953834346804,-3.070820607484697
6799,290.195,11.88139173386988,2540.9293096577517,165.99191173715974,1958.96641848055,2543.7792027541545,97.86432488438649,72.35608311792079,272.05433361136903,6.750729710428422,1265,-3.000095397527598,-3.0704173738823948
6800,290.205,11.881717568541092,2540.9291228178045,165.99043367306427,1958.9705805410908,2543.779081826705,97.86427749259701,72.35450833260802,271.99041230980623,6.750930435004758,1265,-3.000095411620874,-3.070014150137098
6801,290.215,11.882043407221385,2540.9289359749055,165.9889561868329,1958.9747425170137,2543.77896089866,97.86423010071874,72.35293368230172,271.92649239946275,6.7511311552117474,1265,-3.0000954257145085,-3.0696109362418764
6802,290.22499999999997,11.882369249911559,2540.928749129055,165.98747927834827,1958.9789044083261,2543.7788399700194,97.86418270875171,72.35135916695886,271.86257388021914,6.751331871049763,1265,-3.000095439808501,-3.069207732189832
6803,290.235,11.882695096612343,2540.9285622802518,165.98600294748192,1958.9830662150343,2543.778719040784,97.86413531669591,72.34978478653636,271.79865675195606,6.7515325825191805,1265,-3.000095453902854,-3.068804537974034
6804,290.245,11.88302094732451,2540.928375428492,165.98452719405046,1958.9872279371464,2543.7785981109514,97.86408792455134,72.34821054099119,271.7347410145542,6.751733289620375,1265,-3.0000954679975655,-3.068401353587574
6805,290.255,11.883346802048845,2540.9281885737764,165.98305201800528,1958.9913895746695,2543.7784771805236,97.86404053231801,72.34663643028033,271.6708266678943,6.751933992353719,1265,-3.000095482092637,-3.067998179023526
6806,290.265,11.883672660786166,2540.928001716103,165.9815774191895,1958.9955511276119,2543.778356249499,97.86399313999591,72.34506245436077,271.6069137118571,6.752134690719589,1265,-3.000095496188067,-3.067595014274973
6807,290.275,11.883998523537196,2540.9278148554713,165.98010339746924,1958.9997125959799,2543.77823531788,97.86394574758503,72.34348861318949,271.54300214632343,6.752335384718359,1265,-3.000095510283858,-3.0671918593350043
6808,290.28499999999997,11.884324390302726,2540.92762799188,165.97862995268216,1959.0038739797806,2543.778114385666,97.86389835508541,72.3419149067235,271.4790919711741,6.7525360743504015,1265,-3.0000955243800087,-3.0667887141967043
6809,290.29499999999996,11.884650261083555,2540.9274411253273,165.97715708476505,1959.0080352790228,2543.7779934528558,97.86385096249704,72.34034133491981,271.41518318629005,6.752736759616092,1265,-3.0000955384765198,-3.0663855788531404
6810,290.30499999999995,11.884976135880459,2540.927254255812,165.97568479355328,1959.0121964937127,2543.7778725194503,97.8638035698199,72.33876789773545,271.3512757915521,6.752937440515804,1265,-3.000095552573392,-3.0659824532974094
6811,290.315,11.885302014694211,2540.9270673833316,165.97421307890016,1959.0163576238585,2543.7777515854486,97.863756177054,72.33719459512743,271.2873697868413,6.75313811704991,1265,-3.0000955666706246,-3.065579337522584
6812,290.325,11.885627897525623,2540.926880507888,165.97274194070437,1959.0205186694666,2543.7776306508526,97.86370878419936,72.3356214270528,271.2234651720386,6.753338789218785,1265,-3.0000955807682184,-3.065176231521754
6813,290.335,11.885953784375465,2540.9266936294766,165.97127137886181,1959.0246796305448,2543.77750971566,97.86366139125596,72.33404839346863,271.159561947025,6.753539457022802,1265,-3.0000955948661727,-3.0647731352879966
6814,290.34499999999997,11.886279675244529,2540.9265067480983,165.9698013931525,1959.0288405071003,2543.777388779873,97.86361399822381,72.33247549433197,271.09566011168164,6.753740120462334,1265,-3.000095608964489,-3.0643700488144026
6815,290.355,11.886605570133632,2540.9263198637523,165.96833198354489,1959.0330012991417,2543.7772678434912,97.86356660510292,72.33090272959988,271.03175966588964,6.753940779537755,1265,-3.0000956230631672,-3.06396697209404
6816,290.365,11.88693146904355,2540.9261329764345,165.96686314986025,1959.0371620066746,2543.7771469065133,97.86351921189326,72.32933009922947,270.96786060953,6.754141434249438,1265,-3.000095637162207,-3.063563905119998
6817,290.375,11.887257371975078,2540.9259460861454,165.96539489201433,1959.0413226297069,2543.77702596894,97.86347181859489,72.3277576031778,270.90396294248404,6.754342084597756,1265,-3.0000956512616095,-3.063160847885367
6818,290.385,11.887583278929007,2540.9257591928845,165.96392720980464,1959.0454831682462,2543.7769050307725,97.86342442520775,72.32618524140197,270.84006666463296,6.754542730583082,1265,-3.000095665361374,-3.0627578003832245
6819,290.395,11.887909189906182,2540.9255722966477,165.96246010318808,1959.0496436223,2543.7767840920083,97.86337703173189,72.3246130138591,270.77617177585796,6.7547433722057875,1265,-3.0000956794615004,-3.0623547626066636
6820,290.405,11.888235104907364,2540.925385397438,165.96099357196604,1959.0538039918756,2543.7766631526497,97.86332963816727,72.32304092050632,270.7122782760404,6.754944009466247,1265,-3.00009569356199,-3.0619517345487357
6821,290.41499999999996,11.888561023933388,2540.92519849525,165.95952761603874,1959.0579642769796,2543.776542212696,97.86328224451393,72.32146896130074,270.6483861650616,6.755144642364832,1265,-3.0000957076628425,-3.061548716202555
6822,290.42499999999995,11.888886946985041,2540.925011590086,165.95806223527313,1959.0621244776216,2543.7764212721477,97.86323485077185,72.3198971361995,270.5844954428029,6.755345270901915,1265,-3.0000957217640583,-3.0611457075611828
6823,290.435,11.889212874063098,2540.924824681942,165.95659742958424,1959.0662845938057,2543.776300331005,97.86318745694103,72.31832544515976,270.5206061091458,6.755545895077869,1265,-3.000095735865637,-3.060742708617714
6824,290.445,11.889538805168447,2540.9246377708178,165.95513319875408,1959.0704446255404,2543.7761793892655,97.86314006302148,72.31675388813866,270.45671816397163,6.755746514893064,1265,-3.0000957499675796,-3.060339719365232
6825,290.455,11.88986474030185,2540.9244508567112,165.95366954272546,1959.0746045728342,2543.7760584469315,97.86309266901321,72.31518246509339,270.39283160716195,6.755947130347876,1265,-3.000095764069886,-3.0599367397968176
6826,290.465,11.890190679464135,2540.9242639396225,165.95220646135428,1959.0787644356942,2543.775937504003,97.86304527491619,72.31361117598111,270.3289464385983,6.756147741442674,1265,-3.000095778172556,-3.059533769905551
6827,290.47499999999997,11.890516622656122,2540.92407701955,165.95074395452406,1959.082924214126,2543.77581656048,97.86299788073046,72.31204002075901,270.2650626581621,6.756348348177829,1265,-3.000095792275591,-3.0591308096844974
6828,290.485,11.890842569878622,2540.9238900964915,165.94928202206725,1959.0870839081392,2543.775695616362,97.86295048645601,72.31046899938428,270.20118026573505,6.756548950553715,1265,-3.00009580637899,-3.05872785912677
6829,290.495,11.891168521132457,2540.9237031704456,165.94782066389135,1959.091243517739,2543.775574671648,97.86290309209284,72.30889811181416,270.13729926119885,6.756749548570704,1265,-3.000095820482754,-3.058324918225449
6830,290.505,11.891494476418474,2540.923516241413,165.94635987983514,1959.0954030429345,2543.775453726341,97.86285569764092,72.30732735800584,270.07341964443515,6.756950142229164,1265,-3.0000958345868822,-3.0579219869735943
6831,290.515,11.891820435737463,2540.9233293093916,165.94489966984668,1959.0995624837315,2543.7753327804385,97.86280830310031,72.30575673791652,270.0095414153256,6.75715073152947,1265,-3.0000958486913762,-3.057519065364317
6832,290.525,11.892146399090262,2540.923142374378,165.94344003374133,1959.1037218401389,2543.775211833941,97.86276090847097,72.30418625150348,269.9456645737519,6.757351316471991,1265,-3.000095862796236,-3.057116153390669
6833,290.53499999999997,11.892472366477707,2540.9229554363737,165.9419809713575,1959.107881112163,2543.775090886849,97.86271351375292,72.30261589872394,269.881789119596,6.757551897057099,1265,-3.000095876901461,-3.056713251045753
6834,290.54499999999996,11.89279833790063,2540.9227684953757,165.94052248263233,1959.112040299812,2543.7749699391616,97.86266611894617,72.30104567953516,269.81791505273964,6.757752473285165,1265,-3.0000958910070517,-3.056310358322647
6835,290.555,11.89312431335984,2540.9225815513846,165.93906456738486,1959.116199403091,2543.7748489908804,97.86261872405069,72.29947559389441,269.7540423730647,6.75795304515656,1265,-3.0000959051130085,-3.0559074752144264
6836,290.565,11.893450292856189,2540.9223946043962,165.9376072255549,1959.1203584220095,2543.7747280420044,97.8625713290665,72.29790564175894,269.69017108045307,6.758153612671654,1265,-3.0000959192193317,-3.0555046017141896
6837,290.575,11.89377627639052,2540.922207654413,165.9361504569423,1959.124517356575,2543.774607092535,97.8625239339936,72.29633582308605,269.62630117478665,6.758354175830819,1265,-3.0000959333260204,-3.055101737815003
6838,290.585,11.894102263963678,2540.9220207014305,165.93469426147132,1959.1286762067928,2543.77448614247,97.862476538832,72.29476613783305,269.56243265594753,6.758554734634424,1265,-3.000095947433077,-3.054698883509954
6839,290.59499999999997,11.89442825557647,2540.9218337454467,165.93323863897484,1959.132834972672,2543.774365191809,97.86242914358169,72.29319658595722,269.4985655238176,6.758755289082839,1265,-3.0000959615404996,-3.0542960387921503
6840,290.605,11.894754251229756,2540.9216467864653,165.9317835894105,1959.1369936542192,2543.7742442405565,97.86238174824268,72.29162716741587,269.434699778279,6.758955839176437,1265,-3.0000959756482892,-3.053893203654632
6841,290.615,11.895080250924378,2540.9214598244803,165.93032911252521,1959.141152251441,2543.774123288708,97.86233435281497,72.29005788216634,269.3708354192138,6.759156384915586,1265,-3.000095989756446,-3.0534903780905003
6842,290.625,11.895406254661195,2540.9212728594916,165.92887520829137,1959.1453107643472,2543.774002336264,97.86228695729856,72.28848873016594,269.30697244650406,6.759356926300656,1265,-3.0000960038649707,-3.0530875620928564
6843,290.635,11.895732262441058,2540.9210858914994,165.92742187651928,1959.1494691929413,2543.773881383227,97.86223956169346,72.28691971137201,269.243110860032,6.759557463332018,1265,-3.000096017973863,-3.0526847556547545
6844,290.645,11.896058274264794,2540.9208989205013,165.92596911712909,1959.1536275372343,2543.7737604295958,97.86219216599964,72.28535082574192,269.1792506596799,6.759757996010041,1265,-3.000096032083124,-3.0522819587692993
6845,290.655,11.896384290133254,2540.920711946497,165.92451692996775,1959.1577857972309,2543.773639475371,97.86214477021716,72.283782073233,269.11539184532995,6.759958524335095,1265,-3.000096046192752,-3.051879171429547
6846,290.66499999999996,11.896710310047311,2540.920524969483,165.92306531494287,1959.1619439729393,2543.7735185205506,97.86209737434596,72.28221345380265,269.05153441686434,6.76015904830755,1265,-3.000096060302749,-3.0514763936286062
6847,290.67499999999995,11.897036334007812,2540.9203379894593,165.9216142718689,1959.166102064368,2543.7733975651367,97.8620499783861,72.28064496740824,268.98767837416545,6.760359567927774,1265,-3.0000960744131144,-3.0510736253595545
6848,290.685,11.897362362015608,2540.9201510064254,165.92016380067273,1959.1702600715216,2543.7732766091285,97.86200258233752,72.27907661400715,268.92382371711574,6.760560083196138,1265,-3.000096088523849,-3.0506708666154663
6849,290.695,11.89768839407157,2540.9199640203788,165.91871390114534,1959.1744179944087,2543.7731556525255,97.86195518620028,72.27750839355679,268.8599704455974,6.760760594113011,1265,-3.0000961026349517,-3.050268117389424
6850,290.705,11.89801443017657,2540.9197770313194,165.9172645732739,1959.178575833037,2543.773034695329,97.86190778997434,72.27594030601455,268.79611855949304,6.76096110067876,1265,-3.0000961167464246,-3.049865377674516
6851,290.715,11.898340470331416,2540.919590039246,165.9158158168534,1959.182733587414,2543.7729137375395,97.86186039365971,72.27437235133785,268.732268058685,6.761161602893758,1265,-3.0000961308582665,-3.0494626474638262
6852,290.72499999999997,11.898666514537062,2540.9194030441545,165.91436763180621,1959.1868912575455,2543.772792779154,97.86181299725641,72.27280452948412,268.6684189430559,6.76136210075837,1265,-3.000096144970479,-3.049059926750433
6853,290.735,11.898992562794286,2540.9192160460466,165.9129200179869,1959.1910488434405,2543.772671820175,97.86176560076444,72.27123684041082,268.6045712124881,6.761562594272966,1265,-3.0000961590830597,-3.048657215527422
6854,290.745,11.899318615104008,2540.9190290449214,165.91147297523133,1959.195206345106,2543.7725508606027,97.86171820418377,72.26966928407536,268.5407248668644,6.7617630834379145,1265,-3.000096173196012,-3.048254513787872
6855,290.755,11.8996446714671,2540.9188420407745,165.9100265034614,1959.1993637625478,2543.7724299004362,97.86167080751444,72.26810186043522,268.4768799060673,6.761963568253585,1265,-3.0000961873093335,-3.047851821524874
6856,290.765,11.899970731884412,2540.9186550336067,165.90858060257273,1959.2035210957747,2543.772308939674,97.86162341075644,72.26653456944786,268.41303632997955,6.762164048720345,1265,-3.0000962014230264,-3.047449138731495
6857,290.775,11.900296796356812,2540.9184680234166,165.9071352723541,1959.2076783447922,2543.7721879783194,97.86157601390975,72.26496741107073,268.3491941384837,6.7623645248385635,1265,-3.00009621553709,-3.0470464654008356
6858,290.78499999999997,11.900622864885214,2540.9182810102043,165.90569051272345,1959.21183550961,2543.772067016372,97.86152861697441,72.26340038526133,268.28535333146255,6.762564996608607,1265,-3.0000962296515246,-3.0466438015259745
6859,290.79499999999996,11.900948937470483,2540.918093993967,165.90424632358753,1959.2159925902338,2543.7719460538306,97.86148121995039,72.26183349197716,268.2215139087989,6.7627654640308466,1265,-3.0000962437663303,-3.046241147099969
6860,290.805,11.901275014113478,2540.9179069747024,165.90280270479116,1959.2201495866711,2543.771825090694,97.86143382283771,72.26026673117573,268.1576758703755,6.762965927105647,1265,-3.0000962578815074,-3.0458385021159406
6861,290.815,11.901601094815094,2540.91771995241,165.9013596561998,1959.2243064989284,2543.7717041269643,97.86138642563635,72.25870010281453,268.09383921607525,6.763166385833378,1265,-3.000096271997057,-3.04543586656696
6862,290.825,11.901927179576218,2540.9175329270897,165.89991717772548,1959.2284633270144,2543.771583162641,97.86133902834634,72.2571336068511,268.03000394578095,6.763366840214405,1265,-3.000096286112977,-3.0450332404461005
6863,290.835,11.902253268397736,2540.9173458987407,165.89847526916597,1959.2326200709354,2543.771462197725,97.86129163096767,72.25556724324296,267.9661700593756,6.763567290249098,1265,-3.00009630022927,-3.044630623746438
6864,290.84499999999997,11.902579361280559,2540.9171588673576,165.8970339304955,1959.2367767306991,2543.771341232213,97.86124423350033,72.25400101194765,267.9023375567421,6.763767735937824,1265,-3.0000963143459347,-3.0442280164610707
6865,290.855,11.90290545822554,2540.9169718329435,165.8955931614988,1959.2409333063129,2543.771220266109,97.86119683594433,72.25243491292274,267.8385064377635,6.763968177280949,1265,-3.0000963284629725,-3.0438254185830775
6866,290.865,11.903231559233557,2540.9167847954955,165.89415296211095,1959.2450897977824,2543.7710992994116,97.86114943829968,72.25086894612575,267.7746767023228,6.764168614278842,1265,-3.000096342580383,-3.043422830105551
6867,290.875,11.903557664305566,2540.916597755013,165.89271333214623,1959.2492462051175,2543.7709783321206,97.86110204056638,72.24930311151428,267.71084835030297,6.764369046931869,1265,-3.000096356698166,-3.043020251021546
6868,290.885,11.903883773442407,2540.916410711493,165.89127427153142,1959.2534025283228,2543.770857364236,97.86105464274442,72.2477374090459,267.6470213815873,6.764569475240398,1265,-3.0000963708163226,-3.04261768132417
6869,290.895,11.904209886645004,2540.9162236649368,165.88983578013318,1959.2575587674075,2543.7707363957584,97.86100724483381,72.2461718386782,267.5831957960589,6.764769899204794,1265,-3.000096384934853,-3.0422151210064925
6870,290.905,11.904536003914266,2540.9160366153396,165.88839785781775,1959.2617149223786,2543.7706154266857,97.86095984683455,72.24460640036877,267.51937159360085,6.7649703188254255,1265,-3.0000963990537564,-3.041812570061604
6871,290.91499999999996,11.90486212525106,2540.915849562703,165.88696050447848,1959.2658709932416,2543.770494457021,97.86091244874665,72.24304109407522,267.4555487740965,6.765170734102658,1265,-3.000096413173034,-3.0414100284825882
6872,290.92499999999995,11.905188250656314,2540.915662507026,165.88552371997014,1959.2700269800052,2543.7703734867628,97.86086505057008,72.24147591975519,267.39172733742896,6.765371145036859,1265,-3.000096427292685,-3.0410074962625115
6873,290.935,11.905514380130922,2540.915475448305,165.88408750413095,1959.274182882677,2543.770252515911,97.8608176523049,72.23991087736627,267.3279072834816,6.765571551628393,1265,-3.000096441412711,-3.0406049733944776
6874,290.945,11.905840513675825,2540.9152883865395,165.8826518569353,1959.2783387012628,2543.770131544465,97.86077025395107,72.23834596686612,267.2640886121377,6.765771953877628,1265,-3.0000964555331104,-3.040202459871562
6875,290.955,11.906166651291889,2540.9151013217297,165.88121677811787,1959.282494435771,2543.770010572427,97.8607228555086,72.23678118821238,267.20027132328073,6.76597235178493,1265,-3.0000964696538857,-3.0397999556868434
6876,290.965,11.906492792980035,2540.914914253874,165.87978226769732,1959.2866500862085,2543.769889599796,97.86067545697749,72.23521654136269,267.13645541679404,6.766172745350665,1265,-3.0000964837750357,-3.0393974608333987
6877,290.97499999999997,11.906818938741191,2540.914727182969,165.8783483254932,1959.2908056525825,2543.7697686265706,97.86062805835773,72.23365202627473,267.072640892561,6.766373134575198,1265,-3.000096497896561,-3.038994975304327
6878,290.985,11.907145088576229,2540.9145401090154,165.87691495132358,1959.2949611348993,2543.769647652753,97.86058065964936,72.23208764290617,267.00882775046523,6.7665735194588965,1265,-3.0000965120184606,-3.0385924990927005
6879,290.995,11.90747124248613,2540.9143530320116,165.87548214515868,1959.2991165331675,2543.7695266783417,97.86053326085234,72.23052339121467,266.9450159903902,6.766773900002124,1265,-3.0000965261407364,-3.0381900321916073
6880,291.005,11.907797400471775,2540.9141659519555,165.87404990679954,1959.303271847394,2543.7694057033373,97.86048586196668,72.22895927115796,266.8812056122194,6.766974276205247,1265,-3.0000965402633883,-3.0377875745941134
6881,291.015,11.908123562534083,2540.9139788688476,165.87261823615472,1959.3074270775853,2543.769284727741,97.8604384629924,72.22739528269373,266.81739661583646,6.767174648068632,1265,-3.0000965543864155,-3.0373851262933234
6882,291.025,11.90844972867402,2540.9137917826833,165.87118713309496,1959.3115822237492,2543.7691637515495,97.8603910639295,72.22583142577967,266.7535890011251,6.767375015592643,1265,-3.0000965685098198,-3.036982687282315
6883,291.03499999999997,11.908775898892422,2540.9136046934645,165.86975659747748,1959.315737285892,2543.7690427747666,97.86034366477796,72.22426770037352,266.6897827679688,6.767575378777646,1265,-3.0000965826336006,-3.0365802575541516
6884,291.04499999999996,11.909102073190281,2540.9134176011894,165.86832662923453,1959.319892264022,2543.7689217973902,97.8602962655378,72.222704106433,266.62597791625143,6.767775737624006,1265,-3.0000965967577575,-3.036177837101936
6885,291.055,11.909428251568553,2540.913230505855,165.8668972281919,1959.3240471581464,2543.7688008194204,97.86024886620902,72.22114064391585,266.56217444585667,6.767976092132086,1265,-3.0000966108822915,-3.035775425918748
6886,291.065,11.90975443402809,2540.9130434074623,165.86546839420689,1959.328201968272,2543.768679840858,97.86020146679162,72.21957731277982,266.4983723566683,6.768176442302254,1265,-3.000096625007203,-3.035373023997657
6887,291.075,11.910080620569854,2540.912856306009,165.8640401271929,1959.3323566944055,2543.7685588617032,97.8601540672856,72.21801411298267,266.43457164857017,6.768376788134873,1265,-3.000096639132492,-3.0349706313317677
6888,291.085,11.910406811194807,2540.9126692014943,165.8626124270298,1959.336511336555,2543.768437881956,97.86010666769099,72.21645104448217,266.3707723214461,6.768577129630309,1265,-3.0000966532581574,-3.0345682479141423
6889,291.09499999999997,11.910733005903847,2540.912482093915,165.86118529358112,1959.3406658947267,2543.768316901615,97.86005926800773,72.21488810723608,266.30697437518,6.768777466788924,1265,-3.0000966673842018,-3.03416587373787
6890,291.105,11.911059204697928,2540.9122949832717,165.85975872670193,1959.3448203689284,2543.768195920682,97.86001186823587,72.21332530120222,266.2431778096558,6.768977799611085,1265,-3.000096681510623,-3.0337635087960306
6891,291.115,11.911385407578008,2540.9121078695625,165.85833272630092,1959.3489747591675,2543.7680749391548,97.85996446837541,72.21176262633834,266.17938262475747,6.769178128097154,1265,-3.0000966956374233,-3.033361153081711
6892,291.125,11.911711614545,2540.9119207527865,165.8569072922418,1959.3531290654507,2543.767953957036,97.85991706842631,72.21020008260227,266.115588820369,6.769378452247497,1265,-3.0000967097646023,-3.0329588065879935
6893,291.135,11.912037825599842,2540.9117336329427,165.855482424414,1959.3572832877849,2543.7678329743253,97.85986966838863,72.20863766995183,266.0517963963744,6.769578772062477,1265,-3.000096723892159,-3.0325564693079587
6894,291.145,11.912364040743483,2540.911546510029,165.85405812264236,1959.361437426178,2543.767711991021,97.85982226826233,72.20707538834483,265.9880053526578,6.769779087542458,1265,-3.000096738020095,-3.032154141234679
6895,291.155,11.912690259976898,2540.911359384043,165.85263438687127,1959.3655914806372,2543.7675910071234,97.85977486804744,72.20551323773911,265.9242156891033,6.769979398687805,1265,-3.0000967521484103,-3.031751822361258
6896,291.16499999999996,11.913016483301028,2540.9111722549865,165.8512112169149,1959.3697454511687,2543.767470022635,97.85972746774392,72.20395121809253,265.8604274055951,6.77017970549888,1265,-3.000096766277105,-3.031349512680761
6897,291.17499999999995,11.913342710716798,2540.9109851228573,165.84978861272168,1959.3738993377813,2543.7673490375537,97.85968006735183,72.20238932936289,265.7966405020173,6.770380007976048,1265,-3.000096780406179,-3.030947212186278
6898,291.185,11.913668942225199,2540.910797987651,165.84836657407465,1959.3780531404805,2543.7672280518786,97.85963266687112,72.20082757150809,265.7328549782541,6.770580306119671,1265,-3.000096794535633,-3.0305449208708923
6899,291.195,11.91399517782713,2540.910610849371,165.84694510093024,1959.3822068592738,2543.7671070656124,97.85958526630183,72.19926594448599,265.66907083418994,6.770780599930113,1265,-3.0000968086654667,-3.030142638727679
6900,291.205,11.914321417523599,2540.910423708012,165.8455241931516,1959.3863604941691,2543.766986078753,97.85953786564394,72.19770444825448,265.605288069709,6.7709808894077375,1265,-3.000096822795681,-3.0297403657497273
6901,291.215,11.914647661315552,2540.910236563575,165.84410385058197,1959.3905140451727,2543.766865091301,97.85949046489745,72.19614308277146,265.5415066846956,6.771181174552907,1265,-3.000096836926275,-3.029338101930115
6902,291.22499999999997,11.91497390920392,2540.910049416059,165.84268407310273,1959.3946675122918,2543.7667441032577,97.85944306406238,72.19458184799478,265.4777266790342,6.771381455365986,1265,-3.0000968510572497,-3.028935847261918
6903,291.235,11.915300161189705,2540.9098622654615,165.84126486062084,1959.3988208955352,2543.766623114622,97.8593956631387,72.19302074388239,265.41394805260916,6.771581731847335,1265,-3.0000968651886057,-3.0285336017382285
6904,291.245,11.915626417273838,2540.909675111781,165.83984621299277,1959.4029741949078,2543.766502125393,97.85934826212645,72.19145977039219,265.3501708053049,6.771782003997318,1265,-3.000096879320343,-3.0281313653521256
6905,291.255,11.915952677457312,2540.909487955017,165.83842813009394,1959.407127410418,2543.766381135572,97.8593008610256,72.18989892748212,265.286394937006,6.771982271816299,1265,-3.0000968934524606,-3.0277291380966966
6906,291.265,11.91627894174109,2540.9093007951683,165.83701061177777,1959.4112805420734,2543.7662601451593,97.85925345983618,72.18833821511008,265.2226204475969,6.772182535304637,1265,-3.00009690758496,-3.027326919965018
6907,291.275,11.916605210126132,2540.909113632234,165.83559365798865,1959.4154335898795,2543.766139154154,97.85920605855817,72.18677763323406,265.1588473369622,6.772382794462698,1265,-3.000096921717842,-3.026924710950165
6908,291.28499999999997,11.916931482613387,2540.908926466211,165.8341772685524,1959.4195865538436,2543.766018162556,97.85915865719159,72.18521718181199,265.0950756049865,6.772583049290843,1265,-3.000096935851105,-3.0265225110452345
6909,291.29499999999996,11.917257759203869,2540.9087392971,165.83276144334218,1959.4237394339743,2543.765897170367,97.85911125573641,72.18365686080185,265.0313052515544,6.772783299789434,1265,-3.000096949984751,-3.0261203202432996
6910,291.305,11.91758403989854,2540.9085521248976,165.83134618227044,1959.4278922302785,2543.7657761775845,97.85906385419267,72.1820966701616,264.9675362765507,6.772983545958833,1265,-3.0000969641187787,-3.0257181385374396
6911,291.315,11.917910324698376,2540.9083649496047,165.82993148517596,1959.432044942762,2543.7656551842106,97.85901645256034,72.18053660984921,264.9037686798599,6.773183787799401,1265,-3.000096978253189,-3.0253159659207505
6912,291.325,11.918236613604359,2540.908177771219,165.82851735193114,1959.4361975714326,2543.7655341902446,97.85896905083945,72.17897667982268,264.8400024613669,6.773384025311501,1265,-3.0000969923879826,-3.0249138023862914
6913,291.335,11.918562906617437,2540.9079905897397,165.8271037824717,1959.4403501162983,2543.7654131956874,97.85892164902998,72.17741688004003,264.7762376209565,6.773584258495496,1265,-3.000097006523159,-3.0245116479271594
6914,291.34499999999997,11.918889203738647,2540.907803405165,165.82569077660764,1959.4445025773657,2543.7652922005373,97.85887424713195,72.17585721045926,264.7124741585135,6.773784487351745,1265,-3.000097020658719,-3.024109502536445
6915,291.355,11.919215504968935,2540.9076162174947,165.8242783342878,1959.448654954641,2543.765171204796,97.85882684514533,72.17429767103836,264.6487120739227,6.77398471188061,1265,-3.0000970347946625,-3.0237073662072063
6916,291.365,11.919541810309296,2540.907429026726,165.82286645529763,1959.4528072481319,2543.765050208462,97.85877944307015,72.17273826173539,264.584951367069,6.774184932082453,1265,-3.0000970489309897,-3.02330523893254
6917,291.375,11.919868119760741,2540.9072418328587,165.82145513961004,1959.456959457846,2543.7649292115375,97.85873204090642,72.17117898250838,264.5211920378374,6.774385147957635,1265,-3.0000970630677,-3.0229031207055255
6918,291.385,11.920194433324216,2540.9070546358907,165.8200443869854,1959.4611115837895,2543.76480821402,97.85868463865411,72.1696198333154,264.4574340861128,6.774585359506519,1265,-3.0000970772047952,-3.0225010115192483
6919,291.395,11.92052075100078,2540.90686743582,165.81863419741654,1959.4652636259711,2543.76468721591,97.85863723631326,72.16806081411445,264.3936775117803,6.774785566729462,1265,-3.0000970913422753,-3.022098911366785
6920,291.405,11.920847072791336,2540.906680232647,165.81722457074991,1959.4694155843963,2543.7645662172085,97.85858983388383,72.16650192486364,264.32992231472485,6.774985769626829,1265,-3.0000971054801395,-3.0216968202412153
6921,291.41499999999996,11.921173398696949,2540.906493026371,165.81581550681352,1959.4735674590725,2543.7644452179165,97.85854243136585,72.16494316552104,264.2661684948316,6.775185968198978,1265,-3.0000971196183888,-3.0212947381356274
6922,291.42499999999995,11.921499728718603,2540.906305816989,165.81440700553466,1959.477719250007,2543.7643242180325,97.85849502875931,72.16338453604472,264.20241605198567,6.77538616244627,1265,-3.000097133757022,-3.0208926650430934
6923,291.435,11.92182606285729,2540.9061186045,165.81299906679635,1959.481870957208,2543.7642032175563,97.85844762606422,72.16182603639278,264.1386649860722,6.775586352369067,1265,-3.0000971478960414,-3.02049060095671
6924,291.445,11.922152401114019,2540.9059313889034,165.81159169047888,1959.4860225806801,2543.764082216488,97.85840022328057,72.16026766652332,264.07491529697626,6.775786537967729,1265,-3.000097162035446,-3.0200885458695406
6925,291.455,11.92247874348976,2540.9057441701975,165.81018487637812,1959.490174120433,2543.7639612148296,97.85835282040838,72.15870942639447,264.01116698458327,6.775986719242615,1265,-3.0000971761752364,-3.0196864997746835
6926,291.465,11.922805089985564,2540.90555694838,165.80877862447653,1959.4943255764717,2543.763840212578,97.85830541744764,72.15715131596433,263.9474200487784,6.776186896194086,1265,-3.0000971903154126,-3.0192844626652144
6927,291.47499999999997,11.923131440602411,2540.9053697234517,165.8073729345783,1959.498476948805,2543.763719209736,97.85825801439834,72.15559333519103,263.883674489447,6.776387068822503,1265,-3.000097204455975,-3.018882434534207
6928,291.485,11.923457795341312,2540.9051824954095,165.80596780660102,1959.5026282374383,2543.7635982063016,97.85821061126052,72.1540354840327,263.81993030647436,6.776587237128224,1265,-3.000097218596924,-3.018480415374757
6929,291.495,11.923784154203284,2540.904995264254,165.80456324039474,1959.506779442381,2543.7634772022766,97.85816320803414,72.15247776244753,263.7561874997459,6.77678740111161,1265,-3.0000972327382596,-3.018078405179927
6930,291.505,11.924110517189348,2540.9048080299826,165.8031592358762,1959.5109305636374,2543.7633561976604,97.85811580471922,72.15092017039365,263.6924460691471,6.776987560773021,1265,-3.0000972468799816,-3.0176764039428146
6931,291.515,11.924436884300503,2540.9046207925926,165.80175579290633,1959.5150816012165,2543.763235192451,97.85806840131576,72.14936270782923,263.6287060145632,6.777187716112816,1265,-3.0000972610220913,-3.0172744116565022
6932,291.525,11.924763255537767,2540.9044335520875,165.80035291131378,1959.5192325551252,2543.7631141866527,97.85802099782377,72.14780537471245,263.5649673358799,6.777387867131354,1265,-3.000097275164588,-3.0168724283140564
6933,291.53499999999997,11.92508963090218,2540.9042463084606,165.7989505910637,1959.5233834253695,2543.7629931802617,97.85797359424323,72.14624817100147,263.5012300329826,6.777588013828996,1265,-3.000097289307472,-3.0164704539085667
6934,291.54499999999996,11.925416010394729,2540.9040590617124,165.7975488319867,1959.5275342119587,2543.7628721732794,97.85792619057418,72.14469109665453,263.43749410575697,6.777788156206101,1265,-3.0000973034507434,-3.016068488433124
6935,291.555,11.925742394016464,2540.903871811844,165.79614763398013,1959.5316849148974,2543.762751165706,97.85787878681657,72.1431341516298,263.37375955408856,6.777988294263026,1265,-3.0000973175944035,-3.0156665318807927
6936,291.565,11.926068781768398,2540.9036845588507,165.7947469968798,1959.5358355341934,2543.762630157541,97.85783138297045,72.14157733588551,263.310026377863,6.778188428000132,1265,-3.0000973317384516,-3.015264584244661
6937,291.575,11.926395173651525,2540.903497302733,165.79334692061764,1959.539986069854,2543.7625091487844,97.85778397903579,72.14002064937986,263.2462945769659,6.778388557417777,1265,-3.0000973458828875,-3.014862645517817
6938,291.585,11.926721569666935,2540.9033100434895,165.79194740503598,1959.5441365218865,2543.762388139438,97.8577365750126,72.1384640920711,263.1825641512831,6.778588682516322,1265,-3.0000973600277123,-3.014460715693328
6939,291.59499999999997,11.927047969815606,2540.9031227811197,165.79054845002116,1959.5482868902982,2543.7622671295003,97.85768917090088,72.13690766391748,263.11883510070027,6.778788803296122,1265,-3.000097374172926,-3.0140587947642845
6940,291.605,11.927374374098585,2540.902935515619,165.78915005544542,1959.5524371750946,2543.76214611897,97.85764176670064,72.13535136487724,263.0551074251032,6.778988919757538,1265,-3.0000973883185287,-3.013656882723763
6941,291.615,11.927700782516931,2540.902748246991,165.78775222122295,1959.5565873762853,2543.76202510785,97.85759436241189,72.13379519490863,262.9913811243777,6.779189031900928,1265,-3.00009740246452,-3.013254979564854
6942,291.625,11.928027195071621,2540.9025609752307,165.78635494721348,1959.5607374938747,2543.761904096138,97.85754695803462,72.13223915396993,262.92765619840975,6.779389139726649,1265,-3.0000974166109016,-3.0128530852806263
6943,291.635,11.928353611763741,2540.902373700339,165.78495823328353,1959.5648875278716,2543.7617830838362,97.8574995535688,72.1306832420194,262.8639326470851,6.779589243235062,1265,-3.0000974307576724,-3.0124511998641714
6944,291.645,11.928680032594329,2540.902186422313,165.78356207927163,1959.569037478282,2543.761662070943,97.85745214901449,72.12912745901535,262.8002104702897,6.779789342426523,1265,-3.000097444904833,-3.0120493233085552
6945,291.655,11.929006457564382,2540.901999141151,165.7821664851584,1959.5731873451139,2543.761541057458,97.85740474437166,72.12757180491607,262.73648966790955,6.779989437301391,1265,-3.000097459052384,-3.011647455606877
6946,291.66499999999996,11.929332886674993,2540.901811856855,165.7807714507544,1959.5773371283742,2543.7614200433836,97.85735733964033,72.12601627967985,262.6727702398307,6.780189527860022,1265,-3.0000974732003254,-3.011245596752209
6947,291.67499999999995,11.929659319927193,2540.90162456942,165.7793769759429,1959.58148682807,2543.761299028717,97.85730993482046,72.12446088326502,262.6090521859391,6.780389614102777,1265,-3.000097487348658,-3.010843746737627
6948,291.685,11.929985757322001,2540.9014372788465,165.77798306063008,1959.585636444207,2543.7611780134603,97.8572625299121,72.12290561562989,262.5453355061209,6.7805896960300105,1265,-3.0000975014973807,-3.010441905556217
6949,291.695,11.930312198860491,2540.901249985133,165.77658970462193,1959.5897859767936,2543.7610569976127,97.85721512491523,72.1213504767328,262.48162020026217,6.7807897736420815,1265,-3.0000975156464946,-3.010040073201071
6950,291.705,11.930638644543698,2540.9010626882778,165.77519690791732,1959.5939354258364,2543.7609359811736,97.85716771982985,72.11979546653208,262.41790626824917,6.780989846939348,1265,-3.0000975297959993,-3.0096382496652416
6951,291.715,11.930965094372699,2540.900875388281,165.77380467026495,1959.5980847913431,2543.760814964145,97.85712031465597,72.11824058498611,262.35419370996794,6.781189915922166,1265,-3.000097543945896,-3.009236434941836
6952,291.72499999999997,11.931291548348517,2540.900688085139,165.77241299168122,1959.6022340733198,2543.7606939465245,97.85707290939358,72.11668583205322,262.2904825253048,6.781389980590893,1265,-3.000097558096184,-3.008834629023922
6953,291.735,11.93161800647221,2540.9005007788523,165.77102187192088,1959.606383271774,2543.7605729283136,97.8570255040427,72.1151312076918,262.22677271414597,6.781590040945886,1265,-3.000097572246864,-3.00843283190458
6954,291.745,11.931944468744838,2540.90031346942,165.7696313109277,1959.6105323867112,2543.760451909513,97.85697809860332,72.1135767118602,262.1630642763778,6.7817900969875025,1265,-3.0000975863979362,-3.008031043576894
6955,291.755,11.9322709351675,2540.9001261568396,165.76824130861297,1959.614681418141,2543.760330890121,97.85693069307544,72.11202234451684,262.09935721188657,6.781990148716099,1265,-3.000097600549401,-3.0076292640339504
6956,291.765,11.932597405741191,2540.8999388411094,165.76685186475385,1959.61883036607,2543.7602098701386,97.85688328745906,72.11046810562011,262.0356515205587,6.7821901961320314,1265,-3.0000976147012577,-3.007227493268827
6957,291.775,11.932923880467026,2540.899751522229,165.76546297933945,1959.6229792305032,2543.760088849565,97.8568358817542,72.10891399512839,261.9719472022806,6.782390239235658,1265,-3.0000976288535077,-3.00682573127459
6958,291.78499999999997,11.933250359346044,2540.8995642001973,165.7640746521548,1959.6271280114488,2543.759967828402,97.85678847596083,72.10736001300012,261.9082442569387,6.7825902780273335,1265,-3.0000976430061503,-3.0064239780443347
6959,291.79499999999996,11.933576842379313,2540.899376875011,165.7626868831114,1959.631276708915,2543.7598468066462,97.85674107007898,72.1058061591937,261.84454268441954,6.782790312507416,1265,-3.000097657159187,-3.006022233571139
6960,291.805,11.9339033295679,2540.8991895466734,165.76129967213382,1959.6354253229072,2543.7597257843036,97.85669366410863,72.1042524336676,261.78084248460954,6.7829903426762606,1265,-3.0000976713126164,-3.005620497848082
6961,291.815,11.934229820912885,2540.8990022151784,165.75991301907285,1959.6395738534325,2543.759604761368,97.8566462580498,72.10269883638021,261.71714365739535,6.783190368534223,1265,-3.0000976854664403,-3.005218770868243
6962,291.825,11.934556316415334,2540.8988148805274,165.75852692379092,1959.6437223004991,2543.759483737843,97.8565988519025,72.10114536729004,261.6534462026635,6.783390390081661,1265,-3.000097699620657,-3.004817052624701
6963,291.835,11.934882816076339,2540.8986275427187,165.75714138616524,1959.647870664113,2543.7593627137276,97.85655144566671,72.09959202635551,261.5897501203006,6.783590407318929,1265,-3.0000977137752685,-3.0044153431105265
6964,291.84499999999997,11.935209319896918,2540.898440201749,165.75575640614613,1959.652018944281,2543.75924168902,97.85650403934244,72.09803881353508,261.5260554101934,6.783790420246383,1265,-3.0000977279302745,-3.0040136423188346
6965,291.855,11.935535827878216,2540.89825285762,165.75437198352847,1959.656167141011,2543.7591206637244,97.85645663292969,72.09648572878726,261.4623620722286,6.78399042886438,1265,-3.000097742085675,-3.0036119502426577
6966,291.865,11.93586234002127,2540.8980655103287,165.7529881181957,1959.6603152543096,2543.758999637838,97.85640922642845,72.09493277207052,261.39867010629285,6.784190433173274,1265,-3.0000977562414706,-3.003210266875117
6967,291.875,11.936188856327195,2540.8978781598744,165.7516048100746,1959.664463284183,2543.7588786113615,97.85636181983874,72.09337994334336,261.33497951227304,6.78439043317342,1265,-3.0000977703976606,-3.002808592209265
6968,291.885,11.936515376797043,2540.8976908062555,165.7502220590211,1959.66861123064,2543.758757584294,97.85631441316056,72.09182724256429,261.2712902900559,6.784590428865175,1265,-3.000097784554246,-3.002406926238202
6969,291.895,11.93684190143191,2540.8975034494715,165.74883986497505,1959.6727590936855,2543.7586365566376,97.8562670063939,72.09027466969182,261.20760243952833,6.784790420248894,1265,-3.0000977987112267,-3.002005268954988
6970,291.905,11.937168430232886,2540.897316089519,165.7474582276845,1959.6769068733288,2543.758515528389,97.85621959953879,72.08872222468447,261.1439159605772,6.784990407324931,1265,-3.0000978128686033,-3.0016036203527205
6971,291.91499999999996,11.937494963201026,2540.8971287264,165.74607714712266,1959.6810545695746,2543.758394499553,97.85617219259521,72.08716990750078,261.08023085308946,6.785190390093641,1265,-3.0000978270263756,-3.0012019804244616
6972,291.92499999999995,11.937821500337472,2540.8969413601108,165.7446966231877,1959.6852021824304,2543.758273470126,97.85612478556315,72.08561771809927,261.01654711695204,6.785390368555379,1265,-3.000097841184545,-3.0008003491633017
6973,291.935,11.938148041643307,2540.89675399065,165.7433166556823,1959.689349711905,2543.758152440108,97.85607737844262,72.08406565643853,260.952864752052,6.785590342710501,1265,-3.00009785534311,-3.000398726562324
6974,291.945,11.938474587119616,2540.8965666180165,165.74193724458104,1959.6934971580029,2543.7580314095003,97.85602997123364,72.08251372247707,260.8891837582763,6.78579031255936,1265,-3.0000978695020715,-2.999997112614606
6975,291.955,11.93880113676746,2540.896379242211,165.74055838970406,1959.6976445207333,2543.757910378303,97.85598256393618,72.08096191617351,260.825504135512,6.785990278102312,1265,-3.00009788366143,-2.9995955073132183
6976,291.965,11.939127690587991,2540.8961918632303,165.73918009090465,1959.7017918001013,2543.757789346517,97.85593515655027,72.07941023748639,260.7618258836463,6.78619023933971,1265,-3.000097897821185,-2.999193910651248
6977,291.97499999999997,11.939454248582276,2540.896004481074,165.73780234812943,1959.7059389961148,2543.75766831414,97.8558877490759,72.07785868637431,260.6981490025663,6.78639019627191,1265,-3.000097911981338,-2.998792322621775
6978,291.985,11.939780810751431,2540.89581709574,165.7364251612143,1959.710086108781,2543.7575472811727,97.8558403415131,72.07630726279588,260.6344734921592,6.786590148899264,1265,-3.000097926141888,-2.9983907432178816
6979,291.995,11.940107377096535,2540.8956297072264,165.7350485300774,1959.7142331381062,2543.757426247616,97.85579293386182,72.07475596670969,260.5707993523121,6.786790097222128,1265,-3.000097940302836,-2.9979891724326446
6980,292.005,11.940433947618738,2540.895442315532,165.733672454567,1959.7183800840971,2543.757305213468,97.85574552612208,72.07320479807433,260.5071265829124,6.786990041240855,1265,-3.0000979544641817,-2.997587610259142
6981,292.015,11.940760522319088,2540.8952549206597,165.73229693460019,1959.7225269467622,2543.757184178733,97.8556981182939,72.07165375684846,260.44345518384733,6.787189980955799,1265,-3.000097968625926,-2.9971860566904405
6982,292.025,11.941087101198741,2540.8950675226033,165.73092196998448,1959.7266737261073,2543.7570631434073,97.85565071037729,72.0701028429907,260.37978515500424,6.787389916367314,1265,-3.000097982788068,-2.996784511719644
6983,292.03499999999997,11.941413684258805,2540.894880121362,165.72954756067924,1959.7308204221404,2543.7569421074904,97.8556033023722,72.06855205645971,260.3161164962705,6.787589847475752,1265,-3.0000979969506094,-2.996382975339821
6984,292.04499999999996,11.941740271500358,2540.894692716937,165.7281737065625,1959.734967034866,2543.7568210709856,97.8555558942787,72.0670013972141,260.25244920753346,6.787789774281469,1265,-3.0000980111135487,-2.9959814475440414
6985,292.055,11.94206686292453,2540.8945053093244,165.7268004074493,1959.7391135642938,2543.75670003389,97.85550848609672,72.06545086521255,260.1887832886806,6.787989696784817,1265,-3.0000980252768876,-2.9955799283254056
6986,292.065,11.942393458532466,2540.894317898525,165.7254276632387,1959.7432600104294,2543.7565789962055,97.8554610778263,72.06390046041372,260.12511873959943,6.78818961498615,1265,-3.000098039440626,-2.995178417676972
6987,292.075,11.942720058325232,2540.894130484537,165.72405547388578,1959.7474063732795,2543.756457957931,97.85541366946747,72.0623501827763,260.0614555601774,6.788389528885821,1265,-3.0000980536047632,-2.9947769155918227
6988,292.085,11.943046662303999,2540.893943067358,165.7226838392133,1959.7515526528518,2543.7563369190675,97.85536626102017,72.06080003225897,259.99779375030204,6.788589438484181,1265,-3.0000980677693003,-2.9943754220630368
6989,292.09499999999997,11.94337327046984,2540.893755646988,165.7213127590934,1959.7556988491529,2543.7562158796145,97.85531885248446,72.05925000882041,259.934133309861,6.788789343781587,1265,-3.0000980819342375,-2.993973937083698
6990,292.105,11.943699882823916,2540.8935682234255,165.71994223339033,1959.7598449621905,2543.7560948395717,97.85527144386029,72.05770011241934,259.87047423874185,6.788989244778387,1265,-3.0000980960995745,-2.9935724606468956
6991,292.115,11.94402649936734,2540.893380796668,165.7185722620849,1959.76399099197,2543.755973798939,97.8552240351477,72.05615034301448,259.8068165368323,6.789189141474937,1265,-3.0000981102653124,-2.993170992745693
6992,292.125,11.944353120101237,2540.893193366717,165.71720284494853,1959.7681369384995,2543.755852757718,97.85517662634669,72.05460070056452,259.74316020402,6.789389033871589,1265,-3.000098124431451,-2.9927695333731688
6993,292.135,11.944679745026718,2540.893005933567,165.71583398191493,1959.7722828017857,2543.7557317159067,97.85512921745723,72.05305118502824,259.67950524019267,6.7895889219686945,1265,-3.00009813859799,-2.9923680825224053
6994,292.145,11.945006374144947,2540.8928184972197,165.71446567285167,1959.7764285818353,2543.7556106735055,97.85508180847935,72.05150179636433,259.6158516452381,6.789788805766605,1265,-3.000098152764931,-2.991966640186492
6995,292.155,11.945333007457036,2540.892631057673,165.7130979176364,1959.7805742786556,2543.755489630516,97.85503439941306,72.04995253453157,259.5521994190441,6.789988685265676,1265,-3.0000981669322724,-2.991565206358485
6996,292.16499999999996,11.945659644964143,2540.8924436149264,165.71173071616298,1959.784719892254,2543.755368586937,97.85498699025833,72.04840339948869,259.4885485614985,6.790188560466257,1265,-3.000098181100015,-2.991163781031478
6997,292.17499999999995,11.945986286667349,2540.8922561689774,165.71036406834426,1959.7888654226356,2543.7552475427683,97.85493958101517,72.0468543911945,259.42489907248915,6.790388431368701,1265,-3.00009819526816,-2.9907623641985572
6998,292.185,11.946312932567869,2540.8920687198265,165.70899797398926,1959.7930108698092,2543.7551264980116,97.8548921716836,72.04530550960774,259.36125095190397,6.790588297973359,1265,-3.000098209436706,-2.9903609558527724
6999,292.195,11.94663958266676,2540.89188126747,165.70763243305268,1959.7971562337805,2543.755005452665,97.85484476226361,72.04375675468721,259.297604199631,6.790788160280584,1265,-3.0000982236056553,-2.9899595559872316
7000,292.205,11.946966236965208,2540.8916938119078,165.7062674453357,1959.8013015145573,2543.754884406729,97.85479735275521,72.0422081263917,259.2339588155581,6.790988018290727,1265,-3.0000982377750067,-2.9895581645950045
7001,292.215,11.947292895464367,2540.8915063531385,165.70490301079354,1959.8054467121453,2543.7547633602035,97.8547499431584,72.04065962467999,259.1703147995733,6.79118787200414,1265,-3.0000982519447605,-2.9891567816691613
7002,292.22499999999997,11.947619558165362,2540.891318891162,165.70353912927507,1959.809591826553,2543.7546423130902,97.85470253347316,72.03911124951092,259.10667215156474,6.791387721421173,1265,-3.000098266114917,-2.988755407202781
7003,292.235,11.94794622506933,2540.8911314259744,165.70217580068868,1959.8137368577866,2543.7545212653863,97.8546551236995,72.03756300084329,259.0430308714205,6.791587566542179,1265,-3.0000982802854765,-2.9883540411889484
7004,292.245,11.948272896177457,2540.890943957577,165.70081302485235,1959.817881805854,2543.754400217094,97.85460771383745,72.03601487863595,258.97939095902865,6.791787407367508,1265,-3.00009829445644,-2.9879526836207355
7005,292.255,11.948599571490853,2540.8907564859674,165.69945080174045,1959.8220266707592,2543.7542791682135,97.85456030388698,72.03446688284774,258.9157524142774,6.791987243897511,1265,-3.0000983086278064,-2.987551334491232
7006,292.265,11.948926251010695,2540.8905690111446,165.69808913115395,1959.8261714525113,2543.754158118744,97.8545128938481,72.03291901343748,258.85211523705493,6.7921870761325405,1265,-3.000098322799577,-2.987149993793501
7007,292.275,11.949252934738128,2540.8903815331073,165.69672801301908,1959.830316151118,2543.754037068685,97.85446548372083,72.03137127036403,258.78847942724946,6.792386904072946,1265,-3.0000983369717513,-2.9867486615206285
7008,292.28499999999997,11.949579622674333,2540.8901940518535,165.69536744721512,1959.8344607665842,2543.7539160180377,97.85441807350514,72.02982365358629,258.7248449847493,6.792586727719079,1265,-3.00009835114433,-2.986347337665681
7009,292.29499999999996,11.949906314820415,2540.8900065673834,165.69400743359262,1959.8386052989188,2543.7537949668017,97.85437066320107,72.0282761630631,258.66121190944284,6.79278654707129,1265,-3.000098365317313,-2.9859460222217606
7010,292.305,11.950233011177575,2540.8898190796926,165.6926479720985,1959.8427497481268,2543.7536739149755,97.8543232528086,72.02672879875334,258.5975802012183,6.792986362129929,1265,-3.0000983794907006,-2.985544715181922
7011,292.315,11.950559711746951,2540.889631588784,165.69128906253513,1959.846894114215,2543.7535528625617,97.85427584232772,72.02518156061592,258.53394985996414,6.793186172895346,1265,-3.000098393664493,-2.9851434165392488
7012,292.325,11.95088641652974,2540.8894440946538,165.6899307048179,1959.851038397193,2543.7534318095595,97.85422843175844,72.02363444860973,258.47032088556875,6.793385979367893,1265,-3.0000984078386908,-2.9847421262868266
7013,292.335,11.951213125527062,2540.8892565972988,165.68857289886245,1959.8551825970642,2543.753310755966,97.85418102110079,72.02208746269368,258.40669327792057,6.793585781547919,1265,-3.0000984220132936,-2.984340844417738
7014,292.34499999999997,11.951539838740121,2540.8890690967223,165.68721564454222,1959.8593267138378,2543.753189701787,97.85413361035472,72.0205406028267,258.34306703690817,6.793785579435775,1265,-3.0000984361883023,-2.9839395709250285
7015,292.355,11.95186655617008,2540.8888815929213,165.68585894168223,1959.8634707475208,2543.753068647018,97.85408619952027,72.01899386896771,258.27944216241997,6.793985373031808,1265,-3.000098450363717,-2.983538305801804
7016,292.365,11.952193277818054,2540.888694085893,165.684502790202,1959.8676146981181,2543.7529475916604,97.85403878859744,72.01744726107563,258.2158186543446,6.794185162336371,1265,-3.000098464539537,-2.9831370490411304
7017,292.375,11.9525200036853,2540.8885065756367,165.68314719001174,1959.8717585656389,2543.7528265357137,97.8539913775862,72.01590077910943,258.15219651257075,6.794384947349813,1265,-3.0000984787157634,-2.9827358006360982
7018,292.385,11.952846733772947,2540.8883190621527,165.68179214099135,1959.8759023500884,2543.75270547918,97.8539439664866,72.01435442302805,258.0885757369869,6.794584728072483,1265,-3.0000984928923957,-2.982334560579774
7019,292.395,11.953173468082158,2540.888131545436,165.68043764296348,1959.8800460514733,2543.7525844220554,97.8538965552986,72.01280819279044,258.0249563274818,6.79478450450473,1265,-3.0000985070694353,-2.981933328865234
7020,292.405,11.953500206614171,2540.887944025489,165.67908369585152,1959.8841896698032,2543.7524633643434,97.85384914402223,72.0112620883556,257.96133828394414,6.794984276646905,1265,-3.000098521246882,-2.981532105485561
7021,292.41499999999996,11.95382694937008,2540.8877565023104,165.67773029955396,1959.8883332050818,2543.7523423060434,97.85380173265746,72.00971610968247,257.89772160626273,6.795184044499357,1265,-3.0000985354247356,-2.981130890433825
7022,292.42499999999995,11.954153696351138,2540.8875689758975,165.67637745394282,1959.8924766573168,2543.7522212471554,97.85375432120433,72.0081702567301,257.83410629432626,6.795383808062434,1265,-3.0000985496029964,-2.9807296837030983
7023,292.435,11.954480447558469,2540.8873814462486,165.67502515885758,1959.8966200265156,2543.7521001876776,97.85370690966283,72.00662452945743,257.77049234802365,6.795583567336485,1265,-3.0000985637816644,-2.9803284852864746
7024,292.445,11.954807202993305,2540.887193913363,165.67367341427573,1959.9007633126848,2543.7519791276122,97.85365949803294,72.00507892782349,257.7068797672437,6.79578332232186,1265,-3.0000985779607405,-2.9799272951770255
7025,292.455,11.955133962656834,2540.8870063772397,165.67232221998904,1959.9049065158322,2543.751858066959,97.85361208631468,72.00353345178729,257.6432685518753,6.795983073018907,1265,-3.000098592140225,-2.979526113367813
7026,292.465,11.955460726550216,2540.886818837877,165.67097157594392,1959.9090496359627,2543.751737005716,97.85356467450805,72.00198810130786,257.5796587018074,6.796182819427975,1265,-3.000098606320118,-2.979124939851927
7027,292.47499999999997,11.955787494674636,2540.8866312952746,165.6696214819637,1959.9131926730856,2543.751615943887,97.85351726261305,72.00044287634424,257.51605021692893,6.796382561549414,1265,-3.000098620500419,-2.978723774622444
7028,292.485,11.956114267031316,2540.8864437494285,165.66827193797226,1959.9173356272056,2543.751494881468,97.8534698506297,71.99889777685544,257.452443097129,6.796582299383569,1265,-3.000098634681129,-2.978322617672439
7029,292.495,11.956441043621432,2540.886256200341,165.66692294387428,1959.9214784983305,2543.7513738184616,97.85342243855796,71.99735280280055,257.3888373422965,6.796782032930791,1265,-3.000098648862247,-2.977921468994983
7030,292.505,11.956767824446196,2540.886068648008,165.66557449946524,1959.9256212864677,2543.7512527548656,97.85337502639786,71.99580795413863,257.32523295232056,6.796981762191428,1265,-3.000098663043775,-2.977520328583169
7031,292.515,11.957094609506772,2540.8858810924294,165.66422660475953,1959.9297639916226,2543.7511316906825,97.8533276141494,71.99426323082871,257.2616299270903,6.797181487165827,1265,-3.000098677225712,-2.9771191964300545
7032,292.525,11.957421398804394,2540.885693533605,165.6628792595232,1959.9339066138027,2543.751010625912,97.8532802018126,71.99271863282989,257.1980282664949,6.797381207854337,1265,-3.0000986914080583,-2.9767180725287163
7033,292.53499999999997,11.95774819234025,2540.88550597153,165.6615324636811,1959.9380491530158,2543.7508895605515,97.8532327893874,71.99117416010125,257.1344279704235,6.797580924257306,1265,-3.000098705590815,-2.976316956872243
7034,292.54499999999996,11.958074990115529,2540.8853184062086,165.6601862171298,1959.9421916092679,2543.750768494606,97.85318537687388,71.9896298126019,257.07082903876534,6.79778063637508,1265,-3.0000987197739817,-2.9759158494536933
7035,292.555,11.958401792131449,2540.885130837634,165.65884051973637,1959.946333982565,2543.75064742807,97.853137964272,71.98808559029095,257.0072314714096,6.79798034420801,1265,-3.000098733957559,-2.975514750266164
7036,292.565,11.958728598389227,2540.884943265806,165.6574953713978,1959.950476272915,2543.7505263609455,97.85309055158176,71.98654149312748,256.9436352682457,6.79818004775644,1265,-3.0000987481415464,-2.975113659302738
7037,292.575,11.959055408890041,2540.8847556907263,165.65615077199922,1959.9546184803248,2543.750405293234,97.85304313880316,71.98499752107064,256.8800404291629,6.79837974702072,1265,-3.000098762325944,-2.974712576556453
7038,292.585,11.959382223635137,2540.884568112393,165.65480672145324,1959.9587606048008,2543.750284224936,97.85299572593622,71.98345367407953,256.81644695405055,6.798579442001197,1265,-3.0000987765107534,-2.9743115020204103
7039,292.59499999999997,11.959709042625697,2540.884380530801,165.65346321955914,1959.9629026463506,2543.750163156048,97.85294831298094,71.98190995211331,256.75285484279806,6.798779132698216,1265,-3.0000987906959735,-2.9739104356876847
7040,292.605,11.960035865862958,2540.8841929459536,165.6521202662339,1959.9670446049793,2543.7500420865736,97.8529008999373,71.98036635513114,256.6892640952949,6.798978819112126,1265,-3.0000988048816053,-2.973509377551346
7041,292.615,11.960362693348126,2540.884005357848,165.65077786141904,1959.971186480696,2543.749921016511,97.85285348680532,71.97882288309215,256.62567471143046,6.799178501243274,1265,-3.000098819067648,-2.9731083276044687
7042,292.625,11.960689525082408,2540.8838177664807,165.64943600496758,1959.975328273505,2543.7497999458606,97.85280607358499,71.9772795359555,256.56208669109435,6.799378179092006,1265,-3.0000988332541034,-2.97270728584014
7043,292.635,11.961016361067013,2540.883630171852,165.64809469673074,1959.9794699834163,2543.7496788746216,97.85275866027632,71.9757363136804,256.49850003417606,6.79957785265867,1265,-3.0000988474409707,-2.9723062522514287
7044,292.645,11.961343201303206,2540.883442573962,165.6467539366211,1959.9836116104334,2543.7495578027956,97.85271124687932,71.97419321622601,256.43491474056515,6.799777521943612,1265,-3.0000988616282505,-2.9719052268313946
7045,292.655,11.96167004579217,2540.883254972807,165.6454137245063,1959.9877531545649,2543.749436730382,97.85266383339398,71.97265024355154,256.3713308101513,6.799977186947178,1265,-3.0000988758159424,-2.971504209573149
7046,292.66499999999996,11.961996894535167,2540.8830673683874,165.64407406032927,1959.9918946158184,2543.7493156573796,97.8526164198203,71.97110739561616,256.30774824282406,6.800176847669715,1265,-3.0000988900040473,-2.9711032004697335
7047,292.67499999999995,11.96232374753337,2540.8828797607016,165.64273494389553,1959.9960359941986,2543.749194583791,97.85256900615829,71.9695646723791,256.2441670384733,6.800376504111569,1265,-3.000098904192565,-2.970702199514238
7048,292.685,11.96265060478806,2540.8826921497475,165.64139637509325,1960.0001772897137,2543.7490735096135,97.85252159240795,71.96802207379956,256.18058719698854,6.800576156273087,1265,-3.0000989183814966,-2.970301206699732
7049,292.695,11.962977466300407,2540.8825045355256,165.64005835388463,1960.0043185023694,2543.7489524348503,97.85247417856927,71.96647959983677,256.1170087182596,6.800775804154615,1265,-3.0000989325708414,-2.9699002220192883
7050,292.705,11.96330433207171,2540.8823169180328,165.63872088007463,1960.0084596321744,2543.748831359498,97.85242676464226,71.96493725044999,256.05343160217643,6.800975447756497,1265,-3.000098946760599,-2.969499245466
7051,292.715,11.963631202103137,2540.882129297268,165.63738395360886,1960.0126006791336,2543.748710283559,97.85237935062693,71.96339502559844,255.98985584862862,6.8011750870790815,1265,-3.000098960950771,-2.9690982770329195
7052,292.72499999999997,11.963958076395985,2540.8819416732304,165.63604757429172,1960.016741643255,2543.748589207032,97.85233193652329,71.96185292524139,255.9262814575062,6.801374722122712,1265,-3.000098975141357,-2.9686973167131283
7053,292.735,11.964284954951449,2540.881754045919,165.63471174209582,1960.0208825245443,2543.748468129918,97.85228452233132,71.96031094933808,255.86270842869902,6.8015743528877355,1265,-3.0000989893323577,-2.968296364499713
7054,292.745,11.9646118377708,2540.8815664153317,165.63337645686292,1960.0250233230101,2543.748347052216,97.85223710805101,71.9587690978478,255.79913676209705,6.801773979374498,1265,-3.000099003523773,-2.9678954203857284
7055,292.755,11.96493872485524,2540.8813787814674,165.6320417185024,1960.0291640386577,2543.748225973927,97.85218969368239,71.95722737072983,255.7355664575902,6.801973601583343,1265,-3.0000990177156024,-2.9674944843642708
7056,292.765,11.965265616206034,2540.881191144325,165.63070752683697,1960.0333046714932,2543.7481048950503,97.85214227922545,71.95568576794344,255.67199751506857,6.802173219514618,1265,-3.000099031907847,-2.9670935564283947
7057,292.775,11.965592511824427,2540.8810035039037,165.62937388179995,1960.0374452215258,2543.7479838155864,97.8520948646802,71.95414428944792,255.6084299344222,6.802372833168666,1265,-3.000099046100508,-2.966692636571188
7058,292.78499999999997,11.965919411711647,2540.880815860201,165.62804078330024,1960.0415856887598,2543.7478627355354,97.85204745004663,71.9526029352026,255.5448637155411,6.802572442545833,1265,-3.0000990602935835,-2.966291724785714
7059,292.79499999999996,11.966246315868952,2540.880628213217,165.6267082311759,1960.0457260732044,2543.747741654897,97.85200003532476,71.9510617051668,255.48129885831548,6.802772047646465,1265,-3.000099074487075,-2.9658908210650585
7060,292.805,11.966573224297596,2540.8804405629503,165.62537622534856,1960.049866374864,2543.7476205736725,97.85195262051457,71.9495205992998,255.4177353626354,6.802971648470905,1265,-3.0000990886809817,-2.9654899254022835
7061,292.815,11.96690013699884,2540.8802529093978,165.62404476568116,1960.0540065937464,2543.7474994918593,97.85190520561608,71.94797961756097,255.35417322839112,6.8031712450195,1265,-3.0000991028753052,-2.9650890377904724
7062,292.825,11.967227053973897,2540.8800652525592,165.62271385205747,1960.0581467298593,2543.747378409459,97.85185779062927,71.94643875990964,255.29061245547285,6.803370837292591,1265,-3.0000991170700453,-2.9646881582226996
7063,292.835,11.967553975224059,2540.8798775924356,165.6213834843367,1960.0622867832074,2543.7472573264736,97.85181037555417,71.94489802630515,255.2270530437709,6.803570425290526,1265,-3.0000991312652014,-2.964287286692026
7064,292.84499999999997,11.96788090075058,2540.8796899290214,165.6200536624507,1960.0664267538,2543.7471362428983,97.85176296039074,71.94335741670686,255.1634949931755,6.803770009013648,1265,-3.000099145460775,-2.963886423191544
7065,292.855,11.968207830554704,2540.879502262318,165.61872438628427,1960.0705666416418,2543.7470151587377,97.85171554513903,71.94181693107416,255.099938303577,6.803969588462301,1265,-3.0000991596567648,-2.96348556771431
7066,292.865,11.968534764637708,2540.879314592324,165.61739565570707,1960.0747064467398,2543.7468940739896,97.85166812979902,71.94027656936638,255.03638297486577,6.804169163636829,1265,-3.000099173853173,-2.9630847202534087
7067,292.875,11.96886170300083,2540.879126919037,165.61606747059025,1960.0788461691027,2543.746772988654,97.8516207143707,71.93873633154294,254.97282900693224,6.804368734537578,1265,-3.0000991880499983,-2.9626838808019187
7068,292.885,11.969188645645353,2540.878939242457,165.61473983084352,1960.0829858087352,2543.7466519027325,97.85157329885409,71.93719621756321,254.90927639966682,6.804568301164889,1265,-3.0000992022472412,-2.9622830493528887
7069,292.895,11.969515592572547,2540.878751562582,165.6134127363317,1960.0871253656444,2543.7465308162236,97.85152588324918,71.9356562273866,254.84572515296006,6.804767863519108,1265,-3.0000992164449016,-2.9618822258994255
7070,292.905,11.96984254378363,2540.87856387941,165.61208618697972,1960.0912648398378,2543.7464097291277,97.85147846755599,71.93411636097252,254.7821752667024,6.804967421600578,1265,-3.0000992306429812,-2.961481410434573
7071,292.91499999999996,11.970169499279939,2540.878376192941,165.61076018266166,1960.0954042313213,2543.7462886414446,97.8514310517745,71.9325766182804,254.71862674078446,6.8051669754096435,1265,-3.0000992448414787,-2.9610806029514283
7072,292.92499999999995,11.970496459062703,2540.8781885031735,165.6094347231874,1960.099543540102,2543.746167553176,97.85138363590471,71.93103699926965,254.65507957509678,6.8053665249466455,1265,-3.0000992590403945,-2.9606798034430453
7073,292.935,11.970823423133208,2540.8780008101044,165.60810980850255,1960.1036827661871,2543.7460464643186,97.85133621994663,71.9294975038997,254.59153376952995,6.80556607021193,1265,-3.00009927323973,-2.9602790119025095
7074,292.945,11.971150391492735,2540.8778131137356,165.60678543854647,1960.1078219095832,2543.7459253748757,97.85128880390029,71.92795813212999,254.5279893239747,6.80576561120584,1265,-3.000099287439484,-2.9598782283228853
7075,292.955,11.971477364142538,2540.877625414063,165.60546161314352,1960.1119609702964,2543.7458042848457,97.85124138776564,71.92641888392001,254.4644462383217,6.805965147928718,1265,-3.0000993016396573,-2.9594774526972514
7076,292.965,11.971804341083896,2540.877437711087,165.60413833217024,1960.1160999483336,2543.745683194229,97.85119397154273,71.92487975922919,254.4009045124617,6.806164680380905,1265,-3.0000993158402505,-2.959076685018673
7077,292.97499999999997,11.972131322318136,2540.877250004806,165.6028155955291,1960.120238843702,2543.7455621030267,97.85114655523152,71.923340758017,254.33736414628538,6.806364208562747,1265,-3.0000993300412633,-2.958675925280232
7078,292.985,11.972458307846459,2540.877062295218,165.60149340313114,1960.1243776564088,2543.745441011237,97.85109913883203,71.92180188024292,254.27382513968365,6.806563732474586,1265,-3.0000993442426966,-2.9582751734749984
7079,292.995,11.972785297670216,2540.876874582321,165.6001717548285,1960.1285163864602,2543.74531991886,97.85105172234427,71.92026312586646,254.2102874925473,6.806763252116763,1265,-3.00009935844455,-2.9578744295960386
7080,293.005,11.973112291790661,2540.8766868661146,165.5988506505013,1960.1326550338617,2543.745198825896,97.85100430576821,71.91872449484708,254.14675120476724,6.8069627674896225,1265,-3.0000993726468232,-2.957473693636443
7081,293.015,11.973439290209077,2540.8764991465987,165.59753009006656,1960.1367935986216,2543.7450777323465,97.85095688910391,71.91718598714431,254.08321627623437,6.807162278593506,1265,-3.000099386849518,-2.9570729655892642
7082,293.025,11.973766292926785,2540.876311423772,165.59621007338194,1960.140932080747,2543.7449566382115,97.85090947235133,71.91564760271766,254.01968270683955,6.807361785428758,1265,-3.0000994010526325,-2.9566722454475696
7083,293.03499999999997,11.974093299945016,2540.87612369763,165.59489060034346,1960.1450704802426,2543.744835543488,97.85086205551048,71.91410934152664,253.95615049647387,6.807561287995718,1265,-3.000099415256169,-2.956271533204457
7084,293.04499999999996,11.974420311265126,2540.875935968176,165.59357167085474,1960.149208797117,2543.74471444818,97.85081463858137,71.91257120353077,253.8926196450283,6.807760786294728,1265,-3.000099429460127,-2.955870828852981
7085,293.055,11.974747326888382,2540.875748235405,165.59225328480574,1960.1533470313764,2543.744593352284,97.85076722156397,71.91103318868963,253.8290901523939,6.8079602803261325,1265,-3.0000994436645065,-2.9554701323862047
7086,293.065,11.975074346816053,2540.875560499315,165.5909354420536,1960.1574851830264,2543.7444722558007,97.85071980445832,71.90949529696273,253.7655620184617,6.808159770090272,1265,-3.000099457869308,-2.9550694437972327
7087,293.075,11.975401371049488,2540.875372759909,165.5896181425028,1960.1616232520757,2543.744351158733,97.85067238726441,71.90795752830965,253.70203524312294,6.8083592555874874,1265,-3.000099472074531,-2.954668763079098
7088,293.085,11.975728399589944,2540.8751850171825,165.5883013860382,1960.1657612385306,2543.7442300610783,97.85062496998222,71.90641988268995,253.6385098262687,6.808558736818123,1265,-3.000099486280177,-2.954268090224911
7089,293.09499999999997,11.97605543243874,2540.8749972711357,165.5869851725539,1960.1698991423966,2543.7441089628373,97.85057755261178,71.90488236006318,253.5749857677902,6.808758213782516,1265,-3.0000995004862454,-2.953867425227701
7090,293.105,11.976382469597166,2540.8748095217666,165.58566950188325,1960.17403696368,2543.7439878640103,97.8505301351531,71.90334496038895,253.51146306757866,6.808957686481013,1265,-3.000099514692736,-2.9534667680805775
7091,293.115,11.976709511066556,2540.8746217690746,165.58435437402696,1960.1781747023904,2543.7438667645974,97.85048271760614,71.90180768362684,253.4479417255254,6.809157154913952,1265,-3.00009952889965,-2.9530661187765856
7092,293.125,11.977036556848164,2540.8744340130575,165.5830397887473,1960.1823123585316,2543.7437456645985,97.85043529997093,71.90027052973645,253.38442174152166,6.809356619081675,1265,-3.000099543106988,-2.9526654773088024
7093,293.135,11.977363606943356,2540.8742462537125,165.58172574597506,1960.1864499321114,2543.7436245640124,97.85038788224747,71.89873349867737,253.32090311545878,6.8095560789845235,1265,-3.0000995573147478,-2.952264843670316
7094,293.145,11.977690661353392,2540.874058491042,165.58041224564158,1960.190587423137,2543.743503462841,97.85034046443576,71.89719659040924,253.25738584722816,6.8097555346228384,1265,-3.0000995715229326,-2.9518642178541743
7095,293.155,11.978017720079626,2540.873870725042,165.579099287588,1960.1947248316142,2543.7433823610827,97.85029304653581,71.89565980489166,253.19386993672123,6.80995498599696,1265,-3.0000995857315402,-2.951463599853458
7096,293.16499999999996,11.97834478312333,2540.8736829557115,165.57778687172348,1960.19886215755,2543.7432612587386,97.8502456285476,71.8941231420843,253.13035538382937,6.81015443310723,1265,-3.0000995999405724,-2.951062989661244
7097,293.17499999999995,11.978671850485844,2540.8734951830506,165.57647499791025,1960.2029994009515,2543.7431401558088,97.85019821047113,71.89258660194679,253.06684218844416,6.810353875953989,1265,-3.000099614150029,-2.9506623872705995
7098,293.185,11.978998922168484,2540.8733074070565,165.57516366606558,1960.2071365618247,2543.743019052293,97.85015079230645,71.89105018443875,253.00333035045702,6.810553314537576,1265,-3.000099628359911,-2.9502617926745867
7099,293.195,11.979325998172563,2540.873119627729,165.5738528760409,1960.2112736401764,2543.742897948191,97.8501033740535,71.88951388951988,252.9398198697595,6.810752748858333,1265,-3.0000996425702167,-2.9498612058662865
7100,293.205,11.979653078499402,2540.872931845065,165.57254262773043,1960.2154106360144,2543.7427768435023,97.85005595571232,71.88797771714981,252.87631074624326,6.810952178916601,1265,-3.000099656780948,-2.949460626838765
7101,293.215,11.979980163150342,2540.8727440590656,165.5712329210689,1960.2195475493443,2543.742655738228,97.8500085372829,71.88644166728824,252.8128029797999,6.811151604712718,1265,-3.000099670992104,-2.9490600555850994
7102,293.22499999999997,11.980307252126655,2540.872556269728,165.56992375589934,1960.2236843801727,2543.742534632369,97.84996111876525,71.88490573989486,252.7492965703211,6.811351026247026,1265,-3.000099685203686,-2.948659492098349
7103,293.235,11.980634345429698,2540.8723684770516,165.56861513207605,1960.227821128506,2543.7424135259234,97.84991370015936,71.88336993492935,252.68579151769848,6.811550443519864,1265,-3.000099699415694,-2.94825893637159
7104,293.245,11.980961443060814,2540.8721806810345,165.5673070496037,1960.2319577943535,2543.7422924188922,97.84986628146524,71.8818342523514,252.62228782182387,6.811749856531573,1265,-3.000099713628127,-2.9478583883978886
7105,293.255,11.981288545021304,2540.8719928816754,165.56599950824886,1960.236094377718,2543.7421713112744,97.84981886268288,71.88029869212075,252.55878548258897,6.811949265282491,1265,-3.0000997278409867,-2.9474578481703246
7106,293.265,11.981615651312508,2540.871805078973,165.56469250797085,1960.2402308786093,2543.7420502030714,97.8497714438123,71.8787632541971,252.4952844998856,6.812148669772959,1265,-3.0000997420542728,-2.9470573156819597
7107,293.275,11.98194276193577,2540.871617272927,165.56338604862822,1960.2443672970314,2543.741929094283,97.84972402485349,71.87722793854016,252.4317848736056,6.812348070003317,1265,-3.000099756267986,-2.9466567909258594
7108,293.28499999999997,11.982269876892417,2540.8714294635347,165.562080130101,1960.2485036329936,2543.7418079849085,97.84967660580645,71.8756927451097,252.36828660364085,6.812547465973903,1265,-3.0000997704821253,-2.9462562738951115
7109,293.29499999999996,11.982596996183771,2540.871241650796,165.5607747522593,1960.2526398865007,2543.7416868749483,97.84962918667118,71.87415767386547,252.30478968988325,6.812746857685058,1265,-3.000099784696692,-2.945855764582762
7110,293.305,11.982924119811182,2540.871053834708,165.5594699150914,1960.2567760575612,2543.741565764402,97.8495817674477,71.87262272476718,252.24129413222474,6.812946245137119,1265,-3.0000997989116867,-2.9454552629819046
7111,293.315,11.983251247775998,2540.8708660152706,165.55816561838992,1960.2609121461787,2543.7414446532703,97.84953434813599,71.87108789777463,252.17779993055728,6.813145628330426,1265,-3.000099813127108,-2.945054769085596
7112,293.325,11.983578380079548,2540.8706781924834,165.5568618620184,1960.265048152364,2543.741323541554,97.84948692873606,71.86955319284756,252.11430708477297,6.813345007265319,1265,-3.0000998273429578,-2.9446542828868942
7113,293.335,11.983905516723178,2540.870490366343,165.55555864596957,1960.2691840761204,2543.741202429251,97.84943950924792,71.86801860994578,252.05081559476375,6.813544381942137,1265,-3.0000998415592353,-2.944253804378893
7114,293.34499999999997,11.984232657708219,2540.870302536849,165.55425597005825,1960.2733199174547,2543.7410813163624,97.84939208967157,71.86648414902905,251.98732546042177,6.8137437523612165,1265,-3.0000998557759404,-2.9438533335546433
7115,293.355,11.984559803036007,2540.870114704001,165.5529538341439,1960.2774556763754,2543.740960202889,97.84934467000699,71.86494981005717,251.92383668163916,6.813943118522899,1265,-3.0000998699930745,-2.9434528704072154
7116,293.365,11.984886952707965,2540.869926867797,165.5516522382349,1960.2815913528893,2543.7408390888304,97.84929725025421,71.86341559298995,251.86034925830805,6.814142480427521,1265,-3.000099884210638,-2.9430524149296833
7117,293.375,11.985214106725365,2540.869739028234,165.5503511821139,1960.2857269470003,2543.740717974185,97.84924983041321,71.8618814977872,251.79686319032066,6.814341838075421,1265,-3.00009989842863,-2.9426519671151175
7118,293.385,11.985541265089577,2540.8695511853143,165.54905066569003,1960.2898624587183,2543.740596858956,97.849202410484,71.86034752440874,251.7333784775692,6.8145411914669385,1265,-3.000099912647051,-2.942251526956586
7119,293.395,11.985868427801984,2540.8693633390335,165.54775068888569,1960.2939978880477,2543.740475743141,97.84915499046659,71.85881367281438,251.66989511994595,6.814740540602411,1265,-3.000099926865902,-2.9418510944471445
7120,293.405,11.986195594863897,2540.8691754893907,165.54645125151586,1960.2981332349957,2543.740354626739,97.84910757036097,71.857279942964,251.60641311734318,6.814939885482178,1265,-3.0000999410851814,-2.9414506695798908
7121,293.41499999999996,11.986522766276696,2540.868987636387,165.54515235355066,1960.302268499569,2543.7402335097545,97.84906015016715,71.85574633481741,251.5429324696533,6.815139226106575,1265,-3.0000999553048917,-2.9410502523478566
7122,293.42499999999995,11.986849942041736,2540.868799780019,165.5438539948804,1960.3064036817743,2543.7401123921836,97.84901272988512,71.85421284833448,251.4794531767686,6.815338562475941,1265,-3.000099969525032,-2.9406498427441323
7123,293.435,11.987177122160379,2540.8686119202844,165.54255617533056,1960.3105387816188,2543.739991274027,97.8489653095149,71.8526794834751,251.41597523858152,6.815537894590615,1265,-3.000099983745602,-2.940249440761793
7124,293.445,11.987504306633996,2540.868424057185,165.541258894803,1960.314673799109,2543.739870155286,97.84891788905648,71.8511462401991,251.3524986549845,6.815737222450933,1265,-3.0000999979666028,-2.9398490463938898
7125,293.455,11.987831495463936,2540.8682361907167,165.53996215317838,1960.3188087342503,2543.739749035959,97.84887046850986,71.84961311846635,251.28902342587,6.815936546057233,1265,-3.000100012188035,-2.939448659633495
7126,293.465,11.988158688651563,2540.868048320879,165.53866595040475,1960.3229435870512,2543.739627916047,97.84882304787504,71.84808011823678,251.2255495511305,6.816135865409853,1265,-3.0001000264098976,-2.9390482804736826
7127,293.47499999999997,11.988485886198259,2540.8678604476713,165.53737028632662,1960.3270783575165,2543.73950679555,97.84877562715205,71.84654723947027,251.16207703065865,6.81633518050913,1265,-3.000100040632191,-2.9386479089075155
7128,293.485,11.988813088105388,2540.8676725710925,165.53607516084355,1960.3312130456543,2543.739385674469,97.84872820634085,71.84501448212673,251.09860586434695,6.816534491355401,1265,-3.000100054854917,-2.9382475449280645
7129,293.495,11.989140294374296,2540.8674846911404,165.53478057388557,1960.3353476514699,2543.7392645528016,97.84868078544147,71.84348184616604,251.03513605208806,6.816733797949003,1265,-3.0001000690780737,-2.9378471885283832
7130,293.505,11.989467505006404,2540.8672968078117,165.5334865252311,1960.3394821749705,2543.7391434305487,97.8486333644539,71.84194933154818,250.97166759377464,6.816933100290273,1265,-3.000100083301663,-2.9374468397015656
7131,293.515,11.989794720003045,2540.8671089211107,165.5321930148578,1960.343616616164,2543.7390223077127,97.84858594337813,71.84041693823303,250.9082004892994,6.817132398379548,1265,-3.000100097525684,-2.9370464984406586
7132,293.525,11.990121939365627,2540.8669210310304,165.53090004262253,1960.3477509750549,2543.7389011842897,97.84853852221418,71.83888466618056,250.844734738555,6.817331692217166,1265,-3.000100111750138,-2.936646164738739
7133,293.53499999999997,11.990449163095484,2540.866733137573,165.52960760844516,1960.3518852516506,2543.7387800602833,97.84849110096208,71.83735251535072,250.7812703414342,6.817530981803461,1265,-3.000100125975024,-2.936245838588859
7134,293.54499999999996,11.990776391194021,2540.8665452407354,165.52831571220005,1960.356019445958,2543.7386589356915,97.84844367962177,71.83582048570342,250.71780729782986,6.817730267138772,1265,-3.000100140200343,-2.935845519984108
7135,293.555,11.991103623662628,2540.866357340517,165.52702435372402,1960.3601535579842,2543.7385378105146,97.84839625819329,71.83428857719868,250.65434560763475,6.817929548223434,1265,-3.0001001544260952,-2.9354452089175327
7136,293.565,11.991430860502687,2540.8661694369166,165.52573353297416,1960.3642875877342,2543.738416684754,97.84834883667662,71.83275678979645,250.59088527074178,6.818128825057784,1265,-3.0001001686522804,-2.9350449053822163
7137,293.575,11.991758101715567,2540.865981529932,165.52444324982775,1960.3684215352164,2543.738295558407,97.84830141507179,71.83122512345669,250.52742628704382,6.818328097642158,1265,-3.0001001828788993,-2.9346446093712095
7138,293.585,11.992085347302668,2540.8657936195636,165.52315350415543,1960.3725554004366,2543.738174431476,97.84825399337878,71.82969357813944,250.46396865643382,6.818527365976892,1265,-3.000100197105952,-2.934244320877595
7139,293.59499999999997,11.99241259726535,2540.865605705809,165.52186429584495,1960.3766891834011,2543.7380533039614,97.8482065715976,71.82816215380466,250.4005123788048,6.818726630062322,1265,-3.000100211333439,-2.9338440398944234
7140,293.605,11.992739851605037,2540.865417788667,165.5205756248142,1960.3808228841165,2543.737932175861,97.84815914972825,71.82663085041236,250.3370574540497,6.818925889898785,1265,-3.00010022556136,-2.933443766414776
7141,293.615,11.99306711032312,2540.865229868135,165.5192874909259,1960.38495650259,2543.737811047175,97.84811172777071,71.82509966792256,250.2736038820616,6.819125145486614,1265,-3.000100239789715,-2.93304350043171
7142,293.625,11.993394373420973,2540.865041944214,165.51799989406047,1960.3890900388283,2543.7376899179058,97.84806430572503,71.82356860629528,250.2101516627336,6.819324396826148,1265,-3.0001002540185056,-2.9326432419382917
7143,293.635,11.993721640899974,2540.8648540169015,165.51671283415118,1960.393223492837,2543.7375687880517,97.84801688359119,71.82203766549057,250.1467007959588,6.819523643917721,1265,-3.000100268247731,-2.9322429909275884
7144,293.645,11.994048912761585,2540.8646660861964,165.51542631107446,1960.397356864623,2543.737447657613,97.84796946136917,71.82050684546844,250.08325128163028,6.819722886761668,1265,-3.000100282477391,-2.9318427473926727
7145,293.655,11.994376189007141,2540.8644781520975,165.51414032467824,1960.4014901541943,2543.7373265265896,97.84792203905899,71.81897614618896,250.01980311964132,6.819922125358325,1265,-3.000100296707486,-2.931442511326601
7146,293.66499999999996,11.994703469638068,2540.8642902146025,165.51285487485794,1960.4056233615552,2543.7372053949816,97.84787461666066,71.81744556761218,249.95635630988514,6.8201213597080255,1265,-3.0001003109380173,-2.931042282722443
7147,293.67499999999995,11.995030754655764,2540.86410227371,165.51156996155794,1960.4097564867147,2543.737084262788,97.84782719417416,71.81591510969817,249.89291085225494,6.820320589811107,1265,-3.0001003251689844,-2.9306420615732662
7148,293.685,11.995358044061629,2540.863914329422,165.5102855846201,1960.4138895296771,2543.736963130012,97.8477797715995,71.81438477240698,249.82946674664402,6.820519815667903,1265,-3.000100339400387,-2.9302418478721326
7149,293.695,11.995685337857074,2540.8637263817327,165.50900174394303,1960.41802249045,2543.7368419966497,97.84773234893672,71.81285455569873,249.76602399294572,6.820719037278749,1265,-3.0001003536322273,-2.929841641612101
7150,293.705,11.996012636043517,2540.863538430645,165.5077184394841,1960.42215536904,2543.736720862705,97.84768492618575,71.81132445953348,249.7025825910534,6.820918254643981,1265,-3.000100367864503,-2.929441442786254
7151,293.715,11.996339938622347,2540.8633504761547,165.50643567101724,1960.4262881654536,2543.736599728175,97.84763750334665,71.80979448387134,249.63914254086046,6.821117467763932,1265,-3.000100382097216,-2.929041251387639
7152,293.72499999999997,11.996667245594981,2540.863162518261,165.5051534384844,1960.4304208796982,2543.7364785930604,97.8475900804194,71.80826462867242,249.57570384226037,6.821316676638936,1265,-3.000100396330365,-2.928641067409334
7153,293.735,11.996994556962827,2540.862974556963,165.50387174179917,1960.4345535117789,2543.7363574573615,97.84754265740399,71.80673489389683,249.5122664951465,6.821515881269328,1265,-3.0001004105639524,-2.928240890844392
7154,293.745,11.997321872727312,2540.862786592258,165.502590580845,1960.438686061703,2543.736236321078,97.84749523430044,71.80520527950469,249.44883049941242,6.821715081655444,1265,-3.000100424797976,-2.9278407216858886
7155,293.755,11.997649192889831,2540.8625986241477,165.501309955471,1960.442818529477,2543.7361151842115,97.84744781110875,71.80367578545614,249.38539585495167,6.821914277797617,1265,-3.0001004390324386,-2.927440559926884
7156,293.765,11.997976517451816,2540.8624106526286,165.5000298655987,1960.4469509151072,2543.7359940467604,97.84740038782891,71.8021464117113,249.32196256165778,6.82211346969618,1265,-3.0001004532673385,-2.9270404055604415
7157,293.775,11.998303846414716,2540.8622226776984,165.49875031112944,1960.4510832186015,2543.7358729087236,97.84735296446094,71.80061715823035,249.25853061942442,6.822312657351468,1265,-3.0001004675026763,-2.926640258579623
7158,293.78499999999997,11.99863117977988,2540.862034699359,165.49747129189882,1960.455215439964,2543.735751770105,97.84730554100481,71.79908802497343,249.19510002814522,6.822511840763814,1265,-3.0001004817384533,-2.9262401189774994
7159,293.79499999999996,11.998958517548802,2540.8618467176066,165.49619280787584,1960.4593475792033,2543.7356306309007,97.84725811746057,71.7975590119007,249.13167078771383,6.8227110199335534,1265,-3.0001004959746687,-2.9258399867471314
7160,293.805,11.99928585972284,2540.861658732441,165.49491485892273,1960.4634796363257,2543.735509491113,97.84721069382817,71.79603011897235,249.06824289802398,6.82291019486102,1265,-3.0001005102113227,-2.9254398618815856
7161,293.815,11.999613206303477,2540.861470743859,165.49363744488903,1960.467611611337,2543.735388350741,97.84716327010766,71.79450134614855,249.0048163589694,6.823109365546546,1265,-3.000100524448416,-2.925039744373923
7162,293.825,11.999940557292119,2540.8612827518623,165.49236056567574,1960.4717435042444,2543.7352672097854,97.84711584629902,71.79297269338949,248.9413911704439,6.823308531990464,1265,-3.0001005386859485,-2.9246396342172027
7163,293.835,12.000267912690198,2540.861094756448,165.49108422123092,1960.4758753150536,2543.7351460682453,97.84706842240223,71.79144416065536,248.87796733234129,6.823507694193109,1265,-3.00010055292392,-2.924239531404502
7164,293.84499999999997,12.00059527249915,2540.8609067576144,165.48980841140752,1960.4800070437725,2543.7350249261217,97.84702099841732,71.78991574790639,248.81454484455543,6.823706852154816,1265,-3.000100567162332,-2.923839435928866
7165,293.855,12.000922636720407,2540.8607187553607,165.48853313608313,1960.4841386904068,2543.7349037834138,97.84697357434429,71.78838745510278,248.7511237069802,6.823906005875914,1265,-3.000100581401184,-2.9234393477833684
7166,293.865,12.001250005355365,2540.8605307496864,165.48725839515544,1960.4882702549623,2543.7347826401224,97.84692615018314,71.78685928220474,248.68770391950952,6.824105155356739,1265,-3.0001005956404763,-2.9230392669610765
7167,293.875,12.001577378405509,2540.8603427405874,165.48598418853905,1960.492401737446,2543.734661496246,97.84687872593385,71.78533122917254,248.62428548203738,6.824304300597623,1265,-3.0001006098802088,-2.9226391934550544
7168,293.885,12.001904755872278,2540.8601547280664,165.48471051608695,1960.4965331378664,2543.734540351788,97.84683130159644,71.78380329596638,248.56086839445777,6.824503441598898,1265,-3.000100624120382,-2.922239127258348
7169,293.895,12.002232137757067,2540.859966712118,165.48343737775252,1960.5006644562275,2543.7344192067435,97.84678387717092,71.78227548254654,248.49745265666473,6.824702578360896,1265,-3.000100638360996,-2.9218390683640463
7170,293.905,12.002559524061354,2540.8597786927435,165.48216477330163,1960.5047956925364,2543.734298061117,97.84673645265728,71.78074778887326,248.43403826855229,6.824901710883953,1265,-3.0001006526020513,-2.921439016765188
7171,293.91499999999996,12.00288691478658,2540.8595906699416,165.4808927028094,1960.5089268467998,2543.734176914906,97.84668902805552,71.7792202149068,248.37062523001453,6.8251008391684,1265,-3.0001006668435477,-2.921038972454853
7172,293.92499999999995,12.003214309934204,2540.859402643711,165.47962116597654,1960.513057919025,2543.7340557681127,97.84664160336565,71.77769276060744,248.30721354094564,6.825299963214566,1265,-3.000100681085486,-2.920638935426083
7173,293.935,12.003541709505622,2540.859214614049,165.47835016281797,1960.5171889092178,2543.733934620735,97.84659417858768,71.77616542593546,248.2438032012398,6.825499083022788,1265,-3.0001006953278666,-2.9202389056719613
7174,293.945,12.003869113502347,2540.859026580955,165.477079693201,1960.5213198173853,2543.733813472773,97.84654675372157,71.77463821085117,248.18039421079118,6.825698198593395,1265,-3.0001007095706886,-2.9198388831855304
7175,293.955,12.004196521925742,2540.8588385444273,165.47580975699853,1960.5254506435324,2543.733692324228,97.84649932876738,71.77311111531482,248.11698656949403,6.825897309926719,1265,-3.000100723813953,-2.9194388679598826
7176,293.965,12.004523934777342,2540.8586505044645,165.4745403540923,1960.5295813876676,2543.7335711750984,97.84645190372507,71.77158413928676,248.05358027724267,6.826096417023095,1265,-3.00010073805766,-2.919038859988058
7177,293.97499999999997,12.004851352058587,2540.8584624610676,165.47327148441093,1960.5337120497968,2543.7334500253864,97.84640447859465,71.7700572827273,247.99017533393132,6.826295519882851,1265,-3.0001007523018095,-2.9186388592631185
7178,293.985,12.005178773770877,2540.858274414232,165.47200314779585,1960.5378426299253,2543.73332887509,97.84635705337614,71.76853054559673,247.92677173945438,6.826494618506321,1265,-3.0001007665464026,-2.9182388657781293
7179,293.995,12.005506199915738,2540.8580863639577,165.47073534419025,1960.5419731280613,2543.7332077242104,97.8463096280695,71.76700392785541,247.86336949370627,6.826693712893836,1265,-3.000100780791439,-2.917838879526163
7180,294.005,12.005833630494585,2540.8578983102448,165.46946807347157,1960.5461035442106,2543.733086572748,97.84626220267478,71.76547742946369,247.79996859658135,6.826892803045728,1265,-3.0001007950369187,-2.9174389005002515
7181,294.015,12.00616106550891,2540.8577102530894,165.4682013355158,1960.5502338783806,2543.732965420701,97.84621477719196,71.76395105038189,247.73656904797411,6.827091888962326,1265,-3.000100809282842,-2.9170389286935
7182,294.025,12.006488504960135,2540.857522192493,165.4669351302014,1960.5543641305756,2543.7328442680728,97.84616735162105,71.76242479057038,247.67317084777903,6.827290970643964,1265,-3.00010082352921,-2.91663896409893
7183,294.03499999999997,12.006815948849763,2540.857334128451,165.46566945747236,1960.5584943008043,2543.7327231148583,97.84611992596204,71.7608986499895,247.60977399589058,6.827490048090972,1265,-3.000100837776021,-2.9162390067096218
7184,294.04499999999996,12.007143397179226,2540.857146060965,165.46440431717178,1960.562624389071,2543.732601961062,97.84607250021494,71.75937262859965,247.54637849220333,6.827689121303681,1265,-3.0001008520232775,-2.9158390565186227
7185,294.055,12.007470849950009,2540.856957990033,165.46313970919007,1960.5667543953853,2543.732480806683,97.84602507437975,71.75784672636122,247.4829843366119,6.827888190282422,1265,-3.0001008662709783,-2.9154391135190076
7186,294.065,12.007798307163604,2540.8567699156533,165.46187563345399,1960.5708843197506,2543.73235965172,97.84597764845647,71.75632094323457,247.41959152901097,6.828087255027526,1265,-3.000100880519123,-2.9150391777038376
7187,294.075,12.008125768821431,2540.8565818378243,165.46061208982667,1960.5750141621752,2543.732238496174,97.84593022244509,71.7547952791801,247.3562000692951,6.828286315539324,1265,-3.0001008947677144,-2.914639249066166
7188,294.085,12.008453234924993,2540.856393756545,165.45934907820538,1960.579143922666,2543.732117340045,97.84588279634563,71.75326973415822,247.29280995735908,6.828485371818145,1265,-3.00010090901675,-2.914239327599054
7189,294.09499999999997,12.008780705475763,2540.856205671812,165.45808659850738,1960.583273601227,2543.7319961833305,97.8458353701581,71.75174430812936,247.22942119309758,6.828684423864321,1265,-3.000100923266232,-2.913839413295578
7190,294.105,12.009108180475224,2540.8560175836287,165.45682465059568,1960.5874031978676,2543.731875026036,97.84578794388247,71.75021900105394,247.16603377640536,6.828883471678182,1265,-3.0001009375161596,-2.913439506148766
7191,294.115,12.00943565992483,2540.85582949199,165.45556323435045,1960.591532712592,2543.7317538681564,97.84574051751876,71.74869381289236,247.10264770717723,6.829082515260059,1265,-3.000100951766533,-2.913039606151707
7192,294.125,12.009763143826065,2540.8556413968954,165.45430234973222,1960.5956621454081,2543.731632709694,97.84569309106698,71.74716874360507,247.03926298530808,6.82928155461028,1265,-3.0001009660173525,-2.9126397132974486
7193,294.135,12.010090632180418,2540.8554532983444,165.4530419965364,1960.5997914963225,2543.731511550649,97.84564566452711,71.74564379315254,246.97587961069272,6.829480589729177,1265,-3.000100980268619,-2.912239827579045
7194,294.145,12.010418124989389,2540.8552651963337,165.45178217475237,1960.6039207653407,2543.7313903910203,97.84559823789918,71.74411896149519,246.9124975832261,6.82967962061708,1265,-3.0001009945203316,-2.911839948989572
7195,294.155,12.010745622254444,2540.8550770908655,165.45052288416287,1960.608049952469,2543.7312692308096,97.84555081118317,71.74259424859349,246.84911690280316,6.829878647274317,1265,-3.000101008772492,-2.9114400775220726
7196,294.16499999999996,12.011073123977049,2540.854888981936,165.44926412475053,1960.6121790577151,2543.7311480700155,97.84550338437909,71.74106965440794,246.78573756931885,6.830077669701219,1265,-3.000101023025099,-2.9110402131696205
7197,294.17499999999995,12.011400630158745,2540.854700869543,165.4480058964077,1960.6163080810843,2543.731026908638,97.84545595748693,71.73954517889898,246.72235958266822,6.830276687898115,1265,-3.0001010372781534,-2.910640355925263
7198,294.185,12.011728140800953,2540.854512753688,165.44674819897435,1960.6204370225844,2543.7309057466778,97.84540853050672,71.73802082202711,246.65898294274623,6.8304757018653355,1265,-3.000101051531656,-2.910240505782061
7199,294.195,12.012055655905224,2540.8543246343675,165.44549103240018,1960.624565882221,2543.730784584135,97.84536110343842,71.73649658375284,246.59560764944808,6.8306747116032085,1265,-3.0001010657856066,-2.9098406627330817
7200,294.205,12.012383175473031,2540.854136511581,165.44423439646928,1960.6286946599998,2543.73066342101,97.84531367628206,71.73497246403664,246.53223370266883,6.830873717112064,1265,-3.0001010800400048,-2.9094408267713807
7201,294.215,12.012710699505861,2540.853948385327,165.44297829119543,1960.6328233559295,2543.7305422573004,97.84526624903765,71.73344846283906,246.4688611023036,6.831072718392232,1265,-3.0001010942948514,-2.909040997890009
7202,294.22499999999997,12.013038228005188,2540.8537602556053,165.44172271640647,1960.6369519700136,2543.73042109301,97.84521882170517,71.7319245801206,246.4054898482476,6.83127171544404,1265,-3.0001011085501466,-2.9086411760820305
7203,294.235,12.013365760972558,2540.8535721224116,165.44046767201982,1960.6410805022615,2543.7302999281355,97.84517139428462,71.7304008158418,246.3421199403961,6.831470708267817,1265,-3.0001011228058907,-2.908241361340509
7204,294.245,12.013693298409448,2540.8533839857478,165.439213157955,1960.6452089526774,2543.730178762679,97.84512396677604,71.7288771699632,246.27875137864424,6.8316696968638935,1265,-3.000101137062084,-2.907841553658496
7205,294.255,12.014020840317372,2540.8531958456097,165.43795917402517,1960.6493373212686,2543.7300575966387,97.84507653917937,71.72735364244531,246.21538416288743,6.831868681232597,1265,-3.000101151318727,-2.9074417530290537
7206,294.265,12.014348386697803,2540.8530077019986,165.4367057201732,1960.6534656080428,2543.7299364300166,97.84502911149467,71.72583023324871,246.15201829302094,6.832067661374255,1265,-3.000101165575819,-2.9070419594452375
7207,294.275,12.014675937552266,2540.852819554913,165.43545279630055,1960.6575938130034,2543.729815262812,97.8449816837219,71.72430694233395,246.08865376894016,6.832266637289199,1265,-3.000101179833361,-2.9066421729001033
7208,294.28499999999997,12.01500349288226,2540.8526314043506,165.43420040227875,1960.6617219361608,2543.7296940950255,97.84493425586109,71.7227837696616,246.02529059054046,6.8324656089777545,1265,-3.0001011940913527,-2.9062423933867096
7209,294.29499999999996,12.01533105268932,2540.8524432503086,165.4329485379909,1960.6658499775174,2543.729572926655,97.84488682791223,71.72126071519224,245.96192875771726,6.8326645764402505,1265,-3.000101208349795,-2.90584262089812
7210,294.305,12.015658616974909,2540.852255092789,165.43169720338093,1960.6699779370829,2543.729451757703,97.84483939987531,71.71973777888645,245.89856827036607,6.8328635396770165,1265,-3.0001012226086874,-2.9054428554273923
7211,294.315,12.015986185740564,2540.8520669317877,165.43044639829503,1960.6741058148614,2543.7293305881676,97.84479197175037,71.71821496070486,245.83520912838233,6.8330624986883794,1265,-3.0001012368680313,-2.90504309696757
7212,294.325,12.01631375898779,2540.851878767305,165.4291961226538,1960.6782336108606,2543.7292094180502,97.84474454353736,71.71669226060801,245.77185133166168,6.833261453474667,1265,-3.000101251127825,-2.904643345511718
7213,294.335,12.016641336718138,2540.8516905993397,165.42794637630834,1960.6823613250872,2543.729088247351,97.84469711523633,71.71516967855655,245.70849488009955,6.833460404036208,1265,-3.0001012653880705,-2.9042436010529062
7214,294.34499999999997,12.016968918933085,2540.8515024278895,165.4266971592273,1960.6864889575463,2543.728967076069,97.84464968684723,71.71364721451108,245.64513977359164,6.833659350373329,1265,-3.0001012796487676,-2.903843863584171
7215,294.355,12.01729650563415,2540.8513142529528,165.42544847119697,1960.6906165082455,2543.7288459042043,97.84460225837012,71.71212486843224,245.58178601203355,6.833858292486359,1265,-3.000101293909916,-2.9034441330985814
7216,294.365,12.017624096822875,2540.851126074528,165.42420031221695,1960.6947439771914,2543.7287247317563,97.84455482980495,71.71060264028064,245.518433595321,6.834057230375625,1265,-3.0001013081715167,-2.903044409589196
7217,294.375,12.017951692500759,2540.8509378926155,165.4229526820909,1960.6988713643893,2543.7286035587267,97.84450740115174,71.70908053001695,245.45508252334966,6.834256164041453,1265,-3.000101322433569,-2.9026446930490657
7218,294.385,12.018279292669325,2540.850749707213,165.42170558080275,1960.7029986698467,2543.7284823851146,97.84445997241052,71.7075585376018,245.39173279601528,6.834455093484171,1265,-3.0001013366960736,-2.9022449834712463
7219,294.395,12.018606897330125,2540.8505615183203,165.4204590081778,1960.7071258935691,2543.7283612109213,97.84441254358126,71.70603666299586,245.3283844132136,6.834654018704107,1265,-3.000101350959031,-2.9018452808487885
7220,294.405,12.018934506484673,2540.850373325934,165.41921296409794,1960.7112530355637,2543.728240036145,97.84436511466397,71.70451490615977,245.26503737484055,6.834852939701589,1265,-3.0001013652224415,-2.9014455851747654
7221,294.41499999999996,12.019262120134503,2540.850185130055,165.4179674485498,1960.7153800958367,2543.7281188607867,97.84431768565864,71.70299326705424,245.20169168079187,6.835051856476942,1265,-3.0001013794863045,-2.9010458964422132
7222,294.42499999999995,12.019589738281109,2540.84999693068,165.4167224613051,1960.7195070743946,2543.727997684846,97.8442702565653,71.70147174563994,245.13834733096346,6.835250769030493,1265,-3.0001013937506213,-2.9006462146442034
7223,294.435,12.019917360926076,2540.8498087278085,165.41547800236862,1960.7236339712426,2543.7278765083233,97.84422282738392,71.69995034187755,245.07500432525126,6.835449677362569,1265,-3.0001014080153916,-2.900246539773781
7224,294.445,12.020244988070912,2540.84962052144,165.41423407157646,1960.727760786389,2543.7277553312188,97.84417539811453,71.69842905572779,245.0116626635512,6.835648581473498,1265,-3.0001014222806157,-2.899846871824008
7225,294.455,12.020572619717145,2540.8494323115715,165.41299066879424,1960.7318875198393,2543.7276341535317,97.8441279687571,71.69690788715133,244.94832234575932,6.835847481363604,1265,-3.0001014365462932,-2.899447210787927
7226,294.465,12.020900255866295,2540.8492440982036,165.41174779398492,1960.7360141715997,2543.7275129752625,97.84408053931169,71.69538683610891,244.8849833717716,6.836046377033216,1265,-3.000101450812426,-2.8990475566586213
7227,294.47499999999997,12.021227896519958,2540.8490558813337,165.41050544701872,1960.7401407416767,2543.7273917964117,97.84403310977822,71.69386590256126,244.82164574148405,6.836245268482658,1265,-3.0001014650790125,-2.8986479094291226
7228,294.485,12.021555541679632,2540.8488676609604,165.40926362771629,1960.744267230077,2543.7272706169792,97.84398568015676,71.6923450864691,244.75830945479282,6.836444155712258,1265,-3.000101479346054,-2.8982482690924884
7229,294.495,12.021883191346861,2540.8486794370824,165.40802233609546,1960.748393636807,2543.7271494369634,97.84393825044727,71.69082438779316,244.6949745115941,6.836643038722341,1265,-3.0001014936135495,-2.8978486356417728
7230,294.505,12.022210845523203,2540.8484912096988,165.40678157196882,1960.752519961873,2543.727028256367,97.84389082064978,71.6893038064942,244.6316409117839,6.836841917513235,1265,-3.0001015078815017,-2.89744900907004
7231,294.515,12.022538504210189,2540.8483029788085,165.4055413352438,1960.7566462052819,2543.7269070751877,97.84384339076426,71.68778334253297,244.56830865525853,6.837040792085262,1265,-3.0001015221499086,-2.89704938937033
7232,294.525,12.022866167409376,2540.848114744411,165.40430162586358,1960.7607723670385,2543.726785893428,97.84379596079074,71.68626299587022,244.5049777419142,6.837239662438751,1265,-3.000101536418771,-2.8966497765357073
7233,294.53499999999997,12.023193835122296,2540.847926506502,165.40306244362645,1960.764898447151,2543.726664711085,97.84374853072921,71.68474276646675,244.44164817164716,6.837438528574028,1265,-3.0001015506880893,-2.8962501705592296
7234,294.54499999999996,12.023521507350521,2540.8477382650826,165.40182378850648,1960.7690244456242,2543.7265435281606,97.84370110057968,71.68322265428331,244.37831994435368,6.837637390491416,1265,-3.000101564957864,-2.8958505714339497
7235,294.555,12.023849184095594,2540.847550020151,165.40058566033974,1960.773150362466,2543.7264223446546,97.84365367034214,71.6817026592807,244.31499305993012,6.837836248191241,1265,-3.0001015792280947,-2.895450979152903
7236,294.565,12.024176865359077,2540.8473617717063,165.39934805913836,1960.7772761976823,2543.726301160567,97.8436062400166,71.68018278141972,244.25166751827288,6.838035101673831,1265,-3.0001015934987816,-2.895051393709169
7237,294.575,12.024504551142519,2540.8471735197454,165.39811098463412,1960.7814019512784,2543.7261799758967,97.84355880960305,71.67866302066118,244.1883433192783,6.838233950939507,1265,-3.000101607769926,-2.8946518150957767
7238,294.585,12.02483224144747,2540.8469852642693,165.39687443682882,1960.7855276232624,2543.7260587906458,97.84351137910153,71.67714337696586,244.1250204628429,6.838432795988598,1265,-3.0001016220415275,-2.8942522433058038
7239,294.59499999999997,12.025159936275484,2540.846797005275,165.3956384155522,1960.7896532136397,2543.7259376048128,97.843463948512,71.67562385029461,244.06169894886307,6.838631636821426,1265,-3.0001016363135857,-2.8938526783322893
7240,294.605,12.02548763562814,2540.8466087427623,165.39440292076085,1960.7937787224157,2543.7258164183986,97.84341651783447,71.67410444060823,243.99837877723536,6.8388304734383185,1265,-3.0001016505861022,-2.8934531201682825
7241,294.615,12.025815339506996,2540.8464204767297,165.39316795231375,1960.7979041495992,2543.7256952314024,97.84336908706895,71.6725851478676,243.9350599478563,6.839029305839598,1265,-3.0001016648590757,-2.893053568806847
7242,294.625,12.026143047913623,2540.846232207175,165.39193351015646,1960.8020294951953,2543.7255740438245,97.84332165621544,71.6710659720335,243.87174246062247,6.839228134025591,1265,-3.0001016791325075,-2.8926540242410335
7243,294.635,12.026470760849563,2540.8460439340975,165.3906995940656,1960.8061547592097,2543.7254528556655,97.84327422527393,71.66954691306684,243.8084263154305,6.839426957996621,1265,-3.0001016934063975,-2.8922544864638837
7244,294.645,12.026798478316392,2540.8458556574956,165.38946620402086,1960.8102799416495,2543.7253316669244,97.84322679424444,71.66802797092843,243.74511151217706,6.839625777753012,1265,-3.0001017076807464,-2.8918549554684683
7245,294.655,12.027126200315681,2540.8456673773676,165.38823333996953,1960.8144050425217,2543.7252104776016,97.84317936312696,71.6665091455792,243.68179805075874,6.83982459329509,1265,-3.000101721955553,-2.8914554312478264
7246,294.66499999999996,12.027453926849,2540.845479093715,165.38700100168674,1960.818530061831,2543.725089287699,97.8431319319215,71.66499043697996,243.6184859310723,6.840023404623178,1265,-3.0001017362308193,-2.8910559137950123
7247,294.67499999999995,12.027781657917943,2540.8452908065333,165.38576918916675,1960.822654999585,2543.7249680972145,97.84308450062805,71.66347184509164,243.55517515301455,6.8402222117376,1265,-3.000101750506545,-2.890656403103071
7248,294.685,12.02810939352405,2540.84510251582,165.3845379022081,1960.826779855789,2543.7248469061465,97.84303706924663,71.66195336987509,243.4918657164822,6.840421014638681,1265,-3.0001017647827295,-2.8902568991650877
7249,294.695,12.028437133668906,2540.8449142215777,165.3833071408372,1960.8309046304514,2543.724725714499,97.84298963777721,71.66043501129124,243.42855762137208,6.840619813326744,1265,-3.0001017790593734,-2.8898574019740684
7250,294.705,12.028764878354114,2540.844725923804,165.38207690481977,1960.835029323576,2543.7246045222705,97.84294220621983,71.65891676930099,243.36525086758107,6.840818607802113,1265,-3.000101793336478,-2.8894579115230847
7251,294.715,12.029092627581221,2540.844537622496,165.38084719412282,1960.8391539351717,2543.72448332946,97.84289477457446,71.65739864386525,243.30194545500603,6.841017398065112,1265,-3.0001018076140427,-2.88905842780519
7252,294.72499999999997,12.0294203813518,2540.8443493176533,165.3796180085926,1960.8432784652427,2543.7243621360685,97.84284734284113,71.65588063494496,243.23864138354386,6.841216184116066,1265,-3.0001018218920676,-2.8886589508134324
7253,294.735,12.02974813966746,2540.844161009274,165.37838934818268,1960.8474029137967,2543.724240942095,97.8427999110198,71.65436274250102,243.1753386530916,6.841414965955295,1265,-3.0001018361705523,-2.8882594805408717
7254,294.745,12.030075902529784,2540.843972697358,165.3771612127392,1960.8515272808388,2543.7241197475414,97.84275247911052,71.65284496649441,243.11203726354614,6.841613743583124,1265,-3.0001018504494987,-2.8878600169805453
7255,294.755,12.030403669940359,2540.8437843819024,165.37593360216047,1960.8556515663768,2543.7239985524056,97.84270504711327,71.65132730688605,243.04873721480456,6.841812516999878,1265,-3.0001018647289057,-2.887460560125521
7256,294.765,12.03073144190075,2540.843596062907,165.37470651639808,1960.859775770416,2543.723877356689,97.84265761502805,71.64980976363688,242.98543850676396,6.842011286205877,1265,-3.000101879008774,-2.8870611099688333
7257,294.775,12.03105921841256,2540.8434077403704,165.3734799552703,1960.863899892963,2543.7237561603915,97.84261018285486,71.6482923367079,242.92214113932138,6.842210051201447,1265,-3.0001018932891044,-2.886661666503535
7258,294.78499999999997,12.031386999477386,2540.8432194142915,165.37225391877726,1960.8680239340254,2543.723634963513,97.84256275059371,71.64677502606006,242.85884511237396,6.84240881198691,1265,-3.0001019075698956,-2.8862622297226745
7259,294.79499999999996,12.031714785096813,2540.8430310846684,165.3710284066701,1960.8721478936072,2543.723513766053,97.8425153182446,71.64525783165435,242.79555042581885,6.842607568562588,1265,-3.0001019218511495,-2.885862799619309
7260,294.805,12.03204257527242,2540.8428427514978,165.36980341894014,1960.8762717717161,2543.723392568011,97.84246788580752,71.64374075345174,242.7322570795533,6.842806320928805,1265,-3.0001019361328654,-2.885463376186495
7261,294.815,12.032370370005836,2540.8426544147833,165.36857895547928,1960.880395568358,2543.72327136939,97.84242045328249,71.64222379141324,242.66896507347448,6.843005069085882,1265,-3.000101950415044,-2.8850639594172636
7262,294.825,12.032698169298625,2540.842466074519,165.3673550161551,1960.8845192835392,2543.723150170187,97.8423730206695,71.64070694549986,242.60567440747965,6.843203813034142,1265,-3.000101964697685,-2.8846645493046816
7263,294.835,12.03302597315242,2540.842277730705,165.36613160090576,1960.8886429172667,2543.7230289704025,97.84232558796856,71.63919021567258,242.54238508146622,6.843402552773909,1265,-3.0001019789807892,-2.8842651458417916
7264,294.84499999999997,12.033353781568787,2540.842089383343,165.36490870954103,1960.8927664695466,2543.7229077700395,97.84227815517966,71.63767360189244,242.4790970953314,6.843601288305503,1265,-3.000101993264357,-2.8838657490216226
7265,294.855,12.033681594549348,2540.841901032427,165.3636863420548,1960.8968899403842,2543.722786569094,97.8422307223028,71.63615710412047,242.41581044897268,6.843800019629248,1265,-3.000102007548387,-2.883466358837265
7266,294.865,12.03400941209569,2540.841712677958,165.36246449827703,1960.9010133297872,2543.722665367567,97.84218328933801,71.6346407223177,242.35252514228733,6.843998746745466,1265,-3.0001020218328818,-2.8830669752817304
7267,294.875,12.034337234209433,2540.8415243199343,165.3612431781484,1960.9051366377612,2543.722544165459,97.84213585628525,71.63312445644517,242.2892411751729,6.844197469654478,1265,-3.0001020361178394,-2.882667598348096
7268,294.885,12.034665060892216,2540.8413359583546,165.36002238152207,1960.9092598643128,2543.7224229627714,97.84208842314456,71.63160830646393,242.2259585475268,6.844396188356606,1265,-3.000102050403262,-2.8822682280293836
7269,294.895,12.034992892145581,2540.8411475932185,165.35880210834998,1960.9133830094481,2543.7223017595034,97.84204098991592,71.63009227233505,242.16267725924658,6.844594902852171,1265,-3.0001020646891483,-2.8818688643186556
7270,294.905,12.035320727971195,2540.840959224523,165.35758235846723,1960.9175060731736,2543.722180555654,97.84199355659933,71.62857635401957,242.09939731022976,6.844793613141496,1265,-3.0001020789755,-2.8814695072089727
7271,294.91499999999996,12.035648568370643,2540.840770852266,165.3563631317887,1960.921629055496,2543.722059351223,97.84194612319482,71.62706055147859,242.0361187003739,6.844992319224902,1265,-3.0001020932623166,-2.881070156693374
7272,294.92499999999995,12.035976413345553,2540.8405824764504,165.35514442824723,1960.9257519564205,2543.721938146213,97.84189868970235,71.62554486467317,241.97284142957668,6.8451910211027105,1265,-3.0001021075495973,-2.880670812764882
7273,294.935,12.036304262897504,2540.8403940970716,165.3539262476878,1960.9298747759533,2543.7218169406215,97.84185125612194,71.62402929356443,241.90956549773568,6.845389718775243,1265,-3.000102121837344,-2.880271475416578
7274,294.945,12.036632117028145,2540.8402057141275,165.3527085900189,1960.9339975141015,2543.7216957344494,97.8418038224536,71.62251383811345,241.8462909047486,6.8455884122428206,1265,-3.000102136125556,-2.8798721446415017
7275,294.955,12.036959975739116,2540.840017327619,165.35149145521245,1960.9381201708723,2543.7215745276967,97.84175638869732,71.62099849828134,241.7830176505132,6.845787101505764,1265,-3.0001021504142336,-2.8794728204326923
7276,294.965,12.037287839031999,2540.839828937543,165.35027484300906,1960.9422427462703,2543.721453320363,97.84170895485312,71.6194832740292,241.71974573492713,6.845985786564396,1265,-3.0001021647033776,-2.8790735027832026
7277,294.97499999999997,12.037615706908419,2540.8396405439003,165.34905875344919,1960.9463652403026,2543.7213321124495,97.84166152092098,71.61796816531815,241.65647515788822,6.846184467419034,1265,-3.000102178992988,-2.878674191686077
7278,294.985,12.037943579370028,2540.839452146688,165.34784318638145,1960.9504876529752,2543.721210903956,97.84161408690092,71.61645317210936,241.59320591929438,6.8463831440700025,1265,-3.0001021932830647,-2.878274887134365
7279,294.995,12.03827145641842,2540.8392637459046,165.3466281416627,1960.954609984295,2543.721089694881,97.84156665279293,71.61493829436392,241.5299380190433,6.84658181651762,1265,-3.000102207573608,-2.877875589121112
7280,295.005,12.038599338055233,2540.8390753415497,165.34541361923024,1960.9587322342677,2543.720968485226,97.841519218597,71.613423532043,241.46667145703296,6.846780484762207,1265,-3.0001022218646187,-2.8774762976393684
7281,295.015,12.038927224282117,2540.838886933622,165.3441996189876,1960.9628544028997,2543.7208472749903,97.84147178431316,71.61190888510775,241.40340623316126,6.846979148804086,1265,-3.000102236156096,-2.87707701268218
7282,295.025,12.039255115100685,2540.8386985221186,165.3429861408093,1960.9669764901978,2543.7207260641744,97.84142434994139,71.61039435351933,241.3401423473262,6.847177808643575,1265,-3.0001022504480406,-2.8766777342425804
7283,295.03499999999997,12.03958301051255,2540.8385101070407,165.3417731846004,1960.971098496167,2543.7206048527787,97.8413769154817,71.6088799372389,241.27687979942576,6.847376464280994,1265,-3.000102264740453,-2.876278462313632
7284,295.04499999999996,12.039910910519383,2540.8383216883844,165.34056075026388,1960.9752204208144,2543.7204836408023,97.84132948093409,71.60736563622766,241.21361858935788,6.847575115716664,1265,-3.0001022790333334,-2.8758791968883797
7285,295.055,12.040238815122771,2540.8381332661493,165.3393488376756,1960.9793422641462,2543.7203624282447,97.84128204629857,71.60585145044676,241.15035871702074,6.847773762950906,1265,-3.000102293326682,-2.875479937959853
7286,295.065,12.040566724324428,2540.8379448403357,165.3381374467568,1960.9834640261695,2543.7202412151087,97.84123461157512,71.60433737985741,241.0871001823123,6.847972405984039,1265,-3.000102307620499,-2.8750806855211115
7287,295.075,12.040894638125907,2540.837756410939,165.3369265773606,1960.9875857068891,2543.7201200013906,97.84118717676377,71.60282342442083,241.02384298513076,6.848171044816383,1265,-3.0001023219147847,-2.8746814395652023
7288,295.085,12.041222556528915,2540.8375679779615,165.3357162294692,1960.9917073063123,2543.719998787093,97.84113974186451,71.60130958409819,240.96058712537433,6.848369679448258,1265,-3.0001023362095394,-2.8742822000851627
7289,295.09499999999997,12.041550479535056,2540.837379541399,165.33450640286475,1960.995828824445,2543.7198775722154,97.84109230687733,71.59979585885074,240.89733260294113,6.848568309879983,1265,-3.0001023505047635,-2.873882967074043
7290,295.105,12.041878407145989,2540.837191101252,165.33329709756902,1960.9999502612934,2543.719756356758,97.84104487180224,71.59828224863968,240.8340794177294,6.848766936111878,1265,-3.0001023648004566,-2.8734837405248848
7291,295.115,12.042206339363371,2540.837002657518,165.33208831338246,1961.0040716168648,2543.71963514072,97.84099743663924,71.59676875342625,240.77082756963742,6.848965558144261,1265,-3.000102379096619,-2.8730845204307323
7292,295.125,12.042534276188805,2540.8368142101967,165.33088005024698,1961.0081928911638,2543.7195139241026,97.84095000138836,71.5952553731717,240.70757705856352,6.849164175977454,1265,-3.000102393393252,-2.872685306784634
7293,295.135,12.042862217623993,2540.8366257592857,165.32967230803047,1961.0123140841968,2543.7193927069047,97.84090256604956,71.59374210783726,240.64432788440595,6.8493627896117735,1265,-3.0001024076903544,-2.872286099579626
7294,295.145,12.043190163670545,2540.836437304784,165.32846508667592,1961.0164351959709,2543.7192714891266,97.84085513062286,71.5922289573842,240.58108004706318,6.8495613990475395,1265,-3.000102421987927,-2.8718868988087665
7295,295.155,12.043518114330144,2540.83624884669,165.32725838604273,1961.020556226493,2543.719150270768,97.84080769510824,71.59071592177376,240.51783354643354,6.849760004285072,1265,-3.0001024362859705,-2.87148770446509
7296,295.16499999999996,12.043846069604411,2540.8360603850037,165.326052206039,1961.0246771757677,2543.71902905183,97.84076025950574,71.58920300096725,240.4545883824155,6.849958605324688,1265,-3.000102450584485,-2.8710885165416395
7297,295.17499999999995,12.04417402949504,2540.8358719197226,165.32484654658555,1961.028798043802,2543.7189078323127,97.84071282381535,71.58769019492591,240.39134455490748,6.850157202166707,1265,-3.00010246488347,-2.8706893350314653
7298,295.185,12.044501994003646,2540.835683450846,165.32364140749286,1961.0329188306025,2543.718786612215,97.84066538803705,71.58617750361105,240.32810206380802,6.850355794811448,1265,-3.0001024791829263,-2.8702901599275963
7299,295.195,12.04482996313192,2540.835494978372,165.32243678878416,1961.0370395361745,2543.7186653915373,97.84061795217087,71.58466492698395,240.26486090901565,6.850554383259229,1265,-3.0001024934828546,-2.8698909912230985
7300,295.205,12.045157936881516,2540.8353065022998,165.3212326902666,1961.041160160526,2543.7185441702813,97.8405705162168,71.58315246500594,240.20162109042897,6.850752967510369,1265,-3.000102507783254,-2.869491828910991
7301,295.215,12.045485915254083,2540.835118022627,165.3200291118752,1961.045280703661,2543.7184229484433,97.84052308017483,71.58164011763829,240.13838260794654,6.850951547565185,1265,-3.0001025220841258,-2.8690926729843396
7302,295.22499999999997,12.045813898251291,2540.8349295393527,165.31882605347894,1961.0494011655871,2543.718301726026,97.84047564404497,71.58012788484234,240.075145461467,6.851150123423997,1265,-3.00010253638547,-2.8686935234361752
7303,295.235,12.046141885874837,2540.834741052476,165.3176235150066,1961.0535215463108,2543.718180503028,97.84042820782724,71.5786157665794,240.0119096508891,6.851348695087123,1265,-3.0001025506872856,-2.8682943802595364
7304,295.245,12.04646987812634,2540.834552561997,165.31642149634578,1961.0576418458368,2543.7180592794534,97.84038077152162,71.57710376281084,239.94867517611146,6.851547262554879,1265,-3.0001025649895743,-2.867895243447467
7305,295.255,12.046797875007469,2540.8343640679113,165.31521999741952,1961.0617620641729,2543.717938055296,97.84033333512812,71.57559187349797,239.88544203703287,6.851745825827584,1265,-3.0001025792923364,-2.8674961129930256
7306,295.265,12.047125876519937,2540.8341755702195,165.314019018072,1961.0658822013252,2543.717816830561,97.84028589864674,71.57408009860214,239.82221023355208,6.851944384905557,1265,-3.000102593595572,-2.8670969888892297
7307,295.275,12.047453882665385,2540.8339870689206,165.31281855826205,1961.0700022572987,2543.7176956052463,97.84023846207747,71.5725684380847,239.75897976556794,6.852142939789114,1265,-3.00010260789928,-2.866697871129133
7308,295.28499999999997,12.047781893445501,2540.8337985640114,165.3116186177992,1961.0741222321014,2543.717574379351,97.84019102542032,71.57105689190703,239.69575063297933,6.852341490478573,1265,-3.0001026222034617,-2.866298759705784
7309,295.29499999999996,12.048109908861932,2540.8336100554916,165.3104191966303,1961.0782421257381,2543.717453152876,97.8401435886753,71.56954546003051,239.63252283568502,6.8525400369742515,1265,-3.0001026365081183,-2.8658996546122135
7310,295.305,12.0484379289164,2540.8334215433606,165.30922029469343,1961.0823619382147,2543.717331925822,97.84009615184242,71.56803414241651,239.56929637358397,6.852738579276466,1265,-3.000102650813248,-2.865500555841466
7311,295.315,12.048765953610543,2540.833233027616,165.3080219118191,1961.0864816695387,2543.7172106981884,97.84004871492165,71.5665229390264,239.50607124657515,6.852937117385536,1265,-3.000102665118852,-2.86510146338658
7312,295.325,12.049093982946069,2540.833044508258,165.30682404798935,1961.0906013197166,2543.7170894699757,97.840001277913,71.5650118498216,239.44284745455752,6.853135651301777,1265,-3.0001026794249315,-2.864702377240601
7313,295.335,12.04942201692464,2540.832855985283,165.305626703035,1961.0947208887521,2543.7169682411827,97.83995384081649,71.5635008747635,239.37962499743014,6.853334181025505,1265,-3.0001026937314847,-2.864303297396569
7314,295.34499999999997,12.049750055547934,2540.832667458691,165.30442987683924,1961.098840376655,2543.7168470118113,97.83990640363213,71.56199001381353,239.31640387509202,6.853532706557039,1265,-3.000102708038513,-2.863904223847524
7315,295.355,12.050078098817664,2540.832478928481,165.30323356936069,1961.1029597834283,2543.71672578186,97.8398589663599,71.56047926693307,239.2531840874423,6.853731227896694,1265,-3.0001027223460173,-2.8635051565865117
7316,295.365,12.050406146735508,2540.83229039465,165.30203778045066,1961.1070791090808,2543.7166045513286,97.83981152899979,71.5589686340836,239.18996563437997,6.8539297450447885,1265,-3.000102736653997,-2.8631060956065575
7317,295.375,12.050734199303141,2540.8321018571987,165.30084251003152,1961.111198353617,2543.716483320219,97.83976409155183,71.55745811522651,239.12674851580428,6.854128258001639,1265,-3.0001027509624527,-2.862707040900716
7318,295.385,12.051062256522265,2540.831913316125,165.2996477579992,1961.115317517043,2543.71636208853,97.839716654016,71.55594771032325,239.06353273161443,6.85432676676756,1265,-3.0001027652713845,-2.8623079924620263
7319,295.395,12.051390318394555,2540.831724771427,165.29845352423493,1961.1194365993654,2543.7162408562617,97.83966921639232,71.55443741933529,239.0003182817096,6.854525271342869,1265,-3.000102779580792,-2.861908950283518
7320,295.405,12.051718384921715,2540.8315362231033,165.29725980866527,1961.1235556005915,2543.7161196234133,97.83962177868078,71.55292724222407,238.93710516598904,6.854723771727882,1265,-3.0001027938906764,-2.861509914358235
7321,295.41499999999996,12.052046456105478,2540.8313476711546,165.29606661114184,1961.1276745207267,2543.7159983899874,97.8395743408814,71.55141717895107,238.87389338435207,6.854922267922916,1265,-3.0001028082010373,-2.861110884679217
7322,295.42499999999995,12.052374531947473,2540.831159115576,165.29487393163345,1961.1317933597763,2543.7158771559803,97.83952690299415,71.54990722947775,238.81068293669802,6.855120759928287,1265,-3.0001028225118747,-2.8607118612395146
7323,295.435,12.052702612449432,2540.8309705563697,165.29368176999836,1961.1359121177472,2543.7157559213947,97.83947946501907,71.54839739376558,238.7474738229262,6.855319247744309,1265,-3.00010283682319,-2.860312844032159
7324,295.445,12.053030697613051,2540.830781993533,165.2924901261157,1961.140030794646,2543.7156346862307,97.8394320269561,71.54688767177608,238.68426604293606,6.855517731371301,1265,-3.000102851134983,-2.8599138330501703
7325,295.455,12.053358787440061,2540.8305934270634,165.29129899991534,1961.144149390479,2543.7155134504874,97.83938458880532,71.54537806347072,238.62105959662696,6.855716210809576,1265,-3.000102865447253,-2.8595148282866103
7326,295.465,12.0536868819321,2540.830404856961,165.29010839129091,1961.1482679052515,2543.7153922141642,97.83933715056668,71.543868568811,238.5578544838984,6.855914686059451,1265,-3.000102879760001,-2.8591158297345083
7327,295.47499999999997,12.054014981090914,2540.830216283225,165.28891830015647,1961.1523863389693,2543.7152709772636,97.83928971224019,71.54235918775846,238.49465070464987,6.856113157121241,1265,-3.000102894073228,-2.8587168373869103
7328,295.485,12.054343084918226,2540.8300277058506,165.2877287263588,1961.1565046916407,2543.7151497397817,97.83924227382586,71.5408499202746,238.43144825878088,6.8563116239952615,1265,-3.0001029083869324,-2.8583178512368477
7329,295.495,12.054671193415707,2540.829839124841,165.28653966982833,1961.1606229632703,2543.7150285017224,97.83919483532368,71.53934076632095,238.36824714619104,6.856510086681828,1265,-3.0001029227011156,-2.8579188712773558
7330,295.505,12.054999306585087,2540.8296505401927,165.28535113048602,1961.1647411538643,2543.7149072630837,97.83914739673368,71.53783172585904,238.30504736677986,6.856708545181256,1265,-3.000102937015778,-2.857519897501478
7331,295.515,12.05532742442807,2540.829461951905,165.28416310817522,1961.168859263429,2543.714786023867,97.83909995805583,71.53632279885042,238.24184892044707,6.85690699949386,1265,-3.00010295133092,-2.857120929902237
7332,295.525,12.055655546946385,2540.829273359975,165.28297560288988,1961.1729772919707,2543.714664784071,97.83905251929016,71.53481398525662,238.17865180709228,6.857105449619954,1265,-3.000102965646541,-2.8567219684726908
7333,295.53499999999997,12.055983674141721,2540.8290847644034,165.28178861439645,1961.1770952394963,2543.7145435436955,97.83900508043664,71.53330528503923,238.11545602661516,6.8573038955598555,1265,-3.000102979962641,-2.8563230132058686
7334,295.54499999999996,12.056311806015808,2540.8288961651865,165.28060214276192,1961.1812131060099,2543.7144223027412,97.83895764149528,71.5317966981598,238.05226157891553,6.8575023373138775,1265,-3.0001029942792212,-2.8559240640948107
7335,295.555,12.05663994257038,2540.8287075623252,165.27941618767377,1961.1853308915206,2543.714301061208,97.8389102024661,71.5302882245799,237.98906846389303,6.857700774882334,1265,-3.000103008596282,-2.855525121132536
7336,295.565,12.056968083807105,2540.8285189558173,165.2782307492339,1961.1894485960313,2543.714179819097,97.83886276334908,71.52877986426111,237.9258766814476,6.8578992082655414,1265,-3.000103022913823,-2.855126184312107
7337,295.575,12.057296229727774,2540.8283303456606,165.27704582722487,1961.193566219551,2543.7140585764055,97.83881532414426,71.52727161716504,237.86268623147896,6.858097637463812,1265,-3.000103037231844,-2.854727253626551
7338,295.585,12.057624380334065,2540.8281417318562,165.27586142159015,1961.197683762085,2543.7139373331374,97.83876788485159,71.52576348325326,237.799497113887,6.8582960624774625,1265,-3.000103051550346,-2.8543283290688852
7339,295.59499999999997,12.057952535627699,2540.8279531144,165.2746775322034,1961.2018012236385,2543.713816089289,97.83872044547111,71.52425546248737,237.73630932857165,6.858494483306806,1265,-3.0001030658693297,-2.853929410632167
7340,295.605,12.058280695610419,2540.8277644932928,165.2734941589556,1961.2059186042181,2543.7136948448633,97.83867300600281,71.522747554829,237.67312287543282,6.858692899952157,1265,-3.000103080188794,-2.8535304983094316
7341,295.615,12.058608860283957,2540.827575868531,165.27231130181156,1961.2100359038307,2543.7135735998577,97.83862556644667,71.52123976023975,237.60993775437052,6.858891312413829,1265,-3.0001030945087406,-2.8531315920937037
7342,295.625,12.058937029650039,2540.827387240115,165.27112896057443,1961.214153122482,2543.713452354274,97.83857812680272,71.51973207868129,237.54675396528472,6.859089720692136,1265,-3.0001031088291685,-2.8527326919780185
7343,295.635,12.059265203710371,2540.827198608044,165.26994713522035,1961.2182702601779,2543.7133311081125,97.83853068707096,71.5182245101152,237.48357150807544,6.859288124787391,1265,-3.000103123150078,-2.852333797955425
7344,295.645,12.059593382466733,2540.827009972315,165.2687658256653,1961.2223873169246,2543.713209861371,97.83848324725139,71.51671705450316,237.4203903826428,6.85948652469991,1265,-3.00010313747147,-2.8519349100189473
7345,295.655,12.059921565920801,2540.8268213329275,165.26758503172493,1961.2265042927293,2543.713088614052,97.838435807344,71.5152097118068,237.35721058888686,6.859684920430005,1265,-3.000103151793345,-2.8515360281616218
7346,295.66499999999996,12.060249754074365,2540.8266326898797,165.26640475334506,1961.2306211875962,2543.7129673661548,97.8383883673488,71.51370248198779,237.29403212670778,6.859883311977989,1265,-3.0001031661157023,-2.8511371523764835
7347,295.67499999999995,12.060577946929135,2540.826444043171,165.26522499040817,1961.234738001533,2543.7128461176785,97.83834092726578,71.51219536500778,237.23085499600572,6.860081699344176,1265,-3.0001031804385425,-2.850738282656566
7348,295.685,12.060906144486838,2540.8262553927984,165.26404574285763,1961.2388547345454,2543.712724868623,97.83829348709496,71.51068836082845,237.16767919668095,6.86028008252888,1265,-3.0001031947618664,-2.8503394189949063
7349,295.695,12.06123434674925,2540.826066738765,165.26286701055622,1961.242971386639,2543.7126036189916,97.83824604683633,71.50918146941149,237.1045047286336,6.860478461532414,1265,-3.0001032090856734,-2.8499405613845212
7350,295.705,12.061562553718082,2540.825878081063,165.26168879341316,1961.2470879578204,2543.712482368779,97.8381986064899,71.50767469071857,237.041331591764,6.86067683635509,1265,-3.000103223409964,-2.8495417098184816
7351,295.715,12.061890765395093,2540.825689419696,165.26051109130725,1961.2512044480964,2543.7123611179904,97.83815116605567,71.50616802471139,236.97815978597248,6.860875206997221,1265,-3.0001032377347383,-2.849142864289787
7352,295.72499999999997,12.06221898178202,2540.82550075466,165.25933390417603,1961.2553208574714,2543.7122398666215,97.83810372553361,71.50466147135167,236.91498931115936,6.861073573459121,1265,-3.0001032520599975,-2.848744024791483
7353,295.735,12.06254720288062,2540.825312085955,165.25815723191323,1961.2594371859527,2543.7121186146755,97.8380562849238,71.5031550306011,236.851820167225,6.861271935741103,1265,-3.0001032663857408,-2.848345191316608
7354,295.745,12.062875428692644,2540.82512341358,165.25698107438532,1961.2635534335468,2543.7119973621516,97.83800884422615,71.50164870242142,236.78865235406985,6.861470293843478,1265,-3.0001032807119685,-2.847946363858185
7355,295.755,12.063203659219843,2540.824934737532,165.25580543149874,1961.2676696002586,2543.7118761090487,97.83796140344072,71.50014248677432,236.72548587159432,6.8616686477665585,1265,-3.000103295038681,-2.847547542409251
7356,295.765,12.063531894463948,2540.824746057812,165.2546303032235,1961.271785686096,2543.7117548553683,97.83791396256748,71.49863638362156,236.6623207196989,6.861866997510659,1265,-3.000103309365879,-2.8471487269628346
7357,295.775,12.06386013442674,2540.824557374416,165.25345568937394,1961.2759016910638,2543.7116336011095,97.83786652160647,71.49713039292489,236.59915689828406,6.86206534307609,1265,-3.0001033236935615,-2.846749917511967
7358,295.78499999999997,12.064188379109947,2540.8243686873434,165.2522815898612,1961.2800176151684,2543.711512346272,97.83781908055767,71.49562451464604,236.5359944072504,6.862263684463164,1265,-3.000103338021731,-2.8463511140497
7359,295.79499999999996,12.064516628515351,2540.824179996595,165.25110800468337,1961.2841334584155,2543.711391090857,97.83777163942106,71.49411874874677,236.47283324649845,6.862462021672194,1265,-3.000103352350386,-2.8459523165690372
7360,295.805,12.064844882644708,2540.823991302167,165.24993493358375,1961.288249220812,2543.7112698348637,97.83772419819667,71.49261309518887,236.4096734159289,6.862660354703491,1265,-3.0001033666795265,-2.8455535250630355
7361,295.815,12.065173141499745,2540.823802604059,165.24876237658995,1961.2923649023633,2543.7111485782925,97.8376767568845,71.49110755393407,236.34651491544233,6.862858683557368,1265,-3.0001033810091537,-2.8451547395247085
7362,295.825,12.065501405082262,2540.8236139022697,165.24759033358188,1961.2964805030763,2543.711027321144,97.83762931548455,71.48960212494416,236.28335774493948,6.863057008234136,1265,-3.0001033953392677,-2.8447559599470966
7363,295.835,12.065829673394,2540.823425196797,165.24641880438082,1961.3005960229561,2543.7109060634157,97.83758187399681,71.48809680818094,236.220201904321,6.863255328734106,1265,-3.0001034096698684,-2.844357186323227
7364,295.84499999999997,12.066157946436755,2540.8232364876408,165.24524778895335,1961.3047114620101,2543.710784805111,97.8375344324213,71.4865916036062,236.1570473934876,6.863453645057591,1265,-3.000103424000956,-2.8439584186461295
7365,295.855,12.06648622421227,2540.8230477747984,165.24407728717273,1961.3088268202428,2543.710663546227,97.83748699075801,71.48508651118173,236.0938942123402,6.863651957204902,1265,-3.0001034383325313,-2.843559656908836
7366,295.865,12.066814506722306,2540.82285905827,165.2429072989955,1961.3129420976613,2543.7105422867658,97.83743954900693,71.48358153086937,236.03074236077947,6.86385026517635,1265,-3.0001034526645936,-2.8431609011043766
7367,295.875,12.067142793968646,2540.8226703380533,165.24173782424947,1961.3170572942718,2543.7104210267275,97.83739210716809,71.48207666263092,235.96759183870637,6.864048568972247,1265,-3.000103466997144,-2.8427621512257963
7368,295.885,12.067471085953036,2540.8224816141474,165.24056886286573,1961.3211724100806,2543.7102997661113,97.83734466524146,71.48057190642818,235.90444264602172,6.864246868592902,1265,-3.000103481330182,-2.8423634072660917
7369,295.895,12.067799382677295,2540.8222928865493,165.23940041478028,1961.3252874450925,2543.710178504916,97.83729722322707,71.47906726222303,235.84129478262648,6.864445164038628,1265,-3.000103495663709,-2.8419646692183287
7370,295.905,12.068127684143182,2540.822104155261,165.2382324798256,1961.329402399315,2543.710057243144,97.8372497811249,71.47756272997727,235.7781482484216,6.864643455309737,1265,-3.0001035099977242,-2.8415659370755146
7371,295.91499999999996,12.06845599035244,2540.8219154202775,165.23706505796645,1961.3335172727532,2543.7099359807935,97.83720233893496,71.47605830965276,235.71500304330797,6.864841742406537,1265,-3.000103524332228,-2.8411672108306942
7372,295.92499999999995,12.068784301306897,2540.8217266816005,165.2358981490531,1961.3376320654136,2543.7098147178663,97.83715489665727,71.47455400121136,235.6518591671867,6.865040025329342,1265,-3.0001035386672212,-2.8407684904768793
7373,295.935,12.06911261700829,2540.8215379392263,165.2347317530085,1961.341746777303,2543.7096934543615,97.8371074542918,71.47304980461493,235.58871661995883,6.865238304078459,1265,-3.0001035530027034,-2.840369776007108
7374,295.945,12.069440937458447,2540.821349193154,165.2335658697655,1961.3458614084266,2543.709572190277,97.83706001183856,71.47154571982533,235.5255754015254,6.865436578654201,1265,-3.000103567338675,-2.8399710674144205
7375,295.955,12.069769262659099,2540.821160443385,165.23240049918698,1961.3499759587908,2543.7094509256176,97.83701256929757,71.47004174680445,235.4624355117876,6.865634849056877,1265,-3.0001035816751367,-2.8395723646918185
7376,295.965,12.070097592612042,2540.820971689914,165.23123564114272,1961.3540904284005,2543.709329660379,97.83696512666882,71.46853788551418,235.3992969506465,6.865833115286799,1265,-3.000103596012088,-2.839173667832355
7377,295.97499999999997,12.070425927319091,2540.8207829327416,165.23007129561637,1961.3582048172634,2543.7092083945627,97.83691768395231,71.46703413591638,235.33615971800333,6.866031377344276,1265,-3.0001036103495293,-2.8387749768290416
7378,295.985,12.070754266782028,2540.820594171865,165.22890746242172,1961.3623191253855,2543.7090871281684,97.83687024114803,71.465530497973,235.2730238137593,6.866229635229619,1265,-3.0001036246874615,-2.8383762916749133
7379,295.995,12.071082611002618,2540.8204054072867,165.22774414157482,1961.3664333527722,2543.7089658611985,97.83682279825602,71.46402697164591,235.2098892378157,6.866427888943137,1265,-3.0001036390258844,-2.837977612363012
7380,296.005,12.071410959982678,2540.8202166390015,165.2265813328489,1961.37054749943,2543.70884459365,97.83677535527625,71.46252355689704,235.1467559900738,6.86662613848514,1265,-3.000103653364798,-2.837578938886334
7381,296.015,12.071739313723983,2540.82002786701,165.2254190362261,1961.3746615653642,2543.7087233255247,97.83672791220872,71.46102025368829,235.0836240704349,6.866824383855938,1265,-3.000103667704203,-2.837180271237932
7382,296.025,12.072067672228293,2540.8198390913085,165.22425725159005,1961.3787755505812,2543.7086020568204,97.83668046905343,71.45951706198163,235.02049347880032,6.867022625055841,1265,-3.0001036820440996,-2.836781609410825
7383,296.03499999999997,12.072396035497475,2540.8196503118993,165.22309597879,1961.3828894550877,2543.7084807875403,97.83663302581041,71.45801398173897,234.95736421507155,6.867220862085158,1265,-3.000103696384487,-2.8363829533980316
7384,296.04499999999996,12.072724403533318,2540.819461528778,165.22193521781935,1961.3870032788889,2543.708359517682,97.83658558247966,71.45651101292225,234.8942362791499,6.867419094944198,1265,-3.0001037107253667,-2.8359843031925998
7385,296.055,12.073052776337578,2540.819272741944,165.22077496851063,1961.3911170219912,2543.7082382472463,97.83653813906113,71.45500815549345,234.8311096709369,6.867617323633272,1265,-3.000103725066739,-2.8355856587875365
7386,296.065,12.073381153912065,2540.8190839513973,165.21961523081507,1961.3952306844014,2543.7081169762337,97.83649069555487,71.4535054094145,234.76798439033405,6.867815548152688,1265,-3.0001037394086034,-2.8351870201758764
7387,296.075,12.073709536258605,2540.818895157134,165.21845600460279,1961.3993442661238,2543.707995704643,97.83644325196089,71.45200277464741,234.7048604372428,6.868013768502756,1265,-3.0001037537509605,-2.834788387350653
7388,296.085,12.074037923378988,2540.8187063591567,165.21729728980284,1961.4034577671673,2543.7078744324767,97.83639580827915,71.45050025115411,234.64173781156472,6.868211984683784,1265,-3.0001037680938105,-2.834389760304869
7389,296.09499999999997,12.074366315274995,2540.818517557459,165.21613908623934,1961.4075711875341,2543.707753159731,97.83634836450967,71.44899783889662,234.57861651320144,6.8684101966960815,1265,-3.000103782437154,-2.83399113903158
7390,296.105,12.074694711948482,2540.818328752046,165.21498139388774,1961.411684527234,2543.7076318864115,97.83630092065245,71.44749553783689,234.5154965420546,6.868608404539956,1265,-3.0001037967809903,-2.833592523523783
7391,296.115,12.07502311340123,2540.8181399429095,165.21382421268905,1961.4157977862708,2543.7075106125126,97.83625347670751,71.44599334793693,234.45237789802576,6.868806608215719,1265,-3.0001038111253204,-2.8331939137745215
7392,296.125,12.075351519635038,2540.817951130051,165.21266754244942,1961.419910964651,2543.707389338036,97.83620603267484,71.44449126915877,234.38926058101674,6.869004807723678,1265,-3.0001038254701444,-2.8327953097768126
7393,296.135,12.075679930651757,2540.8177623134707,165.2115113830903,1961.424024062381,2543.707268062983,97.83615858855443,71.44298930146441,234.32614459092918,6.86920300306414,1265,-3.0001038398154622,-2.832396711523689
7394,296.145,12.076008346453168,2540.8175734931638,165.21035573457684,1961.428137079466,2543.7071467873516,97.83611114434628,71.44148744481586,234.26302992766486,6.869401194237414,1265,-3.0001038541612743,-2.831998119008178
7395,296.155,12.076336767041072,2540.8173846691334,165.2092005967413,1961.4322500159133,2543.7070255111453,97.83606370005042,71.43998569917517,234.19991659112554,6.86959938124381,1265,-3.0001038685075816,-2.831599532223277
7396,296.16499999999996,12.076665192417348,2540.817195841375,165.20804596950796,1961.436362871728,2543.706904234361,97.83601625566682,71.43848406450434,234.13680458121314,6.869797564083635,1265,-3.0001038828543836,-2.8312009511620424
7397,296.17499999999995,12.076993622583743,2540.817007009887,165.20689185280165,1961.4404756469164,2543.7067829569987,97.8359688111955,71.43698254076543,234.0736938978294,6.8699957427571965,1265,-3.0001038972016807,-2.8308023758174827
7398,296.185,12.07732205754213,2540.81681817467,165.20573824652467,1961.4445883414853,2543.7066616790607,97.83592136663647,71.4354811279205,234.01058454087627,6.870193917264803,1265,-3.000103911549473,-2.8304038061826158
7399,296.195,12.077650497294282,2540.816629335722,165.20458515051627,1961.4487009554384,2543.7065404005452,97.8358739219897,71.43397982593159,233.94747651025565,6.870392087606763,1265,-3.0001039258977604,-2.8300052422504827
7400,296.205,12.077978941842066,2540.816440493041,165.20343256475834,1961.4528134887853,2543.706419121453,97.83582647725522,71.43247863476077,233.88436980586957,6.870590253783384,1265,-3.000103940246544,-2.8296066840140925
7401,296.215,12.078307391187302,2540.816251646627,165.20228048908726,1961.456925941528,2543.7062978417844,97.83577903243304,71.43097755437012,233.82126442761992,6.870788415794972,1265,-3.0001039545958235,-2.8292081314664776
7402,296.22499999999997,12.078635845331803,2540.816062796476,165.20112892349968,1961.4610383136762,2543.706176561538,97.83573158752313,71.42947658472171,233.7581603754088,6.8709865736418365,1265,-3.000103968945599,-2.828809584600651
7403,296.235,12.078964304277385,2540.81587394259,165.19997786777327,1961.465150605233,2543.706055280716,97.83568414252551,71.42797572577764,233.69505764913825,6.871184727324285,1265,-3.000103983295871,-2.8284110434096346
7404,296.245,12.079292768025882,2540.8156850849646,165.19882732192318,1961.4692628162068,2543.7059339993157,97.83563669744018,71.4264749775,233.63195624871034,6.871382876842624,1265,-3.0001039976466406,-2.8280125078864717
7405,296.255,12.07962123657914,2540.8154962236017,165.19767728577543,1961.4733749466016,2543.705812717341,97.83558925226714,71.42497433985089,233.56885617402722,6.871581022197161,1265,-3.000104011997907,-2.8276139780241527
7406,296.265,12.079949709939012,2540.815307358497,165.19652775927875,1961.4774869964258,2543.7056914347877,97.83554180700638,71.42347381279242,233.505757424991,6.8717791633882035,1265,-3.0001040263496703,-2.827215453815726
7407,296.275,12.08027818810728,2540.8151184896506,165.19537874231386,1961.481598965683,2543.7055701516583,97.83549436165792,71.42197339628672,233.44266000150395,6.8719773004160585,1265,-3.000104040701931,-2.8268169352542003
7408,296.28499999999997,12.080606671085825,2540.8149296170604,165.19423023477393,1961.48571085438,2543.705448867952,97.83544691622176,71.42047309029587,233.3795639034683,6.872175433281033,1265,-3.00010405505469,-2.8264184223326057
7409,296.29499999999996,12.080935158876452,2540.8147407407255,165.1930822365731,1961.489822662523,2543.7053275836693,97.83539947069788,71.41897289478204,233.31646913078626,6.872373561983432,1265,-3.0001040694079464,-2.8260199150439558
7410,296.305,12.081263651481027,2540.8145518606443,165.19193474762122,1961.493934390118,2543.7052062988096,97.83535202508632,71.41747280970738,233.2533756833601,6.872571686523564,1265,-3.0001040837617015,-2.8256214133812683
7411,296.315,12.081592148901361,2540.8143629768165,165.19078776780822,1961.498046037171,2543.7050850133737,97.83530457938706,71.415972835034,233.19028356109226,6.872769806901736,1265,-3.000104098115955,-2.8252229173375776
7412,296.325,12.081920651139319,2540.8141740892383,165.18964129704622,1961.5021576036875,2543.70496372736,97.83525713360008,71.41447297072408,233.127192763885,6.872967923118253,1265,-3.0001041124707064,-2.824824426905892
7413,296.335,12.082249158196753,2540.813985197912,165.1884953352299,1961.5062690896752,2543.704842440772,97.83520968772542,71.41297321673976,233.06410329164072,6.873166035173422,1265,-3.0001041268259576,-2.8244259420792335
7414,296.34499999999997,12.082577670075475,2540.813796302833,165.18734988229676,1961.5103804951377,2543.7047211536055,97.83516224176306,71.41147357304324,233.0010151442619,6.87336414306755,1265,-3.000104141181708,-2.824027462850638
7415,296.355,12.082906186777368,2540.8136074040017,165.18620493810383,1961.5144918200826,2543.704599865864,97.83511479571303,71.40997403959668,232.93792832165093,6.873562246800943,1265,-3.000104155537958,-2.823628989213092
7416,296.365,12.083234708304252,2540.8134185014164,165.18506050261703,1961.5186030645157,2543.7044785775456,97.83506734957527,71.40847461636224,232.8748428237104,6.873760346373907,1265,-3.0001041698947075,-2.8232305211596564
7417,296.375,12.083563234657984,2540.8132295950745,165.18391657560278,1961.5227142284425,2543.7043572886505,97.83501990334985,71.40697530330216,232.81175865034274,6.873958441786748,1265,-3.0001041842519567,-2.8228320586833244
7418,296.385,12.083891765840445,2540.8130406849755,165.18277315714568,1961.5268253118695,2543.7042359991783,97.83497245703671,71.40547610037859,232.74867580145053,6.874156533039771,1265,-3.0001041986097063,-2.8224336017771163
7419,296.395,12.084220301853467,2540.8128517711193,165.1816302469851,1961.5309363148021,2543.7041147091313,97.83492501063591,71.40397700755378,232.68559427693646,6.874354620133282,1265,-3.0001042129679556,-2.822035150434064
7420,296.405,12.08454884269889,2540.8126628535033,165.18048784515864,1961.5350472372472,2543.703993418507,97.83487756414743,71.4024780247899,232.62251407670306,6.874552703067588,1265,-3.0001042273267062,-2.8216367046471724
7421,296.41499999999996,12.084877388378596,2540.812473932126,165.1793459515103,1961.5391580792095,2543.703872127307,97.83483011757124,71.4009791520492,232.55943520065298,6.874750781842994,1265,-3.0001042416859582,-2.8212382644094616
7422,296.42499999999995,12.085205938894426,2540.812285006987,165.17820456590493,1961.5432688406954,2543.7037508355297,97.8347826709074,71.3994803892939,232.496357648689,6.874948856459805,1265,-3.0001042560457107,-2.8208398297139596
7423,296.435,12.08553449424825,2540.8120960780834,165.1770636882767,1961.5473795217126,2543.7036295431767,97.83473522415586,71.39798173648623,232.4332814207138,6.875146926918326,1265,-3.0001042704059646,-2.820441400553679
7424,296.445,12.085863054441914,2540.811907145416,165.17592331861724,1961.5514901222639,2543.7035082502484,97.83468777731666,71.39648319358842,232.37020651663013,6.875344993218864,1265,-3.0001042847667208,-2.8200429769216293
7425,296.455,12.08619161947732,2540.811718208981,165.17478345666353,1961.555600642359,2543.7033869567426,97.83464033038977,71.39498476056276,232.30713293634082,6.875543055361722,1265,-3.000104299127978,-2.8196445588108463
7426,296.465,12.086520189356266,2540.811529268779,165.17364410246506,1961.5597110819997,2543.703265662661,97.83459288337522,71.3934864373715,232.24406067974866,6.875741113347206,1265,-3.000104313489738,-2.819246146214331
7427,296.47499999999997,12.086848764080699,2540.811340324807,165.1725052558096,1961.5638214411958,2543.7031443680034,97.83454543627299,71.39198822397687,232.18098974675652,6.875939167175621,1265,-3.000104327852,-2.8188477391251157
7428,296.485,12.08717734365242,2540.8111513770646,165.17136691672118,1961.567931719951,2543.7030230727687,97.83449798908309,71.39049012034114,232.1179201372673,6.8761372168472725,1265,-3.0001043422147644,-2.8184493375362054
7429,296.495,12.087505928073343,2540.8109624255517,165.17022908497879,1961.5720419182715,2543.7029017769596,97.83445054180551,71.38899212642664,232.054851851184,6.876335262362463,1265,-3.000104356578032,-2.8180509414406125
7430,296.505,12.087834517345325,2540.810773470265,165.16909176057737,1961.5761520361648,2543.702780480574,97.83440309444028,71.38749424219561,231.99178488840946,6.8765333037215,1265,-3.0001043709418034,-2.8176525508313675
7431,296.515,12.088163111470237,2540.8105845112036,165.16795494337,1961.5802620736345,2543.7026591836125,97.83435564698738,71.38599646761038,231.92871924884676,6.876731340924685,1265,-3.0001043853060776,-2.8172541657014807
7432,296.525,12.08849171044992,2540.810395548366,165.1668186333422,1961.5843720306887,2543.7025378860744,97.83430819944681,71.38449880263323,231.86565493239888,6.876929373972326,1265,-3.000104399670855,-2.816855786043971
7433,296.53499999999997,12.088820314286306,2540.810206581752,165.16568283027564,1961.588481907332,2543.7024165879616,97.83426075181858,71.38300124722646,231.8025919389689,6.877127402864724,1265,-3.0001044140361373,-2.816457411851855
7434,296.54499999999996,12.089148922981225,2540.8100176113585,165.1645475341804,1961.5925917035709,2543.702295289271,97.8342133041027,71.38150380135241,231.73953026845993,6.877325427602184,1265,-3.0001044284019227,-2.816059043118141
7435,296.555,12.08947753653661,2540.8098286371855,165.16341274486055,1961.5967014194107,2543.702173990005,97.83416585629915,71.38000646497338,231.67646992077508,6.877523448185013,1265,-3.0001044427682126,-2.815660679835838
7436,296.565,12.089806154954303,2540.809639659231,165.16227846233096,1961.6008110548582,2543.702052690164,97.83411840840795,71.37850923805172,231.61341089581754,6.8777214646135105,1265,-3.000104457135008,-2.815262321997983
7437,296.575,12.090134778236182,2540.809450677495,165.16114468640717,1961.6049206099196,2543.701931389747,97.83407096042909,71.37701212054976,231.55035319349048,6.877919476887984,1265,-3.0001044715023073,-2.8148639695975652
7438,296.585,12.090463406384153,2540.8092616919744,165.16001141702628,1961.6090300845997,2543.701810088754,97.83402351236258,71.37551511242985,231.4872968136971,6.878117485008734,1265,-3.0001044858701116,-2.814465622627617
7439,296.59499999999997,12.09079203940009,2540.809072702668,165.15887865409516,1961.6131394789056,2543.7016887871855,97.83397606420841,71.37401821365434,231.42424175634073,6.878315488976067,1265,-3.0001045002384212,-2.8140672810811576
7440,296.605,12.09112067728586,2540.8088837095743,165.1577463975358,1961.6172487928418,2543.70156748504,97.8339286159666,71.37252142418559,231.3611880213246,6.878513488790287,1265,-3.0001045146072363,-2.8136689449511856
7441,296.615,12.091449320043408,2540.8086947126944,165.15661464723576,1961.6213580264152,2543.70144618232,97.83388116763713,71.37102474398597,231.2981356085521,6.878711484451695,1265,-3.0001045289765575,-2.8132706142307184
7442,296.625,12.091777967674583,2540.8085057120225,165.15548340309508,1961.6254671796328,2543.701324879023,97.83383371922002,71.36952817301786,231.23508451792648,6.8789094759605955,1265,-3.0001045433463847,-2.8128722889127875
7443,296.635,12.092106620181262,2540.808316707563,165.154352664991,1961.6295762524983,2543.7012035751527,97.83378627071527,71.36803171124363,231.17203474935127,6.8791074633172915,1265,-3.0001045577167185,-2.8124739689903744
7444,296.645,12.092435277565366,2540.808127699308,165.1532224328567,1961.6336852450193,2543.701082270704,97.83373882212287,71.36653535862565,231.10898630272985,6.879305446522086,1265,-3.0001045720875585,-2.81207565445653
7445,296.655,12.092763939828787,2540.807938687262,165.1520927066391,1961.6377941572007,2543.700960965682,97.83369137344283,71.36503911512636,231.04593917796566,6.879503425575284,1265,-3.0001045864589058,-2.8116773453042287
7446,296.66499999999996,12.093092606973421,2540.8077496714195,165.15096348615418,1961.6419029890496,2543.700839660083,97.83364392467516,71.36354298070815,230.9828933749622,6.8797014004771855,1265,-3.0001046008307597,-2.8112790415265083
7447,296.67499999999995,12.093421279001163,2540.8075606517814,165.14983477136673,1961.6460117405704,2543.7007183539085,97.83359647581985,71.36204695533341,230.919848893623,6.8798993712280945,1265,-3.0001046152031208,-2.8108807431163756
7448,296.685,12.09374995591393,2540.807371628346,165.14870656215768,1961.6501204117706,2543.700597047159,97.83354902687688,71.36055103896459,230.85680573385162,6.880097337828315,1265,-3.0001046295759894,-2.8104824500668393
7449,296.695,12.094078637713574,2540.807182601112,165.14757885848263,1961.6542290026548,2543.7004757398345,97.83350157784629,71.35905523156407,230.79376389555165,6.880295300278148,1265,-3.000104643949366,-2.810084162370903
7450,296.705,12.094407324402054,2540.806993570078,165.14645166015956,1961.6583375132293,2543.7003544319346,97.83345412872808,71.35755953309433,230.73072337862672,6.880493258577897,1265,-3.000104658323251,-2.809685880021595
7451,296.715,12.094736015981226,2540.8068045352416,165.14532496715873,1961.6624459435009,2543.7002331234585,97.83340667952221,71.3560639435178,230.6676841829805,6.880691212727864,1265,-3.0001046726976437,-2.809287603011923
7452,296.72499999999997,12.095064712453052,2540.8066154966,165.14419877937706,1961.6665542934743,2543.700111814406,97.83335923022875,71.35456846279692,230.6046463085167,6.8808891627283515,1265,-3.000104687072545,-2.808889331334912
7453,296.735,12.095393413819385,2540.8064264541563,165.14307309670664,1961.6706625631557,2543.6999905047787,97.83331178084764,71.35307309089416,230.54160975513904,6.881087108579662,1265,-3.000104701447955,-2.808491064983533
7454,296.745,12.095722120082163,2540.8062374079077,165.14194791900587,1961.6747707525521,2543.6998691945773,97.83326433137889,71.35157782777195,230.47857452275125,6.881285050282097,1265,-3.0001047158238747,-2.8080928039508315
7455,296.755,12.096050831243295,2540.806048357851,165.14082324626196,1961.6788788616684,2543.6997478838002,97.83321688182254,71.35008267339278,230.41554061125711,6.881482987835958,1265,-3.000104730200303,-2.807694548229808
7456,296.765,12.09637954730469,2540.805859303985,165.1396990783744,1961.6829868905104,2543.699626572446,97.83316943217855,71.34858762771911,230.35250802056052,6.881680921241549,1265,-3.000104744577241,-2.807296297813475
7457,296.775,12.096708268268268,2540.8056702463095,165.13857541519928,1961.6870948390842,2543.6995052605175,97.83312198244695,71.34709269071345,230.2894767505653,6.881878850499169,1265,-3.000104758954689,-2.806898052694842
7458,296.78499999999997,12.097036994135935,2540.8054811848237,165.13745225661765,1961.6912027073959,2543.6993839480147,97.83307453262773,71.34559786233828,230.22644680117534,6.882076775609122,1265,-3.0001047733326467,-2.8064998128669063
7459,296.79499999999996,12.097365724909606,2540.8052921195253,165.13632960262987,1961.6953104954512,2543.6992626349365,97.83302708272089,71.34410314255608,230.16341817229454,6.882274696571709,1265,-3.0001047877111144,-2.806101578322693
7460,296.805,12.097694460591233,2540.805103050413,165.13520745308537,1961.6994182032563,2543.699141321283,97.83297963272643,71.3426085313294,230.10039086382687,6.882472613387232,1265,-3.000104802090093,-2.8057033490552015
7461,296.815,12.09802320118267,2540.8049139774844,165.13408580787842,1961.7035258308165,2543.6990200070536,97.83293218264436,71.34111402862071,230.03736487567636,6.88267052605599,1265,-3.0001048164695825,-2.8053051250574557
7462,296.825,12.098351946685906,2540.804724900739,165.13296466694374,1961.7076333781376,2543.698898692249,97.83288473247468,71.33961963439255,229.974340207747,6.8828684345782865,1265,-3.0001048308495823,-2.8049069063224574
7463,296.835,12.098680697102822,2540.804535820177,165.13184403016632,1961.711740845227,2543.6987773768697,97.83283728221738,71.33812534860745,229.91131685994287,6.883066338954423,1265,-3.000104845230094,-2.8045086928432013
7464,296.84499999999997,12.09900945243537,2540.804346735795,165.13072389743687,1961.715848232089,2543.6986560609157,97.83278983187247,71.33663117122794,229.84829483216808,6.883264239184699,1265,-3.000104859611117,-2.804110484612717
7465,296.855,12.099338212685447,2540.8041576475916,165.12960426871808,1961.7199555387303,2543.6985347443856,97.83274238143997,71.33513710221656,229.7852741243267,6.883462135269416,1265,-3.0001048739926506,-2.803712281623995
7466,296.865,12.09966697785502,2540.8039685555677,165.128485143851,1961.724062765156,2543.698413427282,97.83269493091986,71.33364314153584,229.72225473632292,6.883660027208875,1265,-3.0001048883746977,-2.803314083870054
7467,296.875,12.099995747945975,2540.8037794597185,165.12736652279855,1961.728169911373,2543.6982921096014,97.83264748031213,71.33214928914838,229.65923666806088,6.883857915003377,1265,-3.000104902757256,-2.8029158913438983
7468,296.885,12.100324522960278,2540.8035903600457,165.1262484054113,1961.7322769773873,2543.6981707913474,97.83260002961683,71.3306555450167,229.5962199194449,6.884055798653223,1265,-3.0001049171403267,-2.8025177040385274
7469,296.895,12.100653302899856,2540.8034012565463,165.12513079162667,1961.736383963204,2543.6980494725176,97.8325525788339,71.3291619091034,229.53320449037918,6.8842536781587125,1265,-3.0001049315239112,-2.8021195219469686
7470,296.905,12.100982087766628,2540.803212149221,165.12401368134124,1961.7404908688281,2543.6979281531153,97.83250512796337,71.32766838137104,229.47019038076797,6.8844515535201465,1265,-3.0001049459080074,-2.8017213450622016
7471,296.91499999999996,12.101310877562545,2540.8030230380655,165.12289707449332,1961.7445976942672,2543.6978068331355,97.83245767700527,71.32617496178223,229.4071775905157,6.884649424737826,1265,-3.0001049602926173,-2.8013231733772574
7472,296.92499999999995,12.10163967228953,2540.8028339230796,165.1217809709287,1961.7487044395268,2543.697685512582,97.83241022595955,71.32468165029954,229.34416611952665,6.884847291812051,1265,-3.000104974677741,-2.8009250068851297
7473,296.935,12.101968471949544,2540.802644804262,165.12066537059061,1961.7528111046117,2543.6975641914532,97.83236277482624,71.32318844688557,229.28115596770522,6.88504515474312,1265,-3.0001049890633786,-2.800526845578834
7474,296.945,12.1022972765445,2540.8024556816113,165.1195502733923,1961.7569176895295,2543.697442869749,97.83231532360533,71.32169535150292,229.21814713495584,6.885243013531335,1265,-3.0001050034495296,-2.800128689451369
7475,296.955,12.102626086076361,2540.8022665551266,165.11843567919064,1961.761024194284,2543.6973215474713,97.83226787229685,71.32020236411422,229.15513962118294,6.885440868176995,1265,-3.0001050178361948,-2.799730538495731
7476,296.965,12.102954900547067,2540.802077424807,165.11732158796963,1961.7651306188836,2543.6972002246184,97.83222042090077,71.3187094846821,229.092133426291,6.885638718680401,1265,-3.0001050322233747,-2.7993323927049376
7477,296.97499999999997,12.103283719958577,2540.8018882906485,165.11620799959115,1961.7692369633317,2543.6970789011903,97.83217296941712,71.31721671316917,229.02912855018465,6.885836565041851,1265,-3.0001050466110692,-2.7989342520719975
7478,296.985,12.103612544312812,2540.8016991526524,165.11509491394054,1961.7733432276361,2543.6969575771877,97.83212551784585,71.31572404953808,228.96612499276833,6.886034407261644,1265,-3.0001050609992785,-2.798536116589914
7479,296.995,12.103941373611722,2540.8015100108178,165.11398233098467,1961.777449411801,2543.6968362526113,97.83207806618704,71.31423149375145,228.90312275394666,6.886232245340083,1265,-3.0001050753880025,-2.798137986251678
7480,297.005,12.104270207857285,2540.80132086514,165.11287025054855,1961.7815555158331,2543.6967149274587,97.83203061444063,71.31273904577195,228.84012183362427,6.886430079277464,1265,-3.000105089777243,-2.7977398610503124
7481,297.015,12.104599047051423,2540.801131715621,165.11175867258785,1961.7856615397384,2543.6965936017327,97.83198316260663,71.31124670556223,228.7771222317058,6.886627909074088,1265,-3.0001051041669986,-2.7973417409788026
7482,297.025,12.104927891196104,2540.800942562257,165.11064759700307,1961.789767483522,2543.696472275432,97.83193571068504,71.30975447308495,228.71412394809596,6.8868257347302535,1265,-3.00010511855727,-2.796943626030166
7483,297.03499999999997,12.105256740293283,2540.800753405049,165.10953702371995,1961.793873347191,2543.6963509485563,97.8318882586759,71.30826234830279,228.65112698269945,6.887023556246261,1265,-3.000105132948058,-2.7965455161974058
7484,297.04499999999996,12.105585594344927,2540.8005642439944,165.10842695259197,1961.7979791307507,2543.6962296211077,97.83184080657918,71.30677033117841,228.58813133542102,6.887221373622407,1265,-3.0001051473393616,-2.796147411473516
7485,297.055,12.105914453352968,2540.800375079091,165.1073173835804,1961.802084834207,2543.6961082930825,97.83179335439488,71.30527842167453,228.5251370061655,6.887419186858993,1265,-3.0001051617311827,-2.7957493118515018
7486,297.065,12.106243317319379,2540.8001859103388,165.1062083165833,1961.8061904575645,2543.6959869644843,97.83174590212302,71.30378661975382,228.46214399483765,6.887616995956315,1265,-3.00010517612352,-2.795351217324378
7487,297.075,12.106572186246126,2540.7999967377355,165.10509975144382,1961.810296000831,2543.6958656353104,97.83169844976358,71.30229492537899,228.3991523013423,6.887814800914676,1265,-3.0001051905163747,-2.794953127885137
7488,297.085,12.106901060135174,2540.79980756128,165.10399168816687,1961.814401464011,2543.695744305563,97.83165099731657,71.30080333851274,228.3361619255844,6.88801260173437,1265,-3.000105204909747,-2.7945550435267865
7489,297.09499999999997,12.107229938988452,2540.799618380971,165.10288412662263,1961.8185068471103,2543.695622975241,97.831603544782,71.29931185911778,228.27317286746884,6.888210398415699,1265,-3.0001052193036375,-2.794156964242331
7490,297.105,12.107558822807977,2540.799429196808,165.10177706666838,1961.822612150136,2543.695501644345,97.83155609215987,71.29782048715684,228.2101851269006,6.888408190958958,1265,-3.000105233698045,-2.7937588900247525
7491,297.115,12.107887711595692,2540.7992400087883,165.10067050824077,1961.8267173730924,2543.695380312875,97.83150863945016,71.29632922259265,228.14719870378462,6.888605979364448,1265,-3.0001052480929706,-2.79336082086707
7492,297.125,12.10821660535358,2540.79905081691,165.09956445127924,1961.830822515987,2543.695258980829,97.8314611866529,71.29483806538792,228.0842135980259,6.888803763632466,1265,-3.0001052624884155,-2.7929627567622903
7493,297.135,12.108545504083594,2540.798861621174,165.09845889567313,1961.834927578824,2543.6951376482093,97.83141373376809,71.29334701550543,228.0212298095296,6.889001543763311,1265,-3.000105276884378,-2.792564697703397
7494,297.145,12.108874407787695,2540.7986724215784,165.0973538413137,1961.8390325616103,2543.695016315017,97.83136628079572,71.29185607290792,227.95824733820066,6.88919931975728,1265,-3.0001052912808603,-2.7921666436834003
7495,297.155,12.109203316467886,2540.7984832181205,165.0962492880845,1961.8431374643508,2543.6948949812504,97.83131882773579,71.29036523755812,227.8952661839443,6.88939709161467,1265,-3.0001053056778613,-2.791768594695286
7496,297.16499999999996,12.109532230126124,2540.798294010799,165.09514523597835,1961.8472422870523,2543.694773646908,97.8312713745883,71.28887450941883,227.83228634666563,6.889594859335781,1265,-3.0001053200753813,-2.7913705507320863
7497,297.17499999999995,12.10986114876442,2540.7981047996127,165.09404168478753,1961.8513470297205,2543.6946523119914,97.83122392135326,71.2873838884528,227.76930782626982,6.889792622920909,1265,-3.000105334473421,-2.790972511786787
7498,297.185,12.1101900723847,2540.797915584561,165.09293863452666,1961.8554516923607,2543.6945309765006,97.83117646803066,71.28589337462282,227.70633062266208,6.889990382370354,1265,-3.0001053488719815,-2.790574477852369
7499,297.195,12.110519000988965,2540.797726365642,165.09183608503622,1961.8595562749786,2543.6944096404363,97.83112901462052,71.28440296789167,227.6433547357477,6.89018813768441,1265,-3.000105363271061,-2.7901764489218475
7500,297.205,12.110847934579217,2540.7975371428565,165.0907340362299,1961.863660777581,2543.6942883037987,97.83108156112283,71.28291266822214,227.58038016543188,6.890385888863376,1265,-3.0001053776706614,-2.7897784249882194
7501,297.215,12.111176873157428,2540.7973479161988,165.08963248805037,1961.8677652001718,2543.694166966586,97.8310341075376,71.28142247557703,227.51740691162,6.890583635907548,1265,-3.000105392070783,-2.7893804060445055
7502,297.22499999999997,12.111505816725579,2540.7971586856693,165.0885314403854,1961.8718695427597,2543.694045628799,97.83098665386484,71.27993238991915,227.4544349742174,6.890781378817227,1265,-3.000105406471425,-2.788982392083663
7503,297.235,12.111834765285638,2540.7969694512694,165.08743089308732,1961.8759738053475,2543.6939242904396,97.83093920010451,71.27844241121133,227.39146435312946,6.890979117592706,1265,-3.0001054208725875,-2.7885843830987103
7504,297.245,12.112163718839613,2540.7967802129942,165.0863308461854,1961.8800779879432,2543.693802951505,97.83089174625667,71.27695253941636,227.32849504826154,6.891176852234283,1265,-3.0001054352742718,-2.788186379082655
7505,297.255,12.112492677389513,2540.796590970845,165.08523129948395,1961.8841820905523,2543.693681611998,97.83084429232126,71.2754627744971,227.26552705951917,6.891374582742255,1265,-3.0001054496764783,-2.787788380028483
7506,297.265,12.11282164093729,2540.796401724818,165.08413225292068,1961.8882861131788,2543.693560271915,97.83079683829833,71.27397311641636,227.2025603868078,6.89157230911692,1265,-3.0001054640792058,-2.7873903859291964
7507,297.275,12.113150609484943,2540.7962124749133,165.08303370641838,1961.8923900558302,2543.6934389312596,97.83074938418787,71.272483565137,227.13959503003286,6.891770031358572,1265,-3.0001054784824563,-2.786992396777789
7508,297.28499999999997,12.113479583034485,2540.796023221129,165.08193565983873,1961.8964939185125,2543.69331759003,97.83070192998986,71.27099412062184,227.07663098909995,6.8919677494675105,1265,-3.0001054928862283,-2.786594412567262
7509,297.29499999999996,12.113808561587915,2540.795833963464,165.08083811314975,1961.9005977012307,2543.693196248226,97.83065447570432,71.26950478283376,227.01366826391467,6.892165463444029,1265,-3.000105507290524,-2.7861964332906064
7510,297.305,12.114137545147214,2540.795644701916,165.07974106622606,1961.9047014039897,2543.6930749058483,97.83060702133126,71.26801555173563,226.95070685438262,6.892363173288426,1265,-3.000105521695342,-2.785798458940823
7511,297.315,12.114466533714394,2540.795455436486,165.0786445189792,1961.9088050267985,2543.6929535628988,97.83055956687066,71.2665264272903,226.88774676040939,6.892560879000997,1265,-3.000105536100683,-2.785400489510908
7512,297.325,12.114795527291419,2540.7952661671698,165.0775484713061,1961.912908569659,2543.6928322193735,97.83051211232254,71.26503740946067,226.8247879819007,6.892758580582037,1265,-3.0001055505065475,-2.785002524993855
7513,297.335,12.115124525880338,2540.7950768939663,165.07645292315502,1961.9170120325796,2543.6927108752734,97.83046465768689,71.26354849820962,226.76183051876225,6.892956278031844,1265,-3.0001055649129356,-2.784604565382678
7514,297.34499999999997,12.115453529483139,2540.794887616878,165.07535787436373,1961.9211154155653,2543.692589530603,97.83041720296372,71.26205969350003,226.69887437089977,6.893153971350713,1265,-3.0001055793198472,-2.7842066106703283
7515,297.355,12.115782538101827,2540.794698335899,165.07426332492508,1961.9252187186214,2543.692468185357,97.83036974815302,71.2605709952948,226.635919538219,6.893351660538938,1265,-3.000105593727284,-2.7838086608498576
7516,297.365,12.11611155173841,2540.7945090510284,165.0731692746757,1961.9293219417539,2543.6923468395366,97.83032229325481,71.25908240355685,226.5729660206258,6.893549345596818,1265,-3.0001056081352444,-2.7834107159142096
7517,297.375,12.116440570394873,2540.7943197622676,165.07207572356478,1961.933425084969,2543.692225493144,97.83027483826908,71.25759391824909,226.510013818026,6.893747026524648,1265,-3.0001056225437295,-2.7830127758564163
7518,297.385,12.116769594073244,2540.794130469613,165.07098267149811,1961.9375281482728,2543.692104146177,97.83022738319585,71.25610553933441,226.44706293032547,6.893944703322721,1265,-3.000105636952739,-2.782614840669452
7519,297.395,12.11709862277554,2540.793941173064,165.06989011837186,1961.9416311316704,2543.691982798637,97.8301799280351,71.2546172667758,226.3841133574301,6.8941423759913345,1265,-3.000105651362274,-2.782216910346319
7520,297.405,12.117427656503768,2540.7937518726194,165.0687980640642,1961.9457340351676,2543.6918614505234,97.83013247278681,71.25312910053613,226.32116509924583,6.894340044530783,1265,-3.0001056657723346,-2.7818189848800103
7521,297.41499999999996,12.117756695259962,2540.7935625682776,165.06770650851885,1961.9498368587706,2543.691740101837,97.83008501745101,71.25164104057836,226.2582181556786,6.894537708941362,1265,-3.0001056801829202,-2.78142106426351
7522,297.42499999999995,12.118085739046105,2540.793373260036,165.0666154516491,1961.953939602484,2543.691618752576,97.83003756202773,71.25015308686545,226.19527252663445,6.894735369223367,1265,-3.0001056945940325,-2.7810231484898313
7523,297.435,12.11841478786423,2540.793183947895,165.06552489336786,1961.958042266315,2543.6914974027413,97.82999010651693,71.24866523936036,226.1323282120194,6.8949330253770915,1265,-3.00010570900567,-2.7806252375519405
7524,297.445,12.118743841716354,2540.7929946318527,165.06443483355395,1961.9621448502692,2543.691376052334,97.82994265091861,71.24717749802605,226.06938521173953,6.8951306774028325,1265,-3.0001057234178345,-2.7802273314428554
7525,297.455,12.119072900604483,2540.7928053119076,165.06334527209702,1961.9662473543508,2543.691254701353,97.82989519523278,71.24568986282546,226.00644352570092,6.895328325300883,1265,-3.0001057378305256,-2.77982943015555
7526,297.465,12.119401964530667,2540.7926159880585,165.0622562089634,1961.970349778568,2543.6911333498,97.82984773945947,71.24420233372159,225.94350315380973,6.895525969071538,1265,-3.0001057522437438,-2.7794315336830304
7527,297.47499999999997,12.119731033496954,2540.7924266603027,165.0611676440659,1961.9744521229245,2543.6910119976715,97.82980028359864,71.24271491067742,225.88056409597206,6.895723608715092,1265,-3.000105766657488,-2.7790336420182715
7528,297.485,12.120060107505275,2540.7922373286415,165.06007957727428,1961.978554387427,2543.690890644971,97.82975282765032,71.24122759365595,225.8176263520942,6.895921244231841,1265,-3.0001057810717606,-2.77863575515429
7529,297.495,12.120389186557743,2540.792047993072,165.05899200846494,1961.9826565720805,2543.690769291698,97.82970537161451,71.23974038262017,225.75468992208235,6.8961188756220775,1265,-3.0001057954865606,-2.778237873084053
7530,297.505,12.120718270656354,2540.791858653592,165.05790493760784,1961.9867586768926,2543.6906479378504,97.82965791549118,71.23825327753309,225.69175480584278,6.896316502886097,1265,-3.0001058099018882,-2.7778399958005697
7531,297.515,12.121047359803159,2540.791669310201,165.05681836462884,1961.9908607018674,2543.69052658343,97.82961045928037,71.23676627835772,225.62882100328173,6.896514126024193,1265,-3.0001058243177443,-2.777442123296823
7532,297.525,12.12137645400015,2540.7914799628993,165.05573228937482,1961.9949626470107,2543.690405228437,97.82956300298208,71.23527938505705,225.56588851430556,6.896711745036659,1265,-3.000105838734128,-2.7770442555657935
7533,297.53499999999997,12.121705553249415,2540.791290611682,165.05464671174607,1961.9990645123287,2543.69028387287,97.82951554659628,71.23379259759416,225.50295733882064,6.8969093599237885,1265,-3.0001058531510414,-2.7766463926004796
7534,297.54499999999996,12.122034657552938,2540.7911012565505,165.0535616317209,1962.0031662978276,2543.6901625167307,97.829468090123,71.23230591593203,225.44002747673338,6.897106970685878,1265,-3.000105867568483,-2.77624853439389
7535,297.555,12.122363766912743,2540.790911897501,165.05247704918244,1962.0072680035112,2543.6900411600172,97.82942063356221,71.23081934003372,225.37709892795016,6.8973045773232196,1265,-3.0001058819864537,-2.7758506809389916
7536,297.565,12.12269288133095,2540.7907225345334,165.05139296400174,1962.011369629388,2543.689919802731,97.82937317691396,71.22933286986228,225.3141716923775,6.897502179836107,1265,-3.000105896404954,-2.7754528322287713
7537,297.575,12.123022000809511,2540.790533167649,165.0503093760931,1962.0154711754615,2543.689798444873,97.8293257201782,71.22784650538077,225.25124576992184,6.897699778224833,1265,-3.0001059108239834,-2.7750549882562314
7538,297.585,12.123351125350519,2540.790343796842,165.04922628544307,1962.0195726417394,2543.6896770864405,97.82927826335498,71.22636024655223,225.1883211604897,6.897897372489693,1265,-3.000105925243543,-2.7746571490143674
7539,297.59499999999997,12.123680254955994,2540.7901544221136,165.0481436918666,1962.0236740282253,2543.689555727435,97.82923080644427,71.22487409333975,225.12539786398767,6.898094962630978,1265,-3.0001059396636327,-2.7742593144961445
7540,297.605,12.124009389627993,2540.789965043462,165.04706159531136,1962.0277753349267,2543.689434367858,97.8291833494461,71.22338804570637,225.06247588032235,6.898292548648983,1265,-3.000105954084253,-2.7738614846945677
7541,297.615,12.124338529368554,2540.7897756608854,165.0459799956981,1962.0318765618476,2543.6893130077074,97.82913589236043,71.22190210361522,224.9995552094003,6.898490130544,1265,-3.0001059685054035,-2.773463659602613
7542,297.625,12.12466767417971,2540.789586274382,165.0448988929072,1962.035977708995,2543.689191646983,97.82908843518729,71.22041626702936,224.93663585112824,6.898687708316322,1265,-3.0001059829270855,-2.773065839213289
7543,297.635,12.124996824063544,2540.789396883951,165.04381828687053,1962.040078776375,2543.6890702856863,97.82904097792667,71.21893053591188,224.8737178054128,6.898885281966244,1265,-3.0001059973492983,-2.772668023519558
7544,297.645,12.125325979022094,2540.7892074895917,165.0427381775066,1962.0441797639921,2543.688948923817,97.82899352057859,71.2174449102259,224.81080107216079,6.8990828514940565,1265,-3.000106011772042,-2.7722702125144356
7545,297.655,12.125655139057397,2540.789018091302,165.0416585646957,1962.0482806718528,2543.6888275613746,97.82894606314304,71.2159593899345,224.74788565127892,6.899280416900052,1265,-3.0001060261953176,-2.7718724061908775
7546,297.66499999999996,12.125984304171485,2540.7888286890816,165.04057944834645,1962.0523814999628,2543.6887061983603,97.82889860562,71.21447397500083,224.68497154267394,6.8994779781845255,1265,-3.0001060406191256,-2.771474604541883
7547,297.67499999999995,12.12631347436648,2540.788639282927,165.0395008283923,1962.056482248328,2543.6885848347724,97.8288511480095,71.21298866538798,224.62205874625272,6.899675535347767,1265,-3.0001060550434655,-2.771076807560451
7548,297.685,12.126642649644388,2540.788449872837,165.03842270471986,1962.0605829169533,2543.6884634706116,97.82880369031155,71.21150346105911,224.55914726192208,6.899873088390072,1265,-3.0001060694683375,-2.7706790152395553
7549,297.695,12.126971830007275,2540.788260458813,165.0373450772689,1962.0646835058446,2543.688342105879,97.82875623252613,71.21001836197735,224.49623708958887,6.900070637311728,1265,-3.000106083893742,-2.7702812275721738
7550,297.705,12.127301015457201,2540.7880710408504,165.0362679459227,1962.0687840150074,2543.6882207405724,97.82870877465324,71.20853336810583,224.43332822916008,6.900268182113032,1265,-3.0001060983196797,-2.769883444551312
7551,297.715,12.127630205996246,2540.7878816189495,165.03519131060247,1962.0728844444488,2543.6880993746936,97.82866131669289,71.20704847940773,224.37042068054262,6.900465722794274,1265,-3.0001061127461504,-2.769485666169944
7552,297.72499999999997,12.127959401626445,2540.7876921931093,165.03411517121123,1962.0769847941735,2543.687978008243,97.82861385864508,71.20556369584617,224.30751444364347,6.9006632593557455,1265,-3.0001061271731544,-2.7690878924210542
7553,297.735,12.128288602349864,2540.7875027633268,165.03303952764847,1962.081085064187,2543.687856641219,97.82856640050983,71.20407901738434,224.24460951836966,6.900860791797739,1265,-3.0001061416006922,-2.768690123297642
7554,297.745,12.128617808168599,2540.7873133296025,165.03196437987117,1962.085185254495,2543.6877352736224,97.82851894228712,71.2025944439854,224.18170590462825,6.901058320120547,1265,-3.0001061560287643,-2.768292358792661
7555,297.755,12.12894701908468,2540.787123891934,165.03088972774893,1962.0892853651042,2543.687613905454,97.82847148397694,71.20110997561252,224.11880360232624,6.90125584432446,1265,-3.00010617045737,-2.767894598899115
7556,297.765,12.129276235100205,2540.786934450319,165.02981557115754,1962.0933853960191,2543.6874925367124,97.82842402557932,71.19962561222891,224.05590261137084,6.901453364409771,1265,-3.00010618488651,-2.7674968436099903
7557,297.775,12.129605456217222,2540.786745004758,165.0287419100907,1962.0974853472455,2543.6873711673984,97.82837656709424,71.19814135379775,223.9930029316691,6.901650880376769,1265,-3.0001061993161846,-2.7670990929182637
7558,297.78499999999997,12.129934682437824,2540.786555555249,165.02766874437538,1962.101585218791,2543.6872497975123,97.82832910852171,71.19665720028225,223.93010456312828,6.901848392225748,1265,-3.000106213746394,-2.7667013468169266
7559,297.79499999999996,12.130263913764072,2540.786366101791,165.02659607397314,1962.1056850106588,2543.687128427054,97.82828164986176,71.19517315164559,223.86720750565553,6.902045899956998,1265,-3.000106228177139,-2.7663036052989485
7560,297.805,12.130593150198044,2540.78617664438,165.0255238987963,1962.109784722855,2543.6870070560226,97.82823419111433,71.193689207851,223.80431175915814,6.902243403570811,1265,-3.0001062426084197,-2.7659058683573234
7561,297.815,12.130922391741795,2540.785987183018,165.02445221871713,1962.1138843553867,2543.68688568442,97.82818673227948,71.1922053688617,223.74141732354335,6.902440903067477,1265,-3.0001062570402355,-2.7655081359850273
7562,297.825,12.131251638397444,2540.785797717702,165.02338103368473,1962.117983908258,2543.6867643122437,97.82813927335718,71.19072163464094,223.67852419871846,6.902638398447288,1265,-3.000106271472587,-2.765110408175043
7563,297.835,12.131580890167045,2540.78560824843,165.02231034358235,1962.1220833814755,2543.6866429394954,97.82809181434745,71.1892380051519,223.61563238459084,6.902835889710533,1265,-3.000106285905475,-2.76471268492036
7564,297.84499999999997,12.131910147052675,2540.7854187752027,165.02124014832785,1962.1261827750457,2543.6865215661746,97.82804435525027,71.18775448035787,223.55274188106787,6.903033376857507,1265,-3.0001063003388992,-2.7643149662139543
7565,297.855,12.132239409056433,2540.785229298017,165.02017044778958,1962.1302820889728,2543.6864001922822,97.82799689606566,71.18627106022207,223.4898526880569,6.903230859888496,1265,-3.0001063147728604,-2.7639172520488002
7566,297.865,12.132568676180378,2540.785039816872,165.01910124199594,1962.134381323262,2543.6862788178178,97.8279494367936,71.18478774470775,223.42696480546545,6.903428338803793,1265,-3.000106329207358,-2.7635195424178853
7567,297.875,12.132897948426617,2540.784850331765,165.018032530742,1962.1384804779207,2543.68615744278,97.82790197743412,71.1833045337782,223.36407823320087,6.903625813603687,1265,-3.0001063436423925,-2.7631218373141975
7568,297.885,12.133227225797247,2540.784660842698,165.01696431402183,1962.1425795529544,2543.686036067171,97.8278545179872,71.18182142739666,223.30119297117076,6.90382328428847,1265,-3.000106358077965,-2.7627241367307054
7569,297.895,12.13355650829433,2540.7844713496675,165.01589659164478,1962.1466785483672,2543.6859146909906,97.82780705845285,71.18033842552643,223.2383090192826,6.904020750858432,1265,-3.0001063725140753,-2.7623264406603827
7570,297.905,12.133885795919978,2540.7842818526706,165.01482936359156,1962.150777464167,2543.685793314236,97.82775959883108,71.17885552813077,223.17542637744404,6.904218213313863,1265,-3.0001063869507227,-2.7619287490962368
7571,297.91499999999996,12.134215088676287,2540.7840923517088,165.01376262978363,1962.1548763003566,2543.6856719369107,97.82771213912189,71.17737273517297,223.1125450455626,6.904415671655052,1265,-3.0001064013879093,-2.7615310620312163
7572,297.92499999999995,12.13454438656531,2540.7839028467793,165.01269639009953,1962.158975056944,2543.6855505590133,97.82766467932525,71.17589004661633,223.04966502354588,6.90461312588229,1265,-3.000106415825633,-2.7611333794583253
7573,297.935,12.134873689589199,2540.7837133378803,165.01163064444154,1962.1630737339347,2543.6854291805435,97.8276172194412,71.17440746242418,222.9867863113016,6.9048105759958665,1265,-3.000106430263897,-2.7607357013705216
7574,297.945,12.135202997749984,2540.783523825011,165.01056539276138,1962.1671723313336,2543.685307801502,97.82756975946974,71.17292498255979,222.9239089087375,6.905008021996071,1265,-3.000106444702699,-2.7603380277608025
7575,297.955,12.135532311049822,2540.7833343081693,165.00950063493406,1962.1712708491457,2543.6851864218875,97.82752229941084,71.17144260698649,222.8610328157612,6.905205463883195,1265,-3.0001064591420405,-2.7599403586221327
7576,297.965,12.13586162949078,2540.7831447873555,165.00843637087576,1962.1753692873779,2543.6850650417023,97.82747483926454,71.16996033566761,222.79815803228055,6.905402901657524,1265,-3.000106473581921,-2.7595426939474916
7577,297.97499999999997,12.136190953074987,2540.782955262566,165.00737260049462,1962.179467646036,2543.6849436609436,97.82742737903082,71.16847816856647,222.7352845582033,6.9056003353193525,1265,-3.0001064880223414,-2.759145033729865
7578,297.985,12.136520281804506,2540.7827657338025,165.00630932373426,1962.1835659251249,2543.6848222796157,97.82737991870968,71.16699610564642,222.67241239343733,6.905797764868967,1265,-3.0001065024633014,-2.7587473779622216
7579,297.995,12.136849615681474,2540.782576201059,165.00524654047985,1962.1876641246508,2543.684700897713,97.82733245830113,71.16551414687078,222.60954153789044,6.9059951903066565,1265,-3.0001065169048022,-2.7583497266375403
7580,298.005,12.137178954707995,2540.7823866643403,165.00418425060187,1962.1917622446188,2543.684579515241,97.82728499780517,71.16403229220293,222.5466719914705,6.906192611632711,1265,-3.0001065313468436,-2.757952079748797
7581,298.015,12.137508298886148,2540.7821971236394,165.00312245409035,1962.1958602850345,2543.6844581321957,97.82723753722179,71.16255054160621,222.48380375408553,6.90639002884742,1265,-3.000106545789425,-2.7575544372889813
7582,298.025,12.137837648218074,2540.7820075789564,165.0020611508058,1962.1999582459039,2543.684336748578,97.827190076551,71.161068895044,222.42093682564337,6.90658744195107,1265,-3.000106560232547,-2.757156799251058
7583,298.03499999999997,12.138167002705856,2540.781818030292,165.00100034066148,1962.2040561272327,2543.6842153643897,97.82714261579282,71.15958735247965,222.3580712060521,6.906784850943954,1265,-3.000106574676211,-2.756759165627999
7584,298.04499999999996,12.138496362351638,2540.781628477642,164.999940023584,1962.2081539290264,2543.684093979629,97.82709515494723,71.15810591387655,222.2952068952197,6.906982255826357,1265,-3.000106589120416,-2.756361536412793
7585,298.055,12.138825727157506,2540.781438921008,164.99888019951,1962.21225165129,2543.683972594297,97.82704769401424,71.15662457919808,222.2323438930542,6.907179656598569,1265,-3.0001066035651633,-2.7559639115983914
7586,298.065,12.139155097125576,2540.781249360386,164.9978208682866,1962.2163492940315,2543.6838512083937,97.82700023299384,71.15514334840763,222.16948219946374,6.907377053260878,1265,-3.0001066180104523,-2.7555662911777965
7587,298.075,12.139484472257971,2540.7810597957764,164.99676202987806,1962.2204468572536,2543.6837298219184,97.82695277188604,71.15366222146861,222.10662181435634,6.907574445813574,1265,-3.0001066324562835,-2.7551686751439726
7588,298.085,12.139813852556824,2540.7808702271764,164.99570368414234,1962.2245443409624,2543.6836084348715,97.82690531069085,71.1521811983444,222.0437627376403,6.907771834256944,1265,-3.000106646902657,-2.7547710634898896
7589,298.09499999999997,12.140143238024239,2540.780680654584,164.99464583105083,1962.2286417451655,2543.6834870472517,97.82685784940826,71.15070027899844,221.98090496922364,6.907969218591277,1265,-3.000106661349573,-2.75437345620853
7590,298.105,12.140472628662344,2540.780491078001,164.99358847046233,1962.2327390698674,2543.683365659062,97.82681038803828,71.14921946339413,221.9180485090147,6.908166598816861,1265,-3.0001066757970327,-2.753975853292857
7591,298.115,12.140802024473246,2540.780301497423,164.9925316023552,1962.2368363150733,2543.6832442703,97.8267629265809,71.14773875149491,221.85519335692172,6.908363974933982,1265,-3.0001066902450346,-2.7535782547358534
7592,298.125,12.141131425459099,2540.7801119128508,164.9914752265713,1962.2409334807887,2543.6831228809674,97.82671546503613,71.1462581432642,221.7923395128529,6.908561346942931,1265,-3.000106704693581,-2.753180660530477
7593,298.135,12.14146083162197,2540.779922324281,164.99041934305,1962.24503056702,2543.6830014910624,97.82666800340398,71.14477763866545,221.7294869767166,6.9087587148439935,1265,-3.0001067191426705,-2.752783070669721
7594,298.145,12.141790242964076,2540.7797327317135,164.9893639517012,1962.249127573773,2543.6828801005863,97.82662054168443,71.1432972376621,221.66663574842116,6.90895607863746,1265,-3.0001067335923044,-2.7523854851465557
7595,298.155,12.142119659487435,2540.779543135146,164.98830905243284,1962.2532245010523,2543.682758709538,97.82657307987752,71.14181694021761,221.6037858278749,6.909153438323615,1265,-3.0001067480424823,-2.7519879039539314
7596,298.16499999999996,12.142449081194282,2540.779353534578,164.98725464519183,1962.2573213488633,2543.682637317919,97.82652561798321,71.14033674629542,221.54093721498634,6.909350793902747,1265,-3.0001067624932043,-2.7515903270848496
7597,298.17499999999995,12.142778508086703,2540.779163930007,164.98620072982493,1962.2614181172141,2543.6825159257282,97.8264781560015,71.13885665585902,221.47808990966382,6.909548145375145,1265,-3.000106776944471,-2.751192754532271
7598,298.185,12.143107940166812,2540.7789743214325,164.98514730630805,1962.265514806107,2543.6823945329666,97.82643069393244,71.13737666887187,221.41524391181585,6.909745492741094,1265,-3.0001067913962842,-2.7507951862891526
7599,298.195,12.143437377436774,2540.778784708854,164.9840943745091,1962.2696114155503,2543.6822731396337,97.82638323177596,71.13589678529743,221.35239922135094,6.909942836000884,1265,-3.000106805848641,-2.7503976223484794
7600,298.205,12.143766819898717,2540.77859509227,164.9830419343286,1962.2737079455478,2543.6821517457306,97.82633576953215,71.13441700509924,221.2895558381776,6.910140175154799,1265,-3.000106820301544,-2.7500000627032075
7601,298.215,12.144096267554763,2540.778405471676,164.98198998572633,1962.2778043961057,2543.682030351254,97.82628830720094,71.13293732824074,221.22671376220447,6.910337510203128,1265,-3.0001068347549924,-2.749602507346345
7602,298.22499999999997,12.144425720407078,2540.7782158470727,164.98093852857156,1962.2819007672297,2543.6819089562064,97.82624084478235,71.13145775468546,221.16387299334008,6.9105348411461565,1265,-3.0001068492089873,-2.7492049562708205
7603,298.235,12.144755178457801,2540.778026218461,164.9798875628371,1962.285997058926,2543.6817875605893,97.8261933822764,71.1299782843969,221.10103353149307,6.910732167984172,1265,-3.000106863663528,-2.7488074094696113
7604,298.245,12.145084641709042,2540.777836585836,164.97883708835283,1962.2900932711993,2543.6816661644,97.82614591968307,71.12849891733858,221.0381953765722,6.9109294907174625,1265,-3.0001068781186158,-2.7484098669357104
7605,298.255,12.14541411016298,2540.7776469491973,164.97778710508712,1962.294189404056,2543.6815447676395,97.82609845700237,71.127019653474,220.97535852848605,6.911126809346313,1265,-3.0001068925742493,-2.7480123286620697
7606,298.265,12.145743583821753,2540.7774573085444,164.97673761293552,1962.2982854575,2543.6814233703085,97.82605099423432,71.1255404927667,220.9125229871434,6.911324123871011,1265,-3.000106907030431,-2.747614794641659
7607,298.275,12.146073062687499,2540.777267663875,164.97568861183083,1962.3023814315382,2543.6813019724054,97.82600353137889,71.12406143518022,220.849688752453,6.911521434291841,1265,-3.0001069214871596,-2.7472172648674396
7608,298.28499999999997,12.146402546762362,2540.7770780151873,164.97464010164626,1962.3064773261774,2543.681180573931,97.8259560684361,71.1225824806781,220.78685582432368,6.911718740609092,1265,-3.0001069359444354,-2.7468197393324076
7609,298.29499999999996,12.146732036048489,2540.7768883624813,164.97359208230245,1962.3105731414205,2543.6810591748867,97.82590860540594,71.12110362922388,220.7240242026642,6.911916042823048,1265,-3.00010695040226,-2.7464222180294957
7610,298.305,12.147061530548072,2540.776698705755,164.97254455371012,1962.314668877275,2543.6809377752697,97.82586114228843,71.11962488078112,220.66119388738346,6.912113340933997,1265,-3.0001069648606316,-2.7460247009516974
7611,298.315,12.147391030263247,2540.776509045006,164.97149751584084,1962.3187645337464,2543.680816375083,97.82581367908357,71.11814623531336,220.59836487839038,6.912310634942224,1265,-3.000106979319552,-2.745627188091966
7612,298.325,12.147720535196113,2540.776319380235,164.9704509685322,1962.3228601108383,2543.680694974325,97.82576621579133,71.11666769278422,220.53553717559382,6.912507924848014,1265,-3.00010699377902,-2.745229679443268
7613,298.335,12.148050045348889,2540.7761297114394,164.96940491173206,1962.3269556085588,2543.6805735729963,97.82571875241175,71.11518925315723,220.4727107789028,6.912705210651654,1265,-3.0001070082390378,-2.744832174998578
7614,298.34499999999997,12.148379560723702,2540.775940038617,164.96835934532004,1962.331051026913,2543.6804521710956,97.82567128894482,71.11371091639597,220.4098856882263,6.91290249235343,1265,-3.0001070226996043,-2.744434674750866
7615,298.355,12.14870908132275,2540.77575036177,164.96731426925493,1962.3351463659055,2543.6803307686264,97.82562382539052,71.11223268246404,220.3470619034733,6.913099769953627,1265,-3.0001070371607206,-2.7440371786930733
7616,298.365,12.149038607148155,2540.775560680891,164.96626968342636,1962.3392416255424,2543.680209365584,97.82557636174887,71.11075455132504,220.28423942455285,6.91329704345253,1265,-3.0001070516223862,-2.743639686818195
7617,298.375,12.149368138202076,2540.7753709959834,164.96522558775902,1962.3433368058288,2543.680087961972,97.82552889801988,71.10927652294257,220.2214182513741,6.913494312850426,1265,-3.000107066084601,-2.7432421991191918
7618,298.385,12.149697674486692,2540.775181307044,164.9641819821401,1962.3474319067702,2543.6799665577882,97.82548143420355,71.10779859728024,220.1585983838461,6.913691578147598,1265,-3.0001070805473664,-2.742844715589017
7619,298.395,12.150027216004194,2540.774991614071,164.96313886647906,1962.351526928374,2543.679845153034,97.82543397029987,71.10632077430164,220.09577982187804,6.913888839344332,1265,-3.0001070950106823,-2.7424472362206456
7620,298.405,12.150356762756704,2540.7748019170645,164.9620962406998,1962.355621870643,2543.679723747709,97.82538650630886,71.1048430539704,220.0329625653791,6.914086096440914,1265,-3.0001071094745484,-2.7420497610070327
7621,298.41499999999996,12.150686314746414,2540.7746122160224,164.96105410478606,1962.3597167335852,2543.6796023418137,97.82533904223048,71.10336543625017,219.97014661425848,6.914283349437628,1265,-3.0001071239389656,-2.741652289941142
7622,298.42499999999995,12.151015871975483,2540.774422510943,164.96001245851346,1962.3638115172052,2543.679480935347,97.82529157806479,71.10188792110459,219.9073319684254,6.9144805983347615,1265,-3.0001071384039344,-2.741254823015943
7623,298.435,12.151345434446084,2540.7742328018253,164.958971301908,1962.3679062215072,2543.67935952831,97.82524411381173,71.10041050849728,219.8445186277892,6.914677843132596,1265,-3.0001071528694534,-2.7408573602244064
7624,298.445,12.151675002160431,2540.774043088668,164.95793063485033,1962.372000846499,2543.6792381207024,97.82519664947137,71.09893319839188,219.78170659225918,6.914875083831418,1265,-3.000107167335525,-2.7404599015594857
7625,298.455,12.152004575120625,2540.7738533714687,164.95689045720286,1962.376095392185,2543.6791167125243,97.82514918504364,71.09745599075205,219.7188958617446,6.91507232043151,1265,-3.000107181802148,-2.740062447014143
7626,298.465,12.152334153328885,2540.773663650227,164.9558507689348,1962.3801898585718,2543.678995303775,97.8251017205286,71.09597888554147,219.65608643615494,6.915269552933159,1265,-3.000107196269323,-2.7396649965813404
7627,298.47499999999997,12.152663736787392,2540.7734739249413,164.9548115699644,1962.3842842456634,2543.678873894456,97.82505425592622,71.0945018827238,219.59327831539954,6.915466781336648,1265,-3.000107210737051,-2.7392675502540493
7628,298.485,12.152993325498308,2540.7732841956104,164.9537728601819,1962.3883785534654,2543.678752484566,97.8250067912365,71.09302498226272,219.53047149938786,6.915664005642262,1265,-3.0001072252053316,-2.73887010802523
7629,298.495,12.153322919463818,2540.7730944622317,164.95273463947098,1962.3924727819856,2543.678631074105,97.82495932645945,71.09154818412189,219.46766598802935,6.915861225850285,1265,-3.0001072396741644,-2.7384726698878388
7630,298.505,12.153652518686114,2540.772904724805,164.9516969078325,1962.3965669312256,2543.678509663074,97.82491186159508,71.09007148826502,219.40486178123354,6.916058441961,1265,-3.000107254143551,-2.7380752358348444
7631,298.515,12.153982123167378,2540.7727149833295,164.95065966510046,1962.4006610011959,2543.6783882514724,97.82486439664339,71.08859489465581,219.34205887890994,6.916255653974693,1265,-3.0001072686134904,-2.737677805859183
7632,298.525,12.154311732909768,2540.7725252378023,164.94962291115158,1962.4047549918969,2543.6782668393002,97.82481693160437,71.08711840325795,219.27925728096815,6.916452861891646,1265,-3.000107283083984,-2.737280379953855
7633,298.53499999999997,12.154641347915524,2540.7723354882246,164.94858664604095,1962.408848903339,2543.6781454265592,97.82476946647805,71.08564201403513,219.21645698731777,6.916650065712144,1265,-3.0001072975550316,-2.736882958111784
7634,298.54499999999996,12.15497096818677,2540.7721457345906,164.94755086953236,1962.4129427355242,2543.6780240132457,97.82472200126439,71.0841657269511,219.15365799786838,6.91684726543647,1265,-3.000107312026633,-2.736485540325953
7635,298.555,12.15530059372574,2540.771955976903,164.94651558164674,1962.4170364884596,2543.6779025993633,97.82467453596341,71.08268954196954,219.0908603125297,6.917044461064908,1265,-3.0001073264987888,-2.736088126589311
7636,298.565,12.15563022453463,2540.771766215157,164.94548078226765,1962.4211301621501,2543.6777811849092,97.8246270705751,71.08121345905423,219.02806393121142,6.91724165259774,1265,-3.0001073409714993,-2.7356907168948226
7637,298.575,12.155959860615571,2540.771576449354,164.94444647130996,1962.4252237566009,2543.6776597698854,97.8245796050995,71.07973747816887,218.96526885382318,6.917438840035252,1265,-3.000107355444765,-2.735293311235448
7638,298.585,12.15628950197085,2540.771386679492,164.9434126486184,1962.4293172718192,2543.6775383542918,97.82453213953659,71.07826159927721,218.90247508027488,6.9176360233777245,1265,-3.0001073699185854,-2.734895909604141
7639,298.59499999999997,12.156619148602603,2540.77119690557,164.94237931417842,1962.433410707809,2543.6774169381288,97.82448467388635,71.076785822343,218.8396826104762,6.917833202625443,1265,-3.000107384392962,-2.7344985119938583
7640,298.605,12.156948800513035,2540.7710071275837,164.9413464679251,1962.437504064576,2543.677295521393,97.82443720814881,71.07531014732999,218.776891444337,6.91803037777869,1265,-3.0001073988678932,-2.7341011183975805
7641,298.615,12.15727845770434,2540.7708173455344,164.94031410974733,1962.4415973421267,2543.6771741040884,97.82438974232396,71.07383457420194,218.71410158176715,6.9182275488377485,1265,-3.0001074133433816,-2.73370372880823
7642,298.625,12.157608120178738,2540.770627559421,164.9392822394717,1962.4456905404656,2543.677052686214,97.8243422764118,71.07235910292263,218.6513130226765,6.9184247158029,1265,-3.000107427819426,-2.733306343218784
7643,298.635,12.157937787938417,2540.7704377692385,164.9382508571076,1962.4497836595983,2543.676931267768,97.82429481041235,71.07088373345582,218.58852576697504,6.918621878674429,1265,-3.0001074422960263,-2.7329089616222086
7644,298.645,12.15826746098558,2540.770247974991,164.9372199626184,1962.4538766995317,2543.6768098487532,97.82424734432558,71.0694084657653,218.52573981457263,6.918819037452618,1265,-3.000107456773184,-2.7325115840114376
7645,298.655,12.158597139322428,2540.7700581766744,164.93618955577406,1962.4579696602686,2543.676688429169,97.82419987815152,71.06793329981487,218.46295516537933,6.919016192137748,1265,-3.0001074712508977,-2.7321142103794265
7646,298.66499999999996,12.158926822951198,2540.769868374285,164.93515963660312,1962.4620625418174,2543.6765670090126,97.82415241189015,71.0664582355683,218.40017181930511,6.919213342730104,1265,-3.0001074857291696,-2.73171684071917
7647,298.67499999999995,12.15925651187406,2540.769678567826,164.93413020493884,1962.466155344182,2543.6764455882885,97.82410494554149,71.06498327298942,218.33738977626004,6.919410489229966,1265,-3.0001075002079984,-2.7313194750235783
7648,298.685,12.15958620609323,2540.769488757291,164.93310126077637,1962.4702480673675,2543.676324166992,97.82405747910555,71.06350841204201,218.27460903615417,6.919607631637617,1265,-3.0001075146873855,-2.7309221132856396
7649,298.695,12.159915905610939,2540.7692989426823,164.93207280395788,1962.4743407113806,2543.676202745127,97.82401001258229,71.0620336526899,218.21182959889765,6.91980476995334,1265,-3.0001075291673303,-2.730524755498296
7650,298.705,12.160245610429364,2540.7691091239985,164.9310448344362,1962.4784332762263,2543.6760813226924,97.82396254597174,71.06055899489691,218.14905146440066,6.920001904177417,1265,-3.0001075436478333,-2.7301274016544936
7651,298.715,12.160575320550775,2540.7689193012366,164.93001735214122,1962.4825257619102,2543.6759598996873,97.8239150792739,71.05908443862685,218.0862746325733,6.920199034310128,1265,-3.0001075581288945,-2.729730051747189
7652,298.72499999999997,12.160905035977319,2540.7687294743946,164.9289903569257,1962.4866181684374,2543.675838476112,97.82386761248877,71.05760998384359,218.02349910332578,6.920396160351757,1265,-3.000107572610515,-2.729332705769357
7653,298.735,12.161234756711261,2540.768539643473,164.92796384879082,1962.490710495814,2543.6757170519672,97.82382014561635,71.05613563051094,217.96072487656838,6.920593282302586,1265,-3.0001075870926948,-2.7289353637139313
7654,298.745,12.161564482754816,2540.76834980847,164.92693782754776,1962.4948027440455,2543.6755956272523,97.82377267865665,71.05466137859275,217.89795195221134,6.920790400162895,1265,-3.0001076015754333,-2.7285380255738723
7655,298.755,12.161894214110191,2540.7681599693824,164.92591229319382,1962.4988949131375,2543.6754742019675,97.82372521160967,71.0531872280529,217.83518033016497,6.920987513932967,1265,-3.000107616058732,-2.7281406913421384
7656,298.765,12.162223950779607,2540.7679701262114,164.92488724558905,1962.5029870030942,2543.6753527761134,97.8236777444754,71.05171317885524,217.77241001033963,6.9211846236130805,1265,-3.0001076305425896,-2.727743361011664
7657,298.775,12.162553692765277,2540.7677802789544,164.92386268471023,1962.5070790139216,2543.67523134969,97.82363027725386,71.05023923096361,217.70964099264563,6.921381729203521,1265,-3.0001076450270077,-2.727346034575423
7658,298.78499999999997,12.162883440069466,2540.7675904276084,164.92283861036717,1962.5111709456273,2543.675109922695,97.82358280994504,71.04876538434192,217.6468732769934,6.921578830704568,1265,-3.0001076595119858,-2.7269487120263585
7659,298.79499999999996,12.163213192694366,2540.767400572175,164.92181502259857,1962.5152627982138,2543.674988495132,97.82353534254892,71.04729163895404,217.58410686329339,6.921775928116502,1265,-3.0001076739975256,-2.7265513933574286
7660,298.805,12.163542950642217,2540.7672107126505,164.92079192124822,1962.519354571688,2543.674867066998,97.82348787506552,71.04581799476384,217.52134175145608,6.921973021439605,1265,-3.0001076884836255,-2.7261540785615677
7661,298.815,12.163872713915218,2540.7670208490345,164.9197693062352,1962.523446266055,2543.674745638295,97.82344040749487,71.04434445173523,217.45857794139192,6.922170110674158,1265,-3.000107702970286,-2.72575676763175
7662,298.825,12.164202482515638,2540.7668309813257,164.91874717747365,1962.5275378813217,2543.6746242090226,97.82339293983695,71.04287100983211,217.39581543301145,6.922367195820441,1265,-3.000107717457509,-2.725359460560903
7663,298.835,12.16453225644568,2540.766641109523,164.91772553489267,1962.531629417491,2543.67450277918,97.82334547209176,71.04139766901838,217.33305422622524,6.922564276878735,1265,-3.0001077319452922,-2.7249621573420013
7664,298.84499999999997,12.164862035707621,2540.766451233624,164.91670437842532,1962.5357208745709,2543.6743813487687,97.82329800425929,71.03992442925797,217.27029432094386,6.922761353849323,1265,-3.0001077464336383,-2.724564857967968
7665,298.855,12.16519182030365,2540.766261353627,164.91568370789574,1962.5398122525653,2543.6742599177874,97.82325053633954,71.03845129051479,217.20753571707797,6.922958426732482,1265,-3.0001077609225457,-2.7241675624317825
7666,298.865,12.165521610236004,2540.766071469532,164.9146635233433,1962.5439035514798,2543.6741384862357,97.82320306833255,71.03697825275275,217.14477841453817,6.923155495528493,1265,-3.0001077754120167,-2.723770270726377
7667,298.875,12.165851405506984,2540.7658815813375,164.91364382460486,1962.547994771321,2543.6740170541157,97.82315560023828,71.0355053159358,217.0820224132352,6.923352560237639,1265,-3.00010778990205,-2.7233729828446966
7668,298.885,12.16618120611875,2540.7656916890414,164.91262461163365,1962.5520859120936,2543.6738956214263,97.82310813205675,71.03403248002786,217.0192677130797,6.923549620860197,1265,-3.0001078043926457,-2.722975698779691
7669,298.895,12.16651101207357,2540.7655017926418,164.91160588428892,1962.5561769738022,2543.673774188167,97.82306066378797,71.03255974499292,216.9565143139825,6.92374667739645,1265,-3.0001078188838046,-2.7225784185243165
7670,298.905,12.16684082337373,2540.7653118921376,164.91058764256312,1962.560267956453,2543.673652754338,97.82301319543191,71.03108711079489,216.89376221585437,6.923943729846677,1265,-3.000107833375527,-2.7221811420715314
7671,298.91499999999996,12.167170640021396,2540.765121987528,164.90956988629299,1962.564358860052,2543.6735313199397,97.8229657269886,71.02961457739777,216.83101141860612,6.924140778211157,1265,-3.000107847867813,-2.721783869414254
7672,298.92499999999995,12.167500462018884,2540.764932078811,164.90855261543555,1962.568449684605,2543.673409884972,97.82291825845803,71.02814214476547,216.76826192214853,6.9243378224901715,1265,-3.0001078623606636,-2.7213866005454705
7673,298.935,12.16783028936839,2540.7647421659863,164.90753582991903,1962.572540430115,2543.673288449435,97.82287078984022,71.02666981286201,216.70551372639258,6.924534862683999,1265,-3.0001078768540776,-2.7209893354580896
7674,298.945,12.168160122072193,2540.764552249052,164.90651952964913,1962.5766310965898,2543.6731670133295,97.82282332113516,71.02519758165135,216.6427668312491,6.9247318987929205,1265,-3.000107891348057,-2.720592074145085
7675,298.955,12.168489960132524,2540.764362328005,164.9055037145217,1962.5807216840346,2543.6730455766537,97.82277585234283,71.02372545109749,216.58002123662908,6.924928930817214,1265,-3.000107905842601,-2.72019481659939
7676,298.965,12.16881980355166,2540.7641724028463,164.90448838442714,1962.5848121924541,2543.672924139409,97.82272838346327,71.0222534211644,216.5172769424435,6.925125958757159,1265,-3.000107920337709,-2.719797562813963
7677,298.97499999999997,12.16914965233185,2540.763982473573,164.9034735393686,1962.5889026218547,2543.672802701595,97.82268091449644,71.02078149181608,216.4545339486033,6.925322982613037,1265,-3.000107934833382,-2.7194003127817292
7678,298.985,12.169479506475321,2540.763792540184,164.90245917917804,1962.5929929722406,2543.6726812632123,97.82263344544239,71.01930966301656,216.39179225501954,6.9255200023851256,1265,-3.0001079493296214,-2.7190030664956497
7679,298.995,12.169809365984337,2540.7636026026776,164.90144530380013,1962.5970832436183,2543.672559824259,97.82258597630108,71.01783793472981,216.32905186160335,6.925717018073703,1265,-3.0001079638264265,-2.7186058239486677
7680,299.005,12.170139230861178,2540.763412661054,164.9004319131419,1962.6011734359927,2543.6724383847386,97.82253850707254,71.01636630691989,216.26631276826575,6.92591402967905,1265,-3.0001079783237974,-2.7182085851337234
7681,299.015,12.170469101108093,2540.7632227153103,164.89941900715078,1962.6052635493695,2543.6723169446477,97.82249103775675,71.01489477955081,216.2035749749179,6.926111037201445,1265,-3.0001079928217345,-2.717811350043767
7682,299.025,12.170798976727331,2540.7630327654447,164.89840658569173,1962.6093535837535,2543.6721955039875,97.8224435683537,71.0134233525866,216.140838481471,6.9263080406411675,1265,-3.000108007320238,-2.717414118671737
7683,299.03499999999997,12.171128857721163,2540.762842811457,164.89739464872787,1962.6134435391511,2543.672074062759,97.82239609886345,71.01195202599129,216.0781032878362,6.926505039998496,1265,-3.000108021819309,-2.7170168910105765
7684,299.04499999999996,12.171458744091854,2540.7626528533456,164.896383196161,1962.617533415567,2543.6719526209613,97.82234862928595,71.01048079972894,216.01536939392471,6.926702035273708,1265,-3.0001080363189465,-2.7166196670532368
7685,299.055,12.171788635841661,2540.7624628911085,164.8953722279139,1962.6216232130075,2543.671831178594,97.82230115962123,71.00900967376357,215.95263679964782,6.926899026467083,1265,-3.0001080508191516,-2.7162224467926595
7686,299.065,12.172118532972883,2540.7622729247446,164.89436174385995,1962.6257129314765,2543.671709735658,97.82225368986927,71.00753864805928,215.88990550491687,6.9270960135789,1265,-3.0001080653199237,-2.7158252302217836
7687,299.075,12.172448435487732,2540.762082954253,164.89335174392593,1962.629802570981,2543.671588292154,97.82220622003007,71.0060677225801,215.82717550964313,6.927292996609435,1265,-3.000108079821264,-2.7154280173335414
7688,299.085,12.172778343388508,2540.761892979631,164.89234222809796,1962.6338921315257,2543.67146684808,97.82215875010364,71.00459689729011,215.76444681373792,6.927489975558969,1265,-3.0001080943231715,-2.7150308081208934
7689,299.09499999999997,12.17310825667749,2540.7617030008773,164.89133319618716,1962.637981613116,2543.6713454034366,97.82211128008998,71.0031261721534,215.7017194171127,6.9276869504277805,1265,-3.0001081088256485,-2.7146336025767734
7690,299.105,12.173438175356944,2540.7615130179934,164.89032464818155,1962.6420710157577,2543.6712239582257,97.82206380998912,71.00165554713404,215.63899331967886,6.927883921216145,1265,-3.0001081233286935,-2.71423640069412
7691,299.115,12.173768099429116,2540.761323030974,164.88931658399687,1962.646160339455,2543.671102512445,97.82201633980102,71.00018502219612,215.57626852134783,6.928080887924342,1265,-3.0001081378323073,-2.713839202465875
7692,299.125,12.174098028896346,2540.76113303982,164.8883090034992,1962.6502495842149,2543.670981066096,97.8219688695257,70.99871459730375,215.5135450220311,6.928277850552648,1265,-3.000108152336491,-2.713442007884986
7693,299.135,12.174427963760849,2540.760943044528,164.88730190664398,1962.654338750043,2543.670859619178,97.82192139916316,70.99724427242099,215.4508228216402,6.928474809101343,1265,-3.000108166841243,-2.7130448169443935
7694,299.145,12.174757904024927,2540.760753045099,164.88629529338263,1962.6584278369428,2543.670738171691,97.8218739287134,70.99577404751199,215.38810192008665,6.928671763570703,1265,-3.0001081813465653,-2.7126476296370288
7695,299.155,12.175087849690874,2540.7605630415296,164.88528916352385,1962.6625168449218,2543.670616723635,97.82182645817642,70.99430392254085,215.32538231728205,6.928868713961007,1265,-3.0001081958524574,-2.71225044595583
7696,299.16499999999996,12.17541780076097,2540.7603730338205,164.88428351705392,1962.6666057739837,2543.670495275011,97.82177898755222,70.99283389747171,215.262664013138,6.929065660272531,1265,-3.0001082103589196,-2.711853265893738
7697,299.17499999999995,12.175747757237458,2540.760183021969,164.8832783538773,1962.670694624135,2543.670373825818,97.82173151684081,70.99136397226867,215.19994700756612,6.9292626025055535,1265,-3.000108224865952,-2.7114560894436943
7698,299.185,12.17607771912267,2540.7599930059723,164.88227367393677,1962.6747833953807,2543.670252376056,97.8216840460422,70.98989414689588,215.13723130047808,6.929459540660351,1265,-3.000108239373555,-2.7110589165986476
7699,299.195,12.176407686418862,2540.7598029858314,164.8812694771179,1962.678872087726,2543.6701309257246,97.82163657515636,70.98842442131749,215.07451689178563,6.929656474737201,1265,-3.0001082538817294,-2.710661747351521
7700,299.205,12.17673765912834,2540.7596129615454,164.88026576334826,1962.6829607011775,2543.670009474827,97.82158910418332,70.98695479549762,215.0118037814005,6.92985340473638,1265,-3.0001082683904747,-2.7102645816952586
7701,299.215,12.177067637253362,2540.759422933108,164.87926253249697,1962.687049235739,2543.669888023358,97.82154163312308,70.98548526940047,214.94909196923436,6.930050330658166,1265,-3.0001082828997916,-2.7098674196228
7702,299.22499999999997,12.177397620796244,2540.7592329005242,164.878259784584,1962.6911376914159,2543.6697665713227,97.82149416197562,70.98401584299016,214.88638145519917,6.930247252502836,1265,-3.00010829740968,-2.7094702611270773
7703,299.235,12.177727609759312,2540.7590428637877,164.8772575194301,1962.6952260682149,2543.669645118717,97.82144669074097,70.98254651623085,214.82367223920664,6.930444170270665,1265,-3.000108311920141,-2.70907310620103
7704,299.245,12.178057604144817,2540.7588528229,164.8762557370136,1962.699314366141,2543.6695236655437,97.8213992194191,70.98107728908676,214.76096432116867,6.930641083961931,1265,-3.000108326431173,-2.7086759548375996
7705,299.255,12.178387603955045,2540.7586627778587,164.8752544371878,1962.7034025851992,2543.6694022118027,97.82135174801004,70.97960816152202,214.69825770099712,6.930837993576911,1265,-3.0001083409427785,-2.708278807029699
7706,299.265,12.178717609192304,2540.758472728661,164.87425361992797,1962.707490725395,2543.669280757492,97.82130427651379,70.97813913350085,214.63555237860396,6.931034899115881,1265,-3.000108355454956,-2.707881662770291
7707,299.275,12.179047619858906,2540.7582826753087,164.8732532851365,1962.7115787867338,2543.6691593026135,97.82125680493033,70.97667020498743,214.57284835390115,6.931231800579116,1265,-3.000108369967707,-2.7074845220523076
7708,299.28499999999997,12.17937763595715,2540.7580926177975,164.87225343269546,1962.7156667692216,2543.6690378471662,97.8212093332597,70.97520137594596,214.51014562680064,6.931428697966895,1265,-3.0001083844810315,-2.7070873848686694
7709,299.29499999999996,12.179707657489313,2540.757902556127,164.8712540625374,1962.7197546728628,2543.66891639115,97.82116186150185,70.97373264634065,214.44744419721445,6.931625591279492,1265,-3.000108398994929,-2.7066902512123288
7710,299.305,12.18003768445772,2540.757712490296,164.87025517462084,1962.723842497663,2543.6687949345664,97.82111438965683,70.97226401613571,214.38474406505466,6.931822480517184,1265,-3.0001084135094005,-2.706293121076199
7711,299.315,12.18036771686467,2540.757522420303,164.8692567688221,1962.7279302436275,2543.6686734774144,97.82106691772461,70.97079548529535,214.32204523023333,6.9320193656802465,1265,-3.0001084280244457,-2.705895994453232
7712,299.325,12.180697754712451,2540.7573323461465,164.86825884505683,1962.732017910763,2543.6685520196943,97.82101944570519,70.96932705378381,214.2593476926626,6.932216246768956,1265,-3.000108442540066,-2.7054988713363524
7713,299.335,12.181027798003404,2540.757142267824,164.86726140325572,1962.7361054990727,2543.668430561405,97.8209719735986,70.9678587215653,214.19665145225463,6.932413123783587,1265,-3.0001084570562595,-2.7051017517184928
7714,299.34499999999997,12.181357846739806,2540.7569521853356,164.8662644433406,1962.7401930085637,2543.668309102547,97.82092450140482,70.96639048860409,214.13395650892153,6.932609996724418,1265,-3.0001084715730295,-2.7047046355926057
7715,299.355,12.181687900924004,2540.7567620986806,164.86526796520533,1962.7442804392401,2543.6681876431226,97.82087702912385,70.9649223548644,214.0712628625756,6.932806865591721,1265,-3.000108486090373,-2.7043075229515847
7716,299.365,12.182017960558253,2540.7565720078546,164.86427196877747,1962.7483677911086,2543.6680661831283,97.82082955675571,70.96345432031048,214.00857051312897,6.933003730385774,1265,-3.000108500608293,-2.7039104137884022
7717,299.375,12.182348025644918,2540.756381912859,164.86327645398478,1962.752455064174,2543.667944722567,97.82078208430038,70.96198638490658,213.945879460494,6.933200591106852,1265,-3.000108515126788,-2.7035133080959612
7718,299.385,12.182678096186299,2540.756191813691,164.86228142073963,1962.7565422584412,2543.667823261437,97.82073461175787,70.96051854861699,213.883189704583,6.933397447755228,1265,-3.000108529645859,-2.703116205867211
7719,299.395,12.183008172184676,2540.75600171035,164.86128686895427,1962.7606293739166,2543.6677017997395,97.8206871391282,70.95905081140596,213.82050124530826,6.933594300331181,1265,-3.0001085441655064,-2.702719107095073
7720,299.405,12.183338253642427,2540.7558116028345,164.86029279854688,1962.7647164106036,2543.6675803374733,97.82063966641134,70.95758317323777,213.75781408258214,6.933791148834983,1265,-3.00010855868573,-2.702322011772474
7721,299.41499999999996,12.183668340561832,2540.7556214911415,164.85929920945128,1962.7688033685101,2543.6674588746387,97.8205921936073,70.95611563407671,213.6951282163171,6.93398799326691,1265,-3.0001085732065302,-2.701924919892361
7722,299.42499999999995,12.183998432945218,2540.755431375272,164.85830610153147,1962.7728902476401,2543.6673374112374,97.8205447207161,70.95464819388705,213.6324436464255,6.934184833627238,1265,-3.000108587727907,-2.701527831447641
7723,299.435,12.184328530794923,2540.755241255223,164.85731347478506,1962.7769770479983,2543.6672159472673,97.82049724773773,70.95318085263311,213.56976037281987,6.934381669916239,1265,-3.000108602249861,-2.7011307464312675
7724,299.445,12.184658634113246,2540.755051130993,164.85632132905502,1962.7810637695923,2543.667094482729,97.8204497746722,70.95171361027919,213.50707839541266,6.93457850213419,1265,-3.000108616772393,-2.7007336648361613
7725,299.455,12.184988742902508,2540.754861002581,164.85532966431217,1962.7851504124244,2543.6669730176222,97.82040230151948,70.95024646678955,213.4443977141164,6.934775330281367,1265,-3.000108631295502,-2.7003365866552382
7726,299.465,12.185318857165074,2540.7546708699856,164.85433848042638,1962.7892369765016,2543.666851551948,97.8203548282796,70.94877942212857,213.38171832884368,6.934972154358041,1265,-3.0001086458191892,-2.699939511881449
7727,299.47499999999997,12.185648976903254,2540.7544807332065,164.8533477773633,1962.7933234618306,2543.6667300857075,97.82030735495258,70.94731247626052,213.31904023950705,6.935168974364488,1265,-3.000108660343455,-2.6995424405077
7728,299.485,12.185979102119349,2540.7542905922396,164.85235755500216,1962.7974098684135,2543.666608618897,97.82025988153838,70.94584562914974,213.25636344601912,6.935365790300983,1265,-3.0001086748682986,-2.699145372526933
7729,299.495,12.18630923281573,2540.7541004470854,164.85136781327694,1962.8014961962594,2543.666487151519,97.82021240803702,70.9443788807606,213.19368794829262,6.935562602167798,1265,-3.000108689393721,-2.69874830793207
7730,299.505,12.186639368994719,2540.7539102977426,164.85037855210234,1962.8055824453704,2543.666365683573,97.8201649344485,70.9429122310574,213.13101374624011,6.93575940996521,1265,-3.000108703919723,-2.698351246716042
7731,299.515,12.186969510658624,2540.753720144209,164.84938977141758,1962.809668615754,2543.66624421506,97.82011746077282,70.9414456800045,213.0683408397744,6.935956213693491,1265,-3.000108718446304,-2.697954188871771
7732,299.525,12.1872996578098,2540.753529986484,164.848401471085,1962.8137547074134,2543.666122745979,97.82006998701,70.93997922756624,213.00566922880824,6.936153013352917,1265,-3.000108732973464,-2.697557134392185
7733,299.53499999999997,12.187629810450584,2540.7533398245646,164.84741365105512,1962.8178407203561,2543.666001276329,97.82002251316003,70.938512873707,212.94299891325434,6.936349808943758,1265,-3.0001087475012045,-2.697160083270222
7734,299.54499999999996,12.187959968583323,2540.7531496584515,164.846426311288,1962.8219266545875,2543.6658798061126,97.81997503922291,70.93704661839114,212.88032989302553,6.936546600466292,1265,-3.0001087620295253,-2.696763035498788
7735,299.555,12.188290132210334,2540.752959488141,164.84543945165143,1962.82601251011,2543.665758335328,97.81992756519861,70.93558046158302,212.81766216803467,6.936743387920789,1265,-3.0001087765584256,-2.6963659910708193
7736,299.565,12.188620301333987,2540.752769313634,164.8444530721013,1962.8300982869323,2543.665636863976,97.8198800910872,70.93411440324701,212.75499573819462,6.9369401713075245,1265,-3.000108791087907,-2.695968949979228
7737,299.575,12.188950475956602,2540.7525791349285,164.8434671724912,1962.8341839850584,2543.6655153920565,97.81983261688862,70.93264844334752,212.69233060341833,6.937136950626772,1265,-3.0001088056179683,-2.695571912216954
7738,299.585,12.189280656080527,2540.752388952022,164.8424817527322,1962.8382696044932,2543.6653939195694,97.8197851426029,70.93118258184893,212.6296667636187,6.937333725878803,1265,-3.0001088201486112,-2.695174877776921
7739,299.59499999999997,12.189610841708117,2540.7521987649125,164.84149681285226,1962.8423551452427,2543.665272446514,97.81973766823003,70.92971681871562,212.56700421870863,6.937530497063893,1265,-3.0001088346798364,-2.69477784665205
7740,299.605,12.18994103284169,2540.752008573601,164.84051235268436,1962.846440607311,2543.6651509728913,97.81969019377004,70.92825115391202,212.50434296860124,6.937727264182315,1265,-3.0001088492116423,-2.694380818835251
7741,299.615,12.190271229483656,2540.7518183780844,164.83952837216935,1962.850525990705,2543.665029498701,97.8196427192229,70.9267855874025,212.44168301320946,6.93792402723434,1265,-3.00010886374403,-2.693983794319471
7742,299.625,12.19060143163631,2540.7516281783624,164.83854487119697,1962.8546112954298,2543.664908023944,97.81959524458861,70.92532011915152,212.37902435244638,6.938120786220242,1265,-3.0001088782770005,-2.6935867730976106
7743,299.635,12.190931639302029,2540.7514379744316,164.83756184969982,1962.85869652149,2543.6647865486184,97.81954776986719,70.92385474912349,212.31636698622515,6.938317541140294,1265,-3.000108892810553,-2.693189755162609
7744,299.645,12.191261852483157,2540.751247766293,164.83657930763482,1962.8627816688902,2543.6646650727266,97.81950029505863,70.92238947728282,212.25371091445882,6.938514291994769,1265,-3.0001089073446883,-2.692792740507369
7745,299.655,12.191592071182058,2540.7510575539422,164.83559724485661,1962.8668667376385,2543.6645435962655,97.81945282016295,70.92092430359398,212.1910561370606,6.938711038783939,1265,-3.0001089218794066,-2.692395729124847
7746,299.66499999999996,12.191922295401056,2540.7508673373804,164.83461566135867,1962.8709517277377,2543.6644221192373,97.81940534518014,70.91945922802135,212.12840265394362,6.938907781508076,1265,-3.0001089364147076,-2.6919987210079133
7747,299.67499999999995,12.192252525142532,2540.7506771166063,164.83363455700962,1962.875036639193,2543.6643006416434,97.8193578701102,70.91799425052943,212.0657504650211,6.939104520167454,1265,-3.0001089509505925,-2.6916017161495325
7748,299.685,12.192582760408879,2540.7504868916167,164.83265393172678,1962.879121472011,2543.6641791634806,97.81931039495312,70.91652937108266,212.00309957020636,6.939301254762344,1265,-3.000108965487061,-2.6912047145426032
7749,299.695,12.192913001202404,2540.7502966624115,164.8316737854228,1962.883206226197,2543.6640576847517,97.81926291970892,70.91506458964551,211.94044996941264,6.939497985293019,1265,-3.000108980024113,-2.690807716180049
7750,299.705,12.19324324752551,2540.7501064289877,164.830694118051,1962.887290901756,2543.663936205454,97.81921544437759,70.91359990618243,211.87780166255322,6.939694711759751,1265,-3.00010899456175,-2.6904107210547967
7751,299.715,12.193573499380523,2540.7499161913465,164.829714929505,1962.891375498693,2543.6638147255903,97.81916796895914,70.91213532065788,211.8151546495415,6.939891434162811,1265,-3.000109009099971,-2.6900137291597503
7752,299.72499999999997,12.193903756769826,2540.7497259494835,164.82873621970208,1962.895460017013,2543.6636932451584,97.81912049345357,70.91067083303638,211.75250893029082,6.940088152502472,1265,-3.0001090236387773,-2.6896167404878484
7753,299.735,12.194234019695756,2540.7495357033986,164.82775798856972,1962.8995444567217,2543.663571764159,97.81907301786089,70.90920644328237,211.6898645047146,6.940284866779006,1265,-3.0001090381781683,-2.6892197550319996
7754,299.745,12.194564288160738,2540.749345453092,164.82678023602787,1962.9036288178245,2543.6634502825937,97.81902554218107,70.90774215136037,211.6272213727263,6.940481576992684,1265,-3.0001090527181447,-2.6888227727851146
7755,299.755,12.194894562167127,2540.7491551985595,164.8258029620155,1962.9077131003266,2543.6633288004605,97.81897806641415,70.90627795723486,211.5645795342393,6.940678283143778,1265,-3.000109067258706,-2.688425793740138
7756,299.765,12.19522484171726,2540.7489649398017,164.8248261664069,1962.9117973042337,2543.66320731776,97.8189305905601,70.90481386087038,211.50193898916717,6.9408749852325595,1265,-3.0001090817998533,-2.688028817889957
7757,299.775,12.195555126813533,2540.7487746768156,164.82384984908984,1962.9158814295502,2543.6630858344924,97.81888311461896,70.9033498622314,211.43929973742348,6.9410716832593,1265,-3.0001090963415873,-2.6876318452274948
7758,299.78499999999997,12.195885417458335,2540.748584409602,164.8228740101143,1962.9199654762826,2543.662964350658,97.81883563859068,70.90188596128243,211.37666177892172,6.9412683772242705,1265,-3.0001091108839075,-2.687234875745671
7759,299.79499999999996,12.19621571365401,2540.7483941381556,164.8218986492572,1962.9240494444352,2543.6628428662552,97.81878816247533,70.90042215798803,211.31402511357552,6.941465067127742,1265,-3.000109125426814,-2.686837909437422
7760,299.805,12.19654601540295,2540.7482038624785,164.82092376652076,1962.9281333340132,2543.6627213812862,97.81874068627285,70.8989584523127,211.25138974129848,6.941661752969987,1265,-3.0001091399703075,-2.6864409462956353
7761,299.815,12.196876322707507,2540.7480135825685,164.81994936180598,1962.9322171450226,2543.662599895751,97.81869320998325,70.897494844221,211.18875566200427,6.941858434751274,1265,-3.0001091545143885,-2.6860439863132313
7762,299.825,12.197206635570117,2540.747823298424,164.81897543503973,1962.936300877468,2543.6624784096484,97.81864573360657,70.89603133367744,211.12612287560665,6.942055112471877,1265,-3.0001091690590562,-2.685647029483136
7763,299.835,12.197536953993144,2540.7476330100444,164.81800198610736,1962.9403845313548,2543.662356922979,97.81859825714278,70.8945679206466,211.06349138201924,6.942251786132065,1265,-3.000109183604312,-2.68525007579825
7764,299.84499999999997,12.197867277978926,2540.7474427174247,164.81702901495825,1962.9444681066898,2543.6622354357414,97.81855078059188,70.89310460509299,211.00086118115584,6.942448455732109,1265,-3.000109198150155,-2.6848531252515073
7765,299.855,12.19819760752989,2540.7472524205677,164.81605652151057,1962.9485516034758,2543.662113947938,97.81850330395389,70.89164138698122,210.93823227293018,6.94264512127228,1265,-3.0001092126965876,-2.6844561778358114
7766,299.865,12.198527942648388,2540.7470621194707,164.8150845056655,1962.9526350217188,2543.661992459568,97.8184558272288,70.89017826627584,210.87560465725616,6.942841782752849,1265,-3.000109227243608,-2.68405923354407
7767,299.875,12.198858283336856,2540.7468718141304,164.81411296735052,1962.9567183614258,2543.6618709706295,97.8184083504166,70.88871524294142,210.81297833404756,6.943038440174085,1265,-3.0001092417912165,-2.683662292369214
7768,299.885,12.199188629597636,2540.746681504549,164.81314190650883,1962.9608016225998,2543.661749481126,97.81836087351734,70.88725231694252,210.75035330321828,6.943235093536259,1265,-3.0001092563394143,-2.6832653543041323
7769,299.895,12.199518981433158,2540.746491190722,164.81217132302822,1962.9648848052473,2543.661627991055,97.81831339653095,70.88578948824376,210.68772956468223,6.943431742839642,1265,-3.0001092708882013,-2.6828684193417462
7770,299.905,12.19984933884578,2540.746300872648,164.81120121681005,1962.9689679093724,2543.661506500417,97.81826591945747,70.8843267568097,210.6251071183533,6.9436283880845036,1265,-3.000109285437578,-2.6824714874749858
7771,299.91499999999996,12.200179701837904,2540.7461105503285,164.81023158782028,1962.9730509349822,2543.661385009213,97.81821844229692,70.88286412260494,210.56248596414557,6.943825029271113,1265,-3.0001092999875443,-2.6820745586967307
7772,299.92499999999995,12.20051007041195,2540.7459202237583,164.80926243597227,1962.977133882081,2543.661263517441,97.81817096504929,70.8814015855941,210.49986610197294,6.944021666399742,1265,-3.0001093145381006,-2.681677632999917
7773,299.935,12.20084044457029,2540.7457298929376,164.80829376114806,1962.981216750674,2543.6611420251024,97.81812348771456,70.8799391457418,210.43724753174948,6.944218299470658,1265,-3.0001093290892475,-2.681280710377456
7774,299.945,12.201170824315307,2540.7455395578663,164.8073255632855,1962.9852995407655,2543.661020532198,97.81807601029274,70.87847680301262,210.37463025338928,6.944414928484133,1265,-3.0001093436409847,-2.6808837908222407
7775,299.955,12.201501209649441,2540.745349218541,164.80635784233507,1962.9893822523638,2543.6608990387263,97.81802853278386,70.87701455737121,210.3120142668064,6.944611553440436,1265,-3.000109358193313,-2.6804868743271872
7776,299.965,12.201831600575039,2540.74515887496,164.8053905981952,1962.99346488547,2543.660777544687,97.81798105518787,70.87555240878218,210.24939957191495,6.944808174339836,1265,-3.0001093727462322,-2.6800899608852258
7777,299.97499999999997,12.202161997094553,2540.7449685271254,164.8044238307697,1962.9975474400924,2543.6606560500836,97.81793357750482,70.8740903572102,210.18678616862914,6.945004791182603,1265,-3.0001093872997426,-2.6796930504892265
7778,299.985,12.202492399210366,2540.744778175032,164.80345753999188,1963.001629916235,2543.660534554912,97.81788609973468,70.87262840261988,210.12417405686313,6.945201403969006,1265,-3.000109401853845,-2.679296143132139
7779,299.995,12.202822806924875,2540.7445878186795,164.80249172578996,1963.0057123139038,2543.6604130591736,97.81783862187748,70.87116654497586,210.06156323653116,6.945398012699315,1265,-3.0001094164085393,-2.6788992388068444
7780,300.005,12.203153220240527,2540.744397458067,164.80152638803588,1963.0097946331036,2543.660291562869,97.81779114393319,70.86970478424281,209.99895370754743,6.945594617373799,1265,-3.0001094309638248,-2.678502337506267
7781,300.015,12.203483639159659,2540.7442070931925,164.80056152671762,1963.0138768738395,2543.660170065998,97.81774366590183,70.8682431203854,209.93634546982628,6.945791217992726,1265,-3.000109445519703,-2.6781054392233066
7782,300.025,12.20381406368474,2540.7440167240547,164.79959714170445,1963.017959036116,2543.660048568561,97.81769618778341,70.86678155336827,209.87373852328201,6.945987814556366,1265,-3.000109460076175,-2.6777085439508617
7783,300.03499999999997,12.204144493818157,2540.7438263506524,164.79863323295785,1963.0220411199398,2543.6599270705574,97.81764870957792,70.8653200831561,209.81113286782895,6.946184407064988,1265,-3.0001094746332386,-2.677311651681862
7784,300.04499999999996,12.204474929562327,2540.7436359729836,164.79766980035865,1963.0261231253162,2543.659805571987,97.81760123128535,70.86385870971358,209.74852850338152,6.94638099551886,1265,-3.0001094891908964,-2.6769147624091953
7785,300.055,12.204805370919665,2540.743445591046,164.79670684382435,1963.0302050522491,2543.6596840728484,97.81755375290572,70.86239743300538,209.68592542985405,6.946577579918251,1265,-3.0001095037491465,-2.676517876125784
7786,300.065,12.205135817892568,2540.7432552048426,164.7957443633596,1963.0342869007436,2543.659562573147,97.81750627443903,70.8609362529962,209.62332364716104,6.94677416026343,1265,-3.0001095183079913,-2.6761209928245036
7787,300.075,12.205466270483486,2540.7430648143654,164.79478235875928,1963.0383686708071,2543.6594410728762,97.81745879588527,70.85947516965075,209.56072315521698,6.946970736554665,1265,-3.00010953286743,-2.6757241124983007
7788,300.085,12.205796728694818,2540.7428744196177,164.79382083003406,1963.0424503624429,2543.6593195720397,97.81741131724445,70.85801418293369,209.49812395393633,6.947167308792224,1265,-3.000109547427462,-2.675327235140049
7789,300.09499999999997,12.20612719252898,2540.7426840205976,164.7928597770594,1963.0465319756568,2543.659198070638,97.81736383851658,70.85655329280976,209.4355260432336,6.947363876976376,1265,-3.00010956198809,-2.6749303607426667
7790,300.105,12.206457661988384,2540.7424936173024,164.7918991997477,1963.050613510453,2543.6590765686697,97.81731635970165,70.85509249924368,209.3729294230234,6.947560441107389,1265,-3.0001095765493124,-2.67453348929906
7791,300.115,12.206788137075499,2540.7423032097295,164.79093909806917,1963.0546949668392,2543.658955066134,97.81726888079966,70.85363180220017,209.3103340932203,6.947757001185532,1265,-3.000109591111129,-2.674136620802123
7792,300.125,12.207118617792707,2540.7421127978814,164.78997947194364,1963.0587763448193,2543.658833563034,97.81722140181061,70.85217120164394,209.24774005373894,6.94795355721107,1265,-3.0001096056735417,-2.673739755244771
7793,300.135,12.207449104142443,2540.7419223817537,164.7890203212326,1963.0628576443971,2543.6587120593667,97.81717392273451,70.85071069753974,209.185147304494,6.948150109184274,1265,-3.00010962023655,-2.673342892619886
7794,300.145,12.207779596127146,2540.741731961344,164.78806164588522,1963.0669388655795,2543.658590555133,97.81712644357137,70.84925028985229,209.12255584540011,6.948346657105412,1265,-3.000109634800154,-2.6729460329204064
7795,300.155,12.208110093749209,2540.7415415366536,164.78710344580185,1963.0710200083718,2543.658469050333,97.81707896432117,70.84778997854636,209.05996567637203,6.94854320097475,1265,-3.000109649364354,-2.672549176139195
7796,300.16499999999996,12.208440597011103,2540.7413511076793,164.7861457209509,1963.0751010727781,2543.658347544968,97.81703148498393,70.84632976358667,208.9973767973245,6.948739740792556,1265,-3.00010966392915,-2.672152322269178
7797,300.17499999999995,12.208771105915236,2540.7411606744213,164.78518847123442,1963.079182058804,2543.658226039036,97.81698400555963,70.844869644938,208.93478920817233,6.948936276559097,1265,-3.0001096784945434,-2.671755471303251
7798,300.185,12.209101620464068,2540.7409702368755,164.7842316965292,1963.0832629664549,2543.6581045325374,97.8169365260483,70.84340962256513,208.8722029088303,6.9491328082746415,1265,-3.000109693060533,-2.6713586232343185
7799,300.195,12.209432140660002,2540.740779795043,164.7832753968423,1963.0873437957366,2543.6579830254736,97.8168890464499,70.8419496964328,208.8096178992133,6.949329335939456,1265,-3.00010970762712,-2.670961778055271
7800,300.205,12.209762666505481,2540.740589348921,164.78231957202965,1963.0914245466531,2543.6578615178432,97.8168415667645,70.84048986650582,208.74703417923612,6.949525859553808,1265,-3.0001097221943045,-2.670564935759024
7801,300.215,12.210093198002948,2540.740398898509,164.78136422204128,1963.0955052192107,2543.6577400096476,97.81679408699205,70.83903013274895,208.68445174881373,6.949722379117965,1265,-3.0001097367620866,-2.6701680963384664
7802,300.22499999999997,12.210423735154833,2540.740208443805,164.78040934673984,1963.0995858134143,2543.6576185008857,97.81674660713254,70.83757049512697,208.62187060786107,6.9499188946321935,1265,-3.000109751330467,-2.6697712597864984
7803,300.235,12.210754277963611,2540.7400179848073,164.77945494608082,1963.103666329268,2543.6574969915578,97.81669912718601,70.83611095360467,208.55929075629308,6.950115406096761,1265,-3.000109765899445,-2.669374426096023
7804,300.245,12.21108482643166,2540.739827521514,164.77850102002853,1963.1077467667783,2543.6573754816636,97.81665164715245,70.83465150814689,208.49671219402478,6.950311913511934,1265,-3.000109780469022,-2.6689775952599417
7805,300.255,12.211415380561496,2540.7396370539263,164.77754756847173,1963.1118271259497,2543.6572539712047,97.81660416703185,70.83319215871842,208.4341349209712,6.950508416877978,1265,-3.0001097950391977,-2.6685807672711412
7806,300.265,12.211745940355494,2540.7394465820385,164.7765945913167,1963.1159074067887,2543.6571324601778,97.81655668682421,70.83173290528406,208.3715589370474,6.950704916195161,1265,-3.0001098096099725,-2.668183942122535
7807,300.275,12.21207650581617,2540.7392561058537,164.7756420884488,1963.1199876092987,2543.657010948587,97.81650920652956,70.83027374780863,208.30898424216846,6.95090141146375,1265,-3.0001098241813464,-2.6677871198070076
7808,300.28499999999997,12.212407076945915,2540.7390656253674,164.7746900599171,1963.1240677334856,2543.6568894364295,97.81646172614788,70.82881468625698,208.2464108362495,6.95109790268401,1265,-3.0001098387533203,-2.6673903003174577
7809,300.29499999999996,12.21273765374719,2540.738875140579,164.77373850549682,1963.128147779355,2543.656767923706,97.81641424567916,70.82735572059391,208.1838387192057,6.9512943898562085,1265,-3.000109853325893,-2.666993483646789
7810,300.305,12.21306823622246,2540.7386846514864,164.772787425243,1963.1322277469105,2543.6566464104167,97.81636676512343,70.82589685078429,208.12126789095228,6.951490872980612,1265,-3.0001098678990674,-2.6665966697878996
7811,300.315,12.213398824374186,2540.7384941580904,164.77183681897534,1963.1363076361597,2543.656524896562,97.81631928448067,70.82443807679296,208.05869835140436,6.951687352057485,1265,-3.000109882472841,-2.6661998587336684
7812,300.325,12.213729418204794,2540.738303660388,164.77088668659667,1963.1403874471064,2543.6564033821423,97.8162718037509,70.82297939858474,207.9961301004773,6.951883827087094,1265,-3.0001098970472153,-2.665803050477015
7813,300.335,12.214060017716745,2540.7381131583757,164.7699370281216,1963.144467179756,2543.656281867155,97.81622432293409,70.82152081612448,207.9335631380863,6.952080298069707,1265,-3.000109911622191,-2.6654062450108187
7814,300.34499999999997,12.21439062291252,2540.737922652057,164.76898784343427,1963.1485468341134,2543.6561603516047,97.81617684203027,70.8200623293771,207.8709974641467,6.952276765005587,1265,-3.0001099261977675,-2.665009442327971
7815,300.355,12.214721233794556,2540.7377321414256,164.76803913243575,1963.1526264101842,2543.656038835487,97.81612936103943,70.8186039383074,207.80843307857384,6.952473227895001,1265,-3.000109940773945,-2.664612642421379
7816,300.365,12.215051850365297,2540.737541626482,164.76709089507668,1963.1567059079728,2543.6559173188034,97.81608187996159,70.8171456428803,207.74586998128308,6.952669686738215,1265,-3.000109955350725,-2.66421584528393
7817,300.375,12.215382472627228,2540.7373511072255,164.76614313121596,1963.1607853274852,2543.6557958015546,97.81603439879673,70.81568744306068,207.68330817218984,6.952866141535495,1265,-3.000109969928107,-2.6638190509085096
7818,300.385,12.215713100582832,2540.737160583654,164.76519584088018,1963.1648646687268,2543.65567428374,97.81598691754486,70.81422933881342,207.62074765120957,6.953062592287104,1265,-3.0001099845060906,-2.6634222592880303
7819,300.395,12.216043734234509,2540.736970055765,164.76424902389894,1963.168943931701,2543.65555276536,97.81593943620598,70.81277133010339,207.55818841825769,6.95325903899331,1265,-3.000109999084677,-2.6630254704153704
7820,300.405,12.216374373584792,2540.73677952356,164.7633026802269,1963.1730231164158,2543.655431246415,97.8158919547801,70.8113134168955,207.49563047324975,6.953455481654377,1265,-3.0001100136638663,-2.662628684283422
7821,300.41499999999996,12.216705018636103,2540.7365889870352,164.76235680980437,1963.177102222874,2543.6553097269048,97.8158444732672,70.80985559915467,207.43307381610126,6.953651920270571,1265,-3.000110028243659,-2.662231900885078
7822,300.42499999999995,12.217035669390912,2540.736398446189,164.7614114125376,1963.181181251081,2543.655188206829,97.81579699166731,70.8083978768458,207.37051844672774,6.9538483548421555,1265,-3.0001100428240544,-2.661835120213234
7823,300.435,12.217366325851726,2540.7362079010213,164.76046648834412,1963.1852602010433,2543.6550666861867,97.81574950998042,70.80694024993382,207.30796436504482,6.954044785369398,1265,-3.000110057405053,-2.6614383422607837
7824,300.445,12.217696988020974,2540.736017351529,164.7595220371148,1963.1893390727655,2543.6549451649794,97.81570202820652,70.80548271838363,207.24541157096814,6.954241211852561,1265,-3.000110071986656,-2.6610415670206122
7825,300.455,12.218027655901162,2540.7358267977115,164.7585780588291,1963.1934178662514,2543.654823643207,97.81565454634563,70.80402528216015,207.18286006441332,6.95443763429191,1265,-3.0001100865688626,-2.660644794485613
7826,300.465,12.218358329494729,2540.735636239568,164.75763455336576,1963.1974965815084,2543.6547021208694,97.81560706439771,70.80256794122836,207.12030984529602,6.95463405268771,1265,-3.000110101151674,-2.660248024648666
7827,300.47499999999997,12.218689008804194,2540.735445677097,164.75669152067297,1963.20157521854,2543.654580597966,97.81555958236282,70.80111069555318,207.057760913532,6.954830467040225,1265,-3.0001101157350902,-2.659851257502674
7828,300.485,12.219019693831953,2540.7352551102954,164.7557489606705,1963.2056537773515,2543.6544590744975,97.81551210024094,70.79965354509953,206.99521326903698,6.955026877349719,1265,-3.0001101303191104,-2.659454493040523
7829,300.495,12.219350384580592,2540.735064539164,164.75480687323363,1963.209732257949,2543.654337550463,97.81546461803204,70.7981964898324,206.93266691172676,6.9552232836164585,1265,-3.0001101449037364,-2.659057731255093
7830,300.505,12.219681081052535,2540.7348739637,164.75386525838852,1963.2138106603365,2543.6542160258646,97.81541713573618,70.79673952971673,206.87012184151715,6.955419685840707,1265,-3.000110159488968,-2.658660972139287
7831,300.515,12.220011783250259,2540.734683383901,164.75292411595646,1963.2178889845195,2543.6540945006996,97.81536965335333,70.79528266471752,206.80757805832394,6.955616084022727,1265,-3.000110174074805,-2.6582642156859704
7832,300.525,12.22034249117623,2540.734492799768,164.7519834458873,1963.2219672305039,2543.6539729749697,97.81532217088348,70.79382589479968,206.74503556206304,6.955812478162784,1265,-3.0001101886612482,-2.6578674618880647
7833,300.53499999999997,12.220673204832993,2540.7343022112977,164.75104324815433,1963.2260453982944,2543.653851448675,97.81527468832664,70.79236921992823,206.68249435265034,6.956008868261142,1265,-3.0001102032482976,-2.6574707107384246
7834,300.54499999999996,12.22100392422299,2540.7341116184903,164.7501035225639,1963.2301234878958,2543.6537299218157,97.81522720568282,70.79091264006814,206.61995443000177,6.956205254318065,1265,-3.0001102178359536,-2.6570739622299375
7835,300.555,12.221334649348721,2540.733921021342,164.7491642691463,1963.2342014993137,2543.65360839439,97.81517972295202,70.7894561551844,206.5574157940333,6.956401636333816,1265,-3.000110232424216,-2.656677216355519
7836,300.565,12.221665380212656,2540.733730419854,164.74822548778707,1963.238279432552,2543.6534868664007,97.81513224013423,70.787999765242,206.4948784446609,6.95659801430866,1265,-3.0001102470130854,-2.656280473108018
7837,300.575,12.221996116817298,2540.7335398140226,164.74728717842095,1963.242357287617,2543.653365337845,97.81508475722949,70.78654347020596,206.43234238180065,6.95679438824286,1265,-3.0001102616025626,-2.655883732480353
7838,300.585,12.222326859165152,2540.7333492038474,164.7463493409315,1963.2464350645146,2543.6532438087243,97.81503727423774,70.78508727004127,206.36980760536852,6.956990758136678,1265,-3.000110276192647,-2.655486994465392
7839,300.59499999999997,12.222657607258686,2540.7331585893285,164.74541197525832,1963.2505127632476,2543.65312227904,97.81498979115902,70.78363116471296,206.30727411528068,6.95718712399038,1265,-3.000110290783339,-2.6550902590560153
7840,300.605,12.222988361100422,2540.73296797046,164.74447508138897,1963.2545903838238,2543.6530007487886,97.81494230799333,70.78217515418602,206.24474191145316,6.957383485804227,1265,-3.00011030537464,-2.6546935262451212
7841,300.615,12.223319120692832,2540.7327773472452,164.74353865914483,1963.2586679262465,2543.6528792179743,97.81489482474069,70.78071923842549,206.1822109938022,6.957579843578484,1265,-3.0001103199665486,-2.6542967960255734
7842,300.625,12.223649886038423,2540.7325867196805,164.74260270851312,1963.2627453905206,2543.6527576865938,97.81484734140106,70.77926341739642,206.1196813622439,6.957776197313414,1265,-3.000110334559066,-2.6539000683902794
7843,300.635,12.223980657139672,2540.732396087764,164.7416672293597,1963.2668227766528,2543.652636154648,97.81479985797445,70.77780769106383,206.0571530166945,6.957972547009279,1265,-3.0001103491521928,-2.6535033433320936
7844,300.645,12.22431143399913,2540.732205451495,164.74073222167215,1963.2709000846464,2543.652514622138,97.8147523744609,70.77635205939276,205.99462595707027,6.958168892666341,1265,-3.000110363745928,-2.653106620843928
7845,300.655,12.224642216619262,2540.732014810872,164.73979768533724,1963.2749773145083,2543.6523930890626,97.81470489086036,70.77489652234827,205.93210018328745,6.958365234284867,1265,-3.0001103783402727,-2.652709900918646
7846,300.66499999999996,12.224973005002568,2540.731824165893,164.73886362028807,1963.2790544662419,2543.652271555422,97.81465740717286,70.77344107989542,205.86957569526234,6.958561571865115,1265,-3.0001103929352273,-2.652313183549133
7847,300.67499999999995,12.225303799151563,2540.7316335165583,164.73793002644305,1963.2831315398535,2543.652150021218,97.8146099233984,70.77198573199927,205.80705249291128,6.958757905407349,1265,-3.000110407530792,-2.6519164687282704
7848,300.685,12.22563459906876,2540.7314428628642,164.73699690373243,1963.2872085353486,2543.6520284864478,97.81456243953697,70.77053047862485,205.74453057615065,6.9589542349118325,1265,-3.000110422126967,-2.651519756448948
7849,300.695,12.225965404756682,2540.731252204811,164.73606425206285,1963.2912854527303,2543.6519069511137,97.81451495558859,70.76907531973728,205.6820099448968,6.959150560378827,1265,-3.0001104367237525,-2.6511230467040265
7850,300.705,12.22629621621777,2540.731061542396,164.7351320713534,1963.2953622920056,2543.651785415215,97.81446747155326,70.76762025530162,205.6194905990662,6.959346881808597,1265,-3.000110451321149,-2.6507263394864005
7851,300.715,12.226627033454607,2540.730870875619,164.73420036153192,1963.299439053179,2543.651663878751,97.81441998743097,70.76616528528297,205.55697253857528,6.959543199201402,1265,-3.0001104659191564,-2.6503296347889465
7852,300.72499999999997,12.226957856469676,2540.7306802044777,164.73326912258338,1963.3035157362563,2543.6515423417222,97.81437250322172,70.7647104096464,205.49445576334057,6.959739512557506,1265,-3.0001104805177747,-2.649932932604539
7853,300.735,12.227288685265481,2540.73048952897,164.73233835432174,1963.3075923412403,2543.651420804129,97.81432501892552,70.76325562835702,205.4319402732785,6.95993582187717,1265,-3.0001104951170054,-2.649536232926072
7854,300.745,12.227619519844549,2540.730298849095,164.73140805675584,1963.3116688681391,2543.651299265971,97.81427753454236,70.76180094137992,205.3694260683057,6.960132127160656,1265,-3.0001105097168472,-2.6491395357463983
7855,300.755,12.227950360209421,2540.7301081648507,164.73047822976415,1963.3157453169558,2543.6511777272476,97.81423005007227,70.76034634868023,205.30691314833874,6.960328428408227,1265,-3.0001105243173014,-2.6487428410584237
7856,300.765,12.228281206362551,2540.729917476238,164.72954887325102,1963.3198216876954,2543.6510561879604,97.81418256551521,70.75889185022304,205.24440151329418,6.960524725620143,1265,-3.000110538918368,-2.6483461488549986
7857,300.775,12.228612058306538,2540.7297267832546,164.72861998721748,1963.3238979803639,2543.65093464811,97.81413508087122,70.75743744597348,205.18189116308872,6.960721018796667,1265,-3.0001105535200474,-2.6479494591290127
7858,300.78499999999997,12.228942916043838,2540.729536085896,164.7276915715299,1963.3279741949673,2543.650813107692,97.81408759614028,70.7559831358967,205.11938209763898,6.96091730793806,1265,-3.0001105681223397,-2.647552771873346
7859,300.79499999999996,12.229273779576994,2540.7293453841644,164.72676362611196,1963.3320503315083,2543.650691566712,97.81404011132241,70.7545289199578,205.05687431686172,6.961113593044584,1265,-3.000110582725245,-2.647156087080862
7860,300.805,12.229604648908534,2540.7291546780566,164.72583615090346,1963.3361263899935,2543.650570025166,97.81399262641759,70.75307479812196,204.99436782067363,6.9613098741165,1265,-3.000110597328764,-2.646759404744462
7861,300.815,12.22993552404099,2540.728963967572,164.72490914583855,1963.340202370428,2543.6504484830566,97.81394514142582,70.75162077035426,204.9318626089915,6.961506151154069,1265,-3.0001106119328966,-2.646362724856991
7862,300.825,12.230266404976872,2540.7287732527075,164.7239826107639,1963.3442782728157,2543.6503269403815,97.81389765634712,70.75016683661993,204.86935868173214,6.9617024241575525,1265,-3.000110626537643,-2.645966047411346
7863,300.835,12.230597291718711,2540.7285825334634,164.7230565457087,1963.3483540971636,2543.6502053971426,97.8138501711815,70.74871299688405,204.8068560388123,6.961898693127211,1265,-3.0001106411430043,-2.645569372400384
7864,300.84499999999997,12.23092818426903,2540.7283918098387,164.72213095055076,1963.3524298434743,2543.6500838533398,97.81380268592893,70.74725925111184,204.74435468014892,6.962094958063307,1265,-3.0001106557489794,-2.6451726998169853
7865,300.855,12.231259082630391,2540.7282010818303,164.7212058251966,1963.3565055117554,2543.649962308972,97.81375520058944,70.74580559926844,204.68185460565886,6.9622912189661,1265,-3.0001106703555704,-2.644776029654031
7866,300.865,12.231589986805334,2540.7280103494368,164.72028116960445,1963.3605811020113,2543.6498407640397,97.813707715163,70.74435204131903,204.619355815259,6.962487475835852,1265,-3.0001106849627757,-2.6443793619043805
7867,300.875,12.23192089679632,2540.7278196126576,164.71935698363032,1963.3646566142447,2543.6497192185434,97.81366022964964,70.7428985772288,204.55685830886637,6.962683728672823,1265,-3.0001106995705964,-2.643982696560924
7868,300.885,12.232251812605934,2540.727628871491,164.71843326729814,1963.3687320484646,2543.649597672483,97.81361274404935,70.74144520696292,204.4943620863979,6.9628799774772725,1265,-3.0001107141790326,-2.643586033616521
7869,300.895,12.23258273423673,2540.727438125936,164.7175100204533,1963.3728074046737,2543.649476125858,97.81356525836213,70.7399919304866,204.4318671477706,6.963076222249462,1265,-3.000110728788085,-2.6431893730640326
7870,300.905,12.232913661691208,2540.7272473759904,164.7165872430335,1963.3768826828764,2543.649354578669,97.813517772588,70.73853874776502,204.3693734929015,6.963272462989653,1265,-3.0001107433977534,-2.642792714896358
7871,300.91499999999996,12.233244594971918,2540.7270566216516,164.71566493499506,1963.3809578830787,2543.6492330309156,97.81347028672694,70.7370856587634,204.3068811217077,6.963468699698105,1265,-3.000110758008038,-2.642396059106348
7872,300.92499999999995,12.233575534081405,2540.726865862922,164.71474309623773,1963.3850330052867,2543.6491114825985,97.81342280077897,70.73563266344694,204.2443900341063,6.963664932375077,1265,-3.00011077261894,-2.641999405686877
7873,300.935,12.233906479022222,2540.7266750997956,164.71382172668956,1963.3891080495039,2543.648989933716,97.81337531474406,70.73417976178085,204.1819002300144,6.96386116102083,1265,-3.000110787230459,-2.6416027546308194
7874,300.945,12.234237429796899,2540.726484332274,164.71290082626876,1963.3931830157364,2543.6488683842704,97.81332782862225,70.73272695373039,204.1194117093492,6.964057385635625,1265,-3.000110801842595,-2.641206105931043
7875,300.955,12.234568386407979,2540.726293560354,164.7119803948935,1963.3972579039894,2543.6487468342593,97.8132803424135,70.73127423926074,204.05692447202793,6.964253606219721,1265,-3.000110816455348,-2.6408094595804155
7876,300.965,12.234899348858049,2540.726102784036,164.71106043248187,1963.4013327142663,2543.6486252836858,97.81323285611786,70.72982161833714,203.99443851796775,6.9644498227733775,1265,-3.00011083106872,-2.6404128155718087
7877,300.97499999999997,12.235230317149593,2540.7259120033164,164.71014093898395,1963.4054074465735,2543.6485037325474,97.8131853697353,70.72836909092486,203.9319538470859,6.964646035296855,1265,-3.0001108456827086,-2.6400161738980756
7878,300.985,12.235561291285201,2540.7257212181958,164.7092219143265,1963.4094821009157,2543.648382180845,97.81313788326582,70.72691665698913,203.86947045929978,6.964842243790413,1265,-3.000110860297317,-2.6396195345521103
7879,300.995,12.235892271267417,2540.725530428671,164.70830335843394,1963.4135566772975,2543.648260628579,97.81309039670944,70.72546431649519,203.80698835452657,6.965038448254309,1265,-3.000110874912543,-2.63922289752676
7880,301.005,12.236223257098795,2540.7253396347414,164.70738527118922,1963.4176311757246,2543.6481390757485,97.81304291006614,70.72401206940833,203.74450753268374,6.965234648688806,1265,-3.0001108895283886,-2.6388262628149017
7881,301.015,12.23655424878189,2540.7251488364063,164.70646765254506,1963.4217055962029,2543.6480175223546,97.81299542333596,70.72255991569376,203.6820279936886,6.965430845094161,1265,-3.0001109041448526,-2.6384296304093953
7882,301.025,12.236885246319218,2540.724958033662,164.7055505024212,1963.425779938735,2543.647895968396,97.81294793651885,70.7211078553168,203.61954973745856,6.965627037470635,1265,-3.0001109187619366,-2.638033000303114
7883,301.03499999999997,12.237216249713406,2540.724767226509,164.70463382074743,1963.4298542033282,2543.647774413874,97.81290044961486,70.71965588824268,203.5570727639111,6.965823225818485,1265,-3.0001109333796396,-2.637636372488908
7884,301.04499999999996,12.237547258966956,2540.724576414945,164.70371760745255,1963.433928389987,2543.6476528587873,97.81285296262396,70.71820401443672,203.49459707296364,6.966019410137972,1265,-3.000110947997963,-2.6372397469596605
7885,301.055,12.237878274082481,2540.7243855989686,164.70280186244804,1963.4380024987154,2543.6475313031374,97.81280547554616,70.71675223386421,203.43212266453372,6.966215590429353,1265,-3.000110962616907,-2.6368431237082377
7886,301.065,12.238209295062484,2540.7241947785797,164.70188658567648,1963.442076529519,2543.647409746924,97.81275798838146,70.7153005464904,203.36964953853888,6.966411766692888,1265,-3.0001109772364702,-2.636446502727489
7887,301.075,12.238540321909571,2540.7240039537733,164.70097177703306,1963.4461504824042,2543.6472881901445,97.81271050112986,70.71384895228061,203.30717769489667,6.966607938928837,1265,-3.0001109918566553,-2.6360498840102893
7888,301.085,12.238871354626273,2540.723813124552,164.70005743643466,1963.4502243573736,2543.647166632804,97.81266301379138,70.71239745120016,203.24470713352466,6.966804107137456,1265,-3.000111006477461,-2.635653267549493
7889,301.09499999999997,12.239202393215177,2540.723622290913,164.6991435638258,1963.4542981544341,2543.647045074899,97.812615526366,70.71094604321434,203.1822378543405,6.967000271319005,1265,-3.0001110210988884,-2.6352566533379673
7890,301.105,12.239533437678846,2540.7234314528546,164.6982301591897,1963.4583718735898,2543.6469235164304,97.81256803885373,70.70949472828846,203.11976985726187,6.967196431473743,1265,-3.0001110357209377,-2.6348600413685674
7891,301.115,12.239864488019855,2540.7232406103744,164.6973172223354,1963.4624455148453,2543.6468019573967,97.81252055125456,70.70804350638787,203.05730314220642,6.967392587601927,1265,-3.0001110503436084,-2.6344634316341784
7892,301.125,12.240195544240779,2540.723049763472,164.69640475329362,1963.4665190782073,2543.6466803978005,97.81247306356852,70.70659237747788,202.99483770909185,6.967588739703817,1265,-3.0001110649669007,-2.6340668241276375
7893,301.135,12.240526606344153,2540.7228589121455,164.6954927519118,1963.4705925636797,2543.6465588376404,97.81242557579557,70.70514134152383,202.93237355783594,6.96778488777967,1265,-3.000111079590816,-2.6336702188418206
7894,301.145,12.240857674332586,2540.7226680563926,164.69458121817908,1963.4746659712675,2543.6464372769155,97.81237808793574,70.70369039849105,202.86991068835647,6.967981031829745,1265,-3.0001110942153537,-2.633273615769594
7895,301.155,12.241188748208634,2540.7224771962137,164.69367015195215,1963.4787393009765,2543.646315715628,97.81233059998905,70.70223954834489,202.80744910057126,6.9681771718542995,1265,-3.000111108840515,-2.632877014903794
7896,301.16499999999996,12.241519827974889,2540.7222863316065,164.69275955321964,1963.4828125528104,2543.646194153777,97.81228311195547,70.7007887910507,202.74498879439813,6.96837330785359,1265,-3.0001111234662985,-2.632480416237306
7897,301.17499999999995,12.241850913633932,2540.72209546257,164.69184942183196,1963.4868857267752,2543.6460725913626,97.81223562383501,70.69933812657383,202.68252976975492,6.968569439827877,1265,-3.000111138092706,-2.632083819762965
7898,301.185,12.24218200518831,2540.7219045891025,164.6909397577995,1963.4909588228752,2543.645951028385,97.81218813562766,70.69788755487966,202.6200720265596,6.968765567777416,1265,-3.0001111527197373,-2.6316872254736516
7899,301.195,12.242513102640626,2540.721713711202,164.69003056096017,1963.4950318411156,2543.645829464843,97.81214064733345,70.69643707593355,202.55761556473007,6.968961691702464,1265,-3.0001111673473924,-2.631290633362201
7900,301.205,12.242844205993448,2540.721522828867,164.68912183132224,1963.4991047815015,2543.645707900737,97.81209315895237,70.69498668970087,202.4951603841843,6.9691578116032815,1265,-3.000111181975672,-2.6308940434214954
7901,301.215,12.243175315249374,2540.721331942096,164.68821356875023,1963.5031776440385,2543.6455863360684,97.8120456704844,70.693536396147,202.43270648484022,6.969353927480125,1265,-3.000111196604576,-2.630497455644388
7902,301.22499999999997,12.243506430410996,2540.7211410508885,164.6873057732262,1963.507250428731,2543.6454647708356,97.81199818192957,70.69208619523732,202.3702538666159,6.96955003933325,1265,-3.000111211234105,-2.6301008700237247
7903,301.235,12.24383755148087,2540.7209501552425,164.6863984445704,1963.5113231355845,2543.64534320504,97.81195069328787,70.69063608693726,202.30780252942944,6.969746147162915,1265,-3.000111225864259,-2.629704286552368
7904,301.245,12.244168678461596,2540.720759255156,164.68549158286572,1963.515395764603,2543.6452216386806,97.81190320455929,70.68918607121216,202.2453524731989,6.969942250969378,1265,-3.000111240495038,-2.6293077052231815
7905,301.255,12.244499811355794,2540.720568350628,164.68458518786665,1963.5194683157927,2543.6451000717575,97.81185571574385,70.68773614802747,202.18290369784233,6.970138350752896,1265,-3.0001112551264435,-2.6289111260290086
7906,301.265,12.24483095016602,2540.7203774416575,164.68367925964276,1963.523540789157,2543.644978504272,97.81180822684155,70.68628631734857,202.12045620327794,6.970334446513723,1265,-3.0001112697584738,-2.6285145489627197
7907,301.275,12.245162094894862,2540.7201865282427,164.6827737980311,1963.5276131847022,2543.644856936223,97.81176073785237,70.68483657914089,202.0580099894239,6.970530538252119,1265,-3.000111284391131,-2.6281179740171488
7908,301.28499999999997,12.245493245544926,2540.719995610382,164.6818688029856,1963.5316855024337,2543.6447353676103,97.81171324877636,70.68338693336985,201.9955650561984,6.97072662596834,1265,-3.000111299024415,-2.627721401185164
7909,301.29499999999996,12.245824402118807,2540.719804688075,164.68096427444758,1963.5357577423554,2543.6446137984353,97.81166575961348,70.68193738000086,201.93312140351966,6.970922709662641,1265,-3.000111313658325,-2.6273248304596155
7910,301.305,12.246155564619091,2540.7196137613178,164.6800602122709,1963.539829904473,2543.644492228696,97.81161827036372,70.68048791899939,201.870679031306,6.971118789335281,1265,-3.0001113282928626,-2.62692826183336
7911,301.315,12.246486733048387,2540.719422830109,164.67915661647746,1963.5439019887908,2543.644370658393,97.81157078102713,70.67903855033083,201.80823793947567,6.971314864986516,1265,-3.000111342928027,-2.6265316952992612
7912,301.325,12.246817907409294,2540.7192318944512,164.67825348695476,1963.5479739953128,2543.6442490875284,97.81152329160368,70.67758927396066,201.74579812794704,6.971510936616601,1265,-3.0001113575638194,-2.626135130850146
7913,301.335,12.247149087704408,2540.719040954339,164.67735082359027,1963.5520459240468,2543.6441275160996,97.81147580209336,70.67614008985433,201.6833595966384,6.9717070042257925,1265,-3.0001113722002395,-2.6257385684788863
7914,301.34499999999997,12.247480273936334,2540.7188500097727,164.6764486263421,1963.5561177749958,2543.644005944108,97.8114283124962,70.67469099797727,201.62092234546824,6.971903067814348,1265,-3.0001113868372875,-2.625342008178329
7915,301.355,12.247811466107674,2540.718659060749,164.67554689516422,1963.5601895481661,2543.6438843715523,97.8113808228122,70.67324199829494,201.5584863743549,6.9720991273825215,1265,-3.000111401474964,-2.6249454499413254
7916,301.365,12.248142664221033,2540.718468107269,164.6746456299402,1963.5642612435606,2543.6437627984346,97.81133333304135,70.67179309077284,201.49605168321688,6.97229518293057,1265,-3.0001114161132696,-2.624548893760728
7917,301.375,12.248473868279008,2540.7182771493285,164.67374483059274,1963.568332861186,2543.643641224753,97.81128584318364,70.67034427537644,201.43361827197262,6.972491234458751,1265,-3.000111430752204,-2.624152339629388
7918,301.385,12.248805078284208,2540.718086186928,164.67284449707623,1963.5724044010465,2543.643519650509,97.81123835323909,70.66889555207118,201.37118614054066,6.972687281967319,1265,-3.0001114453917674,-2.6237557875401567
7919,301.395,12.249136294239257,2540.717895220066,164.67194462930743,1963.5764758631478,2543.6433980757015,97.81119086320771,70.66744692082257,201.30875528883954,6.972883325456529,1265,-3.00011146003196,-2.623359237485864
7920,301.405,12.249467516146735,2540.71770424874,164.6710452271566,1963.580547247494,2543.643276500331,97.81114337308948,70.6659983815961,201.24632571678782,6.973079364926638,1265,-3.0001114746727824,-2.6229626894593867
7921,301.41499999999996,12.249798744009311,2540.71751327295,164.67014629068225,1963.5846185540904,2543.6431549243985,97.8110958828844,70.66454993435727,201.18389742430412,6.9732754003779,1265,-3.000111489314235,-2.6225661434535574
7922,301.42499999999995,12.250129977829543,2540.717322292693,164.66924781971085,1963.588689782942,2543.643033347902,97.8110483925925,70.66310157907158,201.12147041130706,6.973471431810571,1265,-3.000111503956318,-2.6221695994612357
7923,301.435,12.250461217610068,2540.7171313079666,164.66834981414942,1963.5927609340542,2543.6429117708417,97.81100090221376,70.66165331570454,201.05904467771532,6.973667459224908,1265,-3.0001115185990312,-2.6217730574752593
7924,301.445,12.250792463353514,2540.716940318772,164.66745227396933,1963.596832007431,2543.6427901932198,97.81095341174819,70.66020514422164,200.99662022344756,6.973863482621163,1265,-3.0001115332423756,-2.6213765174884855
7925,301.455,12.251123715062468,2540.716749325106,164.66655519909526,1963.6009030030784,2543.6426686150335,97.81090592119578,70.65875706458841,200.93419704842256,6.974059501999593,1265,-3.000111547886351,-2.6209799794937556
7926,301.465,12.251454972739563,2540.716558326968,164.66565858941547,1963.6049739210002,2543.6425470362856,97.81085843055655,70.6573090767704,200.87177515255905,6.974255517360453,1265,-3.0001115625309582,-2.6205834434838975
7927,301.47499999999997,12.251786236387435,2540.716367324357,164.6647624449453,1963.609044761202,2543.642425456975,97.81081093983049,70.65586118073313,200.8093545357758,6.974451528703998,1265,-3.0001115771761966,-2.6201869094517787
7928,301.485,12.252117506008688,2540.7161763172708,164.66386676550692,1963.6131155236892,2543.6423038771013,97.81076344901759,70.65441337644211,200.74693519799166,6.974647536030481,1265,-3.0001115918220664,-2.619790377390247
7929,301.495,12.252448781605931,2540.7159853057065,164.66297155106193,1963.6171862084666,2543.642182296665,97.81071595811785,70.6529656638629,200.68451713912546,6.97484353934016,1265,-3.0001116064685696,-2.6193938472921534
7930,301.505,12.252780063181822,2540.7157942896642,164.66207680159025,1963.6212568155381,2543.642060715665,97.81066846713131,70.65151804296104,200.62210035909604,6.975039538633288,1265,-3.000111621115704,-2.6189973191503073
7931,301.515,12.253111350738976,2540.7156032691437,164.6611825169503,1963.6253273449092,2543.6419391341037,97.81062097605793,70.6500705137021,200.5596848578224,6.975235533910119,1265,-3.000111635763472,-2.618600792957585
7932,301.525,12.253442644280026,2540.71541224414,164.6602886970797,1963.6293977965854,2543.641817551978,97.81057348489773,70.64862307605162,200.49727063522337,6.975431525170908,1265,-3.0001116504118728,-2.618204268706818
7933,301.53499999999997,12.253773943807586,2540.7152212146557,164.65939534189155,1963.6334681705716,2543.641695969291,97.81052599365073,70.64717572997519,200.434857691218,6.97562751241591,1265,-3.000111665060907,-2.61780774639086
7934,301.54499999999996,12.254105249324276,2540.715030180686,164.65850245138418,1963.6375384668713,2543.6415743860407,97.8104785023169,70.64572847543835,200.37244602572528,6.975823495645378,1265,-3.0001116797105745,-2.6174112260025315
7935,301.555,12.254436560832772,2540.714839142231,164.65761002543005,1963.641608685492,2543.6414528022283,97.81043101089625,70.6442813124067,200.3100356386642,6.976019474859568,1265,-3.000111694360876,-2.617014707534695
7936,301.565,12.254767878335665,2540.7146480992897,164.65671806390466,1963.6456788264359,2543.641331217853,97.8103835193888,70.64283424084581,200.24762652995383,6.9762154500587314,1265,-3.000111709011812,-2.616618190980188
7937,301.575,12.255099201835627,2540.714457051859,164.655826566853,1963.6497488897107,2543.6412096329145,97.8103360277945,70.64138726072126,200.18521869951329,6.976411421243124,1265,-3.000111723663381,-2.616221676331842
7938,301.585,12.255430531335268,2540.714265999938,164.65493553413532,1963.6538188753188,2543.6410880474136,97.81028853611342,70.63994037199868,200.12281214726167,6.976607388412999,1265,-3.0001117383155864,-2.615825163582518
7939,301.59499999999997,12.25576186683722,2540.714074943526,164.65404496566782,1963.6578887832663,2543.64096646135,97.81024104434553,70.63849357464362,200.06040687311815,6.97680335156861,1265,-3.000111752968426,-2.615428652725034
7940,301.605,12.256093208344122,2540.713883882622,164.6531548614059,1963.661958613558,2543.640844874725,97.81019355249083,70.63704686862171,199.9980028770019,6.976999310710212,1265,-3.0001117676219007,-2.6150321437522526
7941,301.615,12.256424555858645,2540.7136928172226,164.6522652212244,1963.6660283661977,2543.6407232875367,97.81014606054931,70.63560025389856,199.93560015883216,6.977195265838058,1265,-3.000111782276011,-2.6146356366569914
7942,301.625,12.25675590938341,2540.713501747327,164.65137604512506,1963.6700980411927,2543.6406016997857,97.81009856852101,70.63415373043978,199.8731987185281,6.977391216952401,1265,-3.0001117969307565,-2.6142391314320936
7943,301.635,12.257087268921078,2540.713310672935,164.65048733296362,1963.6741676385468,2543.640480111473,97.81005107640588,70.632707298211,199.81079855600905,6.977587164053494,1265,-3.000111811586139,-2.6138426280704055
7944,301.645,12.257418634474263,2540.7131195940424,164.6495990847359,1963.6782371582638,2543.640358522596,97.81000358420397,70.63126095717786,199.7483996711943,6.977783107141591,1265,-3.0001118262421573,-2.613446126564768
7945,301.655,12.257750006045631,2540.712928510651,164.64871130027782,1963.6823066003506,2543.6402369331586,97.80995609191525,70.62981470730597,199.6860020640032,6.977979046216945,1265,-3.0001118408988128,-2.6130496269080132
7946,301.66499999999996,12.258081383637816,2540.712737422758,164.6478239796534,1963.6863759648106,2543.640115343159,97.80990859953974,70.62836854856096,199.6236057343551,6.97817498127981,1265,-3.000111855556104,-2.612653129092971
7947,301.67499999999995,12.258412767253464,2540.7125463303614,164.64693712263661,1963.6904452516487,2543.6399937525966,97.80986110707742,70.6269224809085,199.56121068216936,6.978370912330439,1265,-3.0001118702140337,-2.612256633112484
7948,301.685,12.258744156895284,2540.71235523346,164.6460507292497,1963.6945144608708,2543.639872161471,97.80981361452832,70.62547650431424,199.49881690736547,6.978566839369083,1265,-3.0001118848725996,-2.6118601389593956
7949,301.695,12.25907555256586,2540.7121641320527,164.64516479939797,1963.6985835924816,2543.6397505697846,97.80976612189242,70.62403061874382,199.43642440986287,6.978762762395998,1265,-3.0001118995318037,-2.6114636466265226
7950,301.705,12.25940695426789,2540.7119730261365,164.6442793329918,1963.7026526464858,2543.639628977534,97.80971862916972,70.6225848241629,199.37403318958098,6.978958681411433,1265,-3.000111914191646,-2.6110671561067305
7951,301.715,12.259738362003972,2540.711781915712,164.64339432999304,1963.706721622887,2543.639507384722,97.80967113636024,70.62113912053717,199.31164324643942,6.9791545964156425,1265,-3.0001119288521263,-2.6106706673928204
7952,301.72499999999997,12.260069775776833,2540.7115908007763,164.64250979030965,1963.7107905216933,2543.6393857913476,97.80962364346396,70.61969350783228,199.24925458035764,6.97935050740888,1265,-3.000111943513245,-2.6102741804776635
7953,301.735,12.260401195589074,2540.711399681328,164.6416257138357,1963.7148593429063,2543.6392641974107,97.80957615048091,70.61824798601394,199.1868671912553,6.979546414391397,1265,-3.000111958175002,-2.6098776953540574
7954,301.745,12.260732621443381,2540.7112085573676,164.6407421005342,1963.7189280865325,2543.639142602913,97.80952865741106,70.6168025550478,199.12448107905192,6.979742317363445,1265,-3.000111972837399,-2.609481212014853
7955,301.755,12.261064053342414,2540.7110174288923,164.63985895032582,1963.7229967525768,2543.6390210078525,97.80948116425444,70.61535721489956,199.0620962436672,6.9799382163252774,1265,-3.0001119875004347,-2.6090847304528713
7956,301.765,12.261395491288821,2540.7108262959,164.63897626314022,1963.7270653410435,2543.6388994122303,97.80943367101104,70.61391196553492,198.99971268502082,6.980134111277145,1265,-3.00011200216411,-2.608688250660971
7957,301.775,12.261726935285276,2540.710635158388,164.6380940389134,1963.7311338519376,2543.6387778160442,97.80938617768085,70.61246680691958,198.93733040303246,6.9803300022193016,1265,-3.0001120168284254,-2.6082917726319677
7958,301.78499999999997,12.262058385334473,2540.710444016357,164.6372122775702,1963.7352022852647,2543.6386562192965,97.80933868426389,70.61102173901926,198.8749493976218,6.980525889151999,1265,-3.000112031493381,-2.6078952963586866
7959,301.79499999999996,12.262389841439028,2540.7102528698065,164.6363309789911,1963.7392706410299,2543.638534621988,97.80929119076015,70.60957676179966,198.81256966870865,6.980721772075489,1265,-3.000112046158977,-2.6074988218339596
7960,301.805,12.262721303601626,2540.710061718732,164.6354501431865,1963.7433389192367,2543.6384130241167,97.80924369716963,70.60813187522648,198.7501912162128,6.980917650990022,1265,-3.0001120608252143,-2.6071023490506393
7961,301.815,12.26305277182495,2540.709870563135,164.63456977002144,1963.7474071198897,2543.638291425684,97.80919620349235,70.60668707926547,198.68781404005404,6.981113525895851,1265,-3.000112075492092,-2.606705878001512
7962,301.825,12.263384246111668,2540.7096794030113,164.63368985944865,1963.7514752429954,2543.6381698266887,97.80914870972828,70.60524237388236,198.62543814015226,6.981309396793226,1265,-3.000112090159611,-2.6063094086794565
7963,301.835,12.263715726464419,2540.709488238361,164.63281041134732,1963.7555432885588,2543.6380482271315,97.80910121587745,70.60379775904288,198.5630635164273,6.981505263682401,1265,-3.0001121048277715,-2.6059129410772757
7964,301.84499999999997,12.26404721288593,2540.709297069182,164.63193142575074,1963.7596112565834,2543.6379266270123,97.80905372193985,70.60235323471275,198.50069016879905,6.9817011265636255,1265,-3.0001121194965736,-2.6055164751878026
7965,301.855,12.264378705378856,2540.709105895474,164.63105290249345,1963.7636791470752,2543.6378050263315,97.80900622791549,70.60090880085775,198.43831809718753,6.981896985437152,1265,-3.000112134166019,-2.605120011003854
7966,301.865,12.264710203945858,2540.708914717234,164.63017484153096,1963.7677469600387,2543.637683425089,97.80895873380435,70.59946445744362,198.37594730151264,6.982092840303231,1265,-3.0001121488361053,-2.6047235485182734
7967,301.875,12.265041708589608,2540.7087235344607,164.62929724275244,1963.7718146954776,2543.6375618232837,97.80891123960646,70.5980202044361,198.31357778169442,6.982288691162113,1265,-3.000112163506835,-2.6043270877238816
7968,301.885,12.26537321931281,2540.708532347154,164.62842010618806,1963.775882353398,2543.6374402209176,97.8088637453218,70.59657604180096,198.2512095376529,6.982484538014051,1265,-3.000112178178207,-2.603930628613509
7969,301.895,12.265704736118147,2540.7083411553103,164.6275434316592,1963.7799499338053,2543.637318617989,97.80881625095039,70.595131969504,198.18884256930812,6.982680380859294,1265,-3.0001121928502226,-2.6035341711799793
7970,301.905,12.266036259008288,2540.7081499589303,164.626667219162,1963.7840174367034,2543.6371970144983,97.8087687564922,70.59368798751095,198.1264768765802,6.9828762196980945,1265,-3.000112207522881,-2.6031377154161186
7971,301.91499999999996,12.266367787985912,2540.707958758012,164.62579146857337,1963.7880848620973,2543.637075410447,97.80872126194727,70.59224409578763,198.0641124593892,6.983072054530701,1265,-3.000112222196184,-2.602741261314745
7972,301.92499999999995,12.266699323053702,2540.7077675525506,164.62491617988164,1963.792152209992,2543.636953805832,97.80867376731558,70.59080029429978,198.00174931765537,6.983267885357365,1265,-3.0001122368701307,-2.6023448088687093
7973,301.935,12.267030864214366,2540.70757634255,164.62404135293306,1963.7962194803924,2543.636832200657,97.80862627259714,70.58935658301324,197.9393874512988,6.983463712178338,1265,-3.000112251544722,-2.601948358070793
7974,301.945,12.26736241147059,2540.707385128005,164.6231669877173,1963.8002866733045,2543.63671059492,97.80857877779195,70.58791296189379,197.8770268602398,6.983659534993871,1265,-3.0001122662199573,-2.6015519089138524
7975,301.955,12.267693964825023,2540.707193908916,164.62229308417173,1963.8043537887297,2543.6365889886206,97.8085312829,70.58646943090721,197.8146675443985,6.983855353804213,1265,-3.000112280895838,-2.6011554613907046
7976,301.965,12.268025524280409,2540.7070026852807,164.62141964219487,1963.8084208266764,2543.63646738176,97.80848378792132,70.58502599001935,197.75230950369524,6.984051168609613,1265,-3.0001122955723636,-2.600759015494167
7977,301.97499999999997,12.268357089839416,2540.7068114570975,164.62054666167413,1963.8124877871487,2543.6363457743378,97.80843629285589,70.58358263919598,197.6899527380503,6.984246979410324,1265,-3.000112310249534,-2.6003625712170617
7978,301.985,12.268688661504717,2540.7066202243655,164.61967414263557,1963.81655467015,2543.6362241663546,97.8083887977037,70.58213937840294,197.62759724738405,6.9844427862065945,1265,-3.0001123249273514,-2.599966128552216
7979,301.995,12.269020239279039,2540.7064289870827,164.61880208494068,1963.8206214756865,2543.6361025578094,97.80834130246477,70.58069620760607,197.56524303161683,6.984638588998675,1265,-3.0001123396058134,-2.5995696874924414
7980,302.005,12.269351823165104,2540.7062377452476,164.6179304885254,1963.8246882037633,2543.6359809487026,97.8082938071391,70.57925312677118,197.50289009066904,6.984834387786815,1265,-3.000112354284922,-2.599173248030582
7981,302.015,12.269683413165533,2540.706046498858,164.6170593533418,1963.8287548543829,2543.635859339034,97.80824631172669,70.5778101358641,197.44053842446107,6.985030182571265,1265,-3.0001123689646776,-2.5987768101594293
7982,302.025,12.270015009283076,2540.7058552479143,164.6161886792739,1963.8328214275534,2543.635737728804,97.80819881622755,70.5763672348507,197.3781880329134,6.985225973352273,1265,-3.00011238364508,-2.598380373871819
7983,302.03499999999997,12.270346611520434,2540.7056639924135,164.61531846627798,1963.8368879232778,2543.635616118013,97.80815132064166,70.57492442369679,197.31583891594653,6.985421760130091,1265,-3.000112398326129,-2.597983939160572
7984,302.04499999999996,12.270678219880283,2540.705472732355,164.61444871426946,1963.8409543415607,2543.63549450666,97.80810382496905,70.57348170236824,197.25349107348097,6.985617542904966,1265,-3.0001124130078254,-2.597587506018494
7985,302.055,12.271009834365369,2540.705281467737,164.61357942321817,1963.8450206824077,2543.635372894746,97.80805632920969,70.57203907083093,197.19114450543722,6.985813321677149,1265,-3.0001124276901696,-2.5971910744384132
7986,302.065,12.271341454978357,2540.7050901985567,164.6127105930133,1963.8490869458233,2543.63525128227,97.8080088333636,70.57059652905069,197.12879921173592,6.98600909644689,1265,-3.0001124423731618,-2.596794644413161
7987,302.075,12.271673081721948,2540.7048989248146,164.6118422235813,1963.853153131812,2543.635129669233,97.8079613374308,70.5691540769934,197.06645519229767,6.986204867214436,1265,-3.000112457056802,-2.596398215935518
7988,302.085,12.272004714598907,2540.7047076465083,164.61097431488426,1963.8572192403794,2543.6350080556344,97.80791384141125,70.56771171462495,197.00411244704304,6.986400633980038,1265,-3.0001124717410903,-2.5960017889983433
7989,302.09499999999997,12.272336353611887,2540.7045163636362,164.6101068667851,1963.86128527153,2543.6348864414745,97.80786634530499,70.56626944191122,196.94177097589275,6.986596396743944,1265,-3.0001124864260276,-2.5956053635944256
7990,302.105,12.272667998763627,2540.7043250761976,164.6092398792975,1963.865351225269,2543.634764826753,97.80781884911198,70.56482725881807,196.8794307787675,6.986792155506403,1265,-3.000112501111614,-2.5952089397165965
7991,302.115,12.27299965005682,2540.7041337841906,164.60837335230767,1963.869417101601,2543.634643211471,97.80777135283226,70.5633851653114,196.81709185558796,6.986987910267664,1265,-3.0001125157978494,-2.594812517357648
7992,302.125,12.273331307494196,2540.7039424876125,164.60750728572168,1963.8734829005305,2543.634521595627,97.80772385646581,70.56194316135714,196.75475420627495,6.987183661027976,1265,-3.000112530484735,-2.5944160965104253
7993,302.135,12.27366297107845,2540.703751186464,164.60664167953192,1963.8775486220616,2543.6343999792225,97.80767636001264,70.56050124692116,196.69241783074924,6.987379407787588,1265,-3.0001125451722697,-2.5940196771677217
7994,302.145,12.273994640812344,2540.7035598807415,164.60577653356938,1963.8816142662008,2543.634278362256,97.80762886347277,70.55905942196938,196.63008272893163,6.987575150546748,1265,-3.000112559860455,-2.593623259322367
7995,302.155,12.274326316698547,2540.7033685704455,164.60491184784712,1963.885679832953,2543.6341567447284,97.80758136684616,70.55761768646771,196.56774890074294,6.987770889305704,1265,-3.0001125745492905,-2.593226842967161
7996,302.16499999999996,12.274657998739782,2540.703177255574,164.60404762227793,1963.8897453223206,2543.634035126641,97.80753387013286,70.55617604038207,196.5054163461041,6.987966624064705,1265,-3.000112589238777,-2.59283042809492
7997,302.17499999999995,12.274989686938795,2540.702985936123,164.60318385677846,1963.8938107343101,2543.63391350799,97.80748637333284,70.55473448367837,196.443085064936,6.988162354824,1265,-3.000112603928914,-2.5924340146984624
7998,302.185,12.275321381298305,2540.7027946120947,164.60232055125067,1963.897876068927,2543.63379188878,97.8074388764461,70.55329301632258,196.38075505715958,6.988358081583836,1265,-3.0001126186197027,-2.5920376027705974
7999,302.195,12.27565308182103,2540.702603283484,164.60145770568448,1963.9019413261751,2543.6336702690073,97.80739137947263,70.5518516382806,196.3184263226958,6.988553804344461,1265,-3.0001126333111428,-2.5916411923041345
8000,302.205,12.27598478850967,2540.7024119502935,164.60059531996038,1963.906006506059,2543.633548648674,97.80734388241248,70.55041034951839,196.25609886146566,6.988749523106124,1265,-3.0001126480032343,-2.5912447832918892
8001,302.215,12.276316501367013,2540.702220612519,164.5997333940132,1963.9100716085843,2543.6334270277807,97.80729638526562,70.5489691500019,196.19377267339019,6.988945237869072,1265,-3.000112662695978,-2.59084837572666
8002,302.22499999999997,12.276648220395721,2540.7020292701586,164.59887192778803,1963.9141366337562,2543.6333054063252,97.80724888803205,70.54752803969704,196.13144775839044,6.989140948633553,1265,-3.0001126773893745,-2.590451969601275
8003,302.235,12.27697994559857,2540.701837923212,164.59801092122257,1963.918201581577,2543.633183784309,97.80720139071177,70.54608701856984,196.06912411638748,6.989336655399815,1265,-3.000112692083423,-2.590055564908531
8004,302.245,12.277311676978265,2540.7016465716783,164.59715037418147,1963.9222664520541,2543.633062161732,97.80715389330479,70.54464608658621,196.00680174730246,6.989532358168105,1265,-3.0001127067781246,-2.589659161641239
8005,302.255,12.277643414537527,2540.7014552155556,164.5962902867193,1963.9263312451922,2543.632940538595,97.80710639581112,70.54320524371212,195.94448065105652,6.989728056938671,1265,-3.0001127214734797,-2.5892627597922173
8006,302.265,12.27797515827913,2540.7012638548404,164.5954306586292,1963.9303959609942,2543.6328189148953,97.80705889823074,70.54176448991359,195.8821608275708,6.9899237517117605,1265,-3.0001127361694877,-2.5888663593542542
8007,302.275,12.278306908205789,2540.701072489534,164.59457148993377,1963.9344605994663,2543.632697290636,97.80701140056365,70.54032382515655,195.81984227676656,6.990119442487621,1265,-3.00011275086615,-2.58846996032018
8008,302.28499999999997,12.278638664320217,2540.7008811196333,164.59371278053584,1963.9385251606138,2543.6325756658152,97.80696390280988,70.538883249407,195.757524998565,6.990315129266499,1265,-3.0001127655634656,-2.588073562682787
8009,302.29499999999996,12.278970426625179,2540.7006897451365,164.59285453035403,1963.942589644439,2543.632454040433,97.80691640496941,70.53744276263095,195.69520899288744,6.990510812048642,1265,-3.000112780261436,-2.587677166434884
8010,302.305,12.279302195123414,2540.7004983660436,164.59199673931872,1963.94665405095,2543.6323324144914,97.80686890704226,70.53600236479437,195.63289425965513,6.990706490834297,1265,-3.000112794960061,-2.587280771569282
8011,302.315,12.279633969817668,2540.7003069823527,164.59113940733693,1963.9507183801495,2543.6322107879882,97.80682140902842,70.53456205586328,195.5705807987894,6.990902165623711,1265,-3.0001128096593406,-2.5868843780787794
8012,302.325,12.27996575071067,2540.700115594061,164.59028253436875,1963.9547826320425,2543.6320891609244,97.80677391092787,70.53312183580367,195.50826861021162,6.991097836417132,1265,-3.0001128243592756,-2.586487985956186
8013,302.335,12.280297537805144,2540.6999242011684,164.5894261203773,1963.9588468066347,2543.6319675332993,97.80672641274066,70.53168170458159,195.44595769384316,6.991293503214806,1265,-3.0001128390598657,-2.5860915951943118
8014,302.34499999999997,12.280629331103873,2540.6997328036728,164.5885701651903,1963.9629109039295,2543.6318459051145,97.80667891446674,70.53024166216302,195.38364804960545,6.9914891660169785,1265,-3.0001128537611117,-2.5856952057859495
8015,302.355,12.280961130609604,2540.6995414015732,164.58771466884838,1963.966974923933,2543.631724276368,97.80663141610614,70.528801708514,195.32133967741996,6.991684824823897,1265,-3.000112868463013,-2.585298817723916
8016,302.365,12.281292936325038,2540.699349994867,164.58685963123588,1963.971038866649,2543.631602647061,97.80658391765888,70.52736184360056,195.25903257720816,6.9918804796358085,1265,-3.000112883165571,-2.5849024310009927
8017,302.375,12.28162474825296,2540.6991585835535,164.5860050522646,1963.975102732083,2543.6314810171925,97.80653641912492,70.52592206738875,195.1967267488915,6.992076130452959,1265,-3.000112897868786,-2.584506045610014
8018,302.385,12.28195656639615,2540.69896716763,164.58515093188822,1963.9791665202401,2543.631359386764,97.80648892050428,70.52448237984457,195.1344221923916,6.992271777275594,1265,-3.0001129125726576,-2.58410966154376
8019,302.395,12.282288390757271,2540.6987757470974,164.5842972700358,1963.9832302311227,2543.631237755775,97.80644142179696,70.5230427809341,195.07211890763,6.992467420103959,1265,-3.0001129272771854,-2.583713278795033
8020,302.405,12.282620221339188,2540.698584321953,164.5834440666107,1963.9872938647393,2543.6311161242247,97.80639392300297,70.52160327062339,195.00981689452829,6.9926630589383025,1265,-3.0001129419823713,-2.5833168973566334
8021,302.41499999999996,12.282952058144568,2540.698392892195,164.5825913215501,1963.9913574210916,2543.6309944921145,97.80634642412231,70.52016384887847,194.94751615300805,6.99285869377887,1265,-3.000112956688215,-2.582920517221378
8022,302.42499999999995,12.283283901176205,2540.698201457823,164.58173903484072,1963.9954209001853,2543.630872859445,97.80629892515498,70.51872451566543,194.88521668299103,6.993054324625906,1265,-3.0001129713947163,-2.5825241383820363
8023,302.435,12.283615750436843,2540.6980100188334,164.5808872063283,1963.9994843020258,2543.6307512262133,97.80625142610097,70.51728527095034,194.82291848439885,6.993249951479657,1265,-3.000112986101876,-2.582127760831439
8024,302.445,12.28394760592925,2540.6978185752264,164.58003583601257,1964.0035476266164,2543.630629592422,97.8062039269603,70.51584611469923,194.76062155715326,6.993445574340369,1265,-3.000113000809694,-2.581731384562376
8025,302.455,12.28427946765618,2540.6976271270014,164.57918492376012,1964.0076108739636,2543.63050795807,97.80615642773294,70.51440704687823,194.698325901176,6.993641193208288,1265,-3.0001130155181706,-2.5813350095676344
8026,302.465,12.284611335620431,2540.697435674155,164.57833446955368,1964.0116740440722,2543.6303863231583,97.80610892841892,70.5129680674534,194.63603151638887,6.9938368080836595,1265,-3.0001130302273067,-2.5809386358400146
8027,302.47499999999997,12.284943209824714,2540.697244216685,164.57748447327353,1964.0157371369448,2543.6302646876848,97.80606142901826,70.51152917639085,194.57373840271362,6.994032418966728,1265,-3.000113044937102,-2.580542263372325
8028,302.485,12.285275090271812,2540.697052754592,164.5766349349327,1964.0198001525885,2543.6301430516514,97.80601392953092,70.51009037365664,194.51144656007216,6.99422802585774,1265,-3.000113059647556,-2.5801458921573603
8029,302.495,12.28560697696452,2540.696861287873,164.57578585435778,1964.0238630910067,2543.630021415058,97.80596642995692,70.50865165921691,194.44915598838628,6.994423628756938,1265,-3.0001130743586706,-2.579749522187908
8030,302.505,12.285938869905552,2540.696669816528,164.5749372315595,1964.027925952204,2543.6298997779045,97.80591893029626,70.50721303303773,194.38686668757794,6.994619227664571,1265,-3.000113089070445,-2.579353153456784
8031,302.515,12.286270769097706,2540.6964783405538,164.57408906644935,1964.0319887361868,2543.6297781401895,97.80587143054895,70.50577449508523,194.32457865756905,6.9948148225808815,1265,-3.0001131037828808,-2.578956785956762
8032,302.525,12.286602674543776,2540.6962868599494,164.57324135890335,1964.036051442957,2543.6296565019143,97.80582393071496,70.50433604532554,194.26229189828155,6.995010413506115,1265,-3.0001131184959764,-2.578560419680646
8033,302.53499999999997,12.28693458624652,2540.696095374715,164.57239410890284,1964.0401140725232,2543.6295348630792,97.80577643079434,70.50289768372475,194.20000640963744,6.995206000440517,1265,-3.000113133209733,-2.578164054621231
8034,302.54499999999996,12.287266504208675,2540.6959038848477,164.57154731639753,1964.0441766248869,2543.629413223685,97.80572893078707,70.50145941024901,194.13772219155874,6.995401583384334,1265,-3.0001131479241514,-2.577767690771308
8035,302.555,12.28759842843305,2540.6957123903444,164.57070098124578,1964.048239100054,2543.6292915837284,97.80568143069314,70.50002122486445,194.0754392439675,6.995597162337806,1265,-3.0001131626392303,-2.57737132812367
8036,302.565,12.28793035892242,2540.695520891207,164.56985510346118,1964.0523014980286,2543.629169943213,97.80563393051254,70.4985831275372,194.01315756678582,6.995792737301181,1265,-3.0001131773549723,-2.5769749666711173
8037,302.575,12.288262295679552,2540.6953293874312,164.5690096829496,1964.0563638188162,2543.629048302137,97.80558643024533,70.4971451182334,193.95087715993577,6.995988308274703,1265,-3.000113192071376,-2.5765786064064296
8038,302.585,12.288594238707235,2540.695137879016,164.56816471959831,1964.0604260624227,2543.6289266605004,97.80553892989145,70.49570719691923,193.88859802333948,6.996183875258616,1265,-3.0001132067884417,-2.5761822473224156
8039,302.59499999999997,12.288926188008245,2540.6949463659616,164.56732021338448,1964.06448822885,2543.628805018305,97.80549142945092,70.49426936356082,193.82632015691917,6.9963794382531646,1265,-3.0001132215061705,-2.5757858894118444
8040,302.605,12.289258143585375,2540.694754848265,164.56647616420702,1964.0685503181055,2543.628683375548,97.80544392892378,70.49283161812433,193.76404356059697,6.996574997258593,1265,-3.000113236224562,-2.575389532667532
8041,302.615,12.289590105441368,2540.6945633259247,164.56563257200278,1964.072612330192,2543.6285617322314,97.80539642830998,70.49139396057592,193.70176823429514,6.996770552275145,1265,-3.000113250943617,-2.574993177082244
8042,302.625,12.289922073579058,2540.69437179894,164.56478943674762,1964.0766742651153,2543.628440088356,97.80534892760953,70.48995639088177,193.63949417793597,6.996966103303065,1265,-3.000113265663335,-2.574596822648795
8043,302.635,12.290254048001218,2540.6941802673086,164.5639467583273,1964.0807361228797,2543.6283184439194,97.80530142682244,70.48851890900806,193.5772213914417,6.997161650342597,1265,-3.000113280383718,-2.5742004693599574
8044,302.645,12.29058602871064,2540.6939887310295,164.56310453663488,1964.0847979034909,2543.6281967989225,97.80525392594873,70.48708151492097,193.51494987473464,6.9973571933939835,1265,-3.000113295104764,-2.573804117208518
8045,302.655,12.290918015710076,2540.6937971901016,164.56226277169688,1964.088859606951,2543.628075153367,97.80520642498838,70.48564420858669,193.45267962773715,6.9975527324574704,1265,-3.0001133098264745,-2.573407766187279
8046,302.66499999999996,12.29125000900236,2540.693605644521,164.5614214633758,1964.0929212332676,2543.6279535072495,97.80515892394139,70.48420698997141,193.39041065037165,6.9977482675333,1265,-3.00011332454885,-2.5730114162890203
8047,302.67499999999995,12.291582008590241,2540.6934140942894,164.56058061162372,1964.0969827824442,2543.6278318605737,97.80511142280778,70.48276985904133,193.3281429425605,6.997943798621717,1265,-3.0001133392718904,-2.5726150675065327
8048,302.685,12.29191401447658,2540.6932225394025,164.55974021634776,1964.1010442544866,2543.627710213336,97.80506392158753,70.48133281576263,193.26587650422613,6.998139325722963,1265,-3.000113353995595,-2.5722187198325974
8049,302.695,12.292246026664102,2540.693030979861,164.5589002775192,1964.1051056493968,2543.627588565539,97.80501642028067,70.47989586010155,193.20361133529104,6.998334848837284,1265,-3.000113368719966,-2.571822373260006
8050,302.705,12.292578045155647,2540.6928394156635,164.55806079509415,1964.1091669671825,2543.627466917184,97.80496891888716,70.4784589920243,193.1413474356777,6.998530367964921,1265,-3.0001133834450022,-2.5714260277815404
8051,302.715,12.292910069953965,2540.692647846806,164.55722176887303,1964.1132282078465,2543.627345268267,97.80492141740703,70.47702221149709,193.0790848053086,6.998725883106117,1265,-3.0001133981707055,-2.5710296833899875
8052,302.72499999999997,12.29324210106192,2540.6924562732893,164.55638319892353,1964.1172893713945,2543.6272236187915,97.80487391584029,70.47558551848613,193.0168234441064,6.998921394261117,1265,-3.000113412897074,-2.5706333400781283
8053,302.735,12.293574138482294,2540.692264695111,164.55554508509383,1964.1213504578313,2543.6271019687556,97.80482641418692,70.47414891295767,192.95456335199358,6.999116901430163,1265,-3.0001134276241093,-2.5702369978387494
8054,302.745,12.293906182217825,2540.69207311227,164.55470742741988,1964.1254114671601,2543.6269803181603,97.80477891244693,70.47271239487796,192.89230452889285,6.999312404613497,1265,-3.0001134423518123,-2.569840656664628
8055,302.755,12.294238232271388,2540.6918815247645,164.55387022570238,1964.1294723993876,2543.626858667005,97.80473141062032,70.47127596421322,192.83004697472677,6.999507903811364,1265,-3.0001134570801815,-2.5694443165485716
8056,302.765,12.294570288645764,2540.691689932592,164.55303347991406,1964.133533254518,2543.626737015289,97.80468390870709,70.46983962092969,192.76779068941806,6.999703399024005,1265,-3.0001134718092186,-2.569047977483338
8057,302.775,12.294902351343763,2540.6914983357533,164.55219719002955,1964.1375940325552,2543.6266153630154,97.80463640670726,70.46840336499362,192.7055356728894,6.9998988902516635,1265,-3.0001134865389236,-2.5686516394617143
8058,302.78499999999997,12.2952344203682,2540.691306734245,164.55136135597027,1964.1416547335034,2543.6264937101805,97.8045889046208,70.4669671963713,192.64328192506355,7.00009437749458,1265,-3.000113501269296,-2.568255302476486
8059,302.79499999999996,12.295566495721863,2540.691115128067,164.55052597761468,1964.1457153573697,2543.6263720567867,97.80454140244773,70.46553111502897,192.58102944586327,7.000289860753001,1265,-3.000113516000338,-2.5678589665204226
8060,302.805,12.295898577407558,2540.6909235172157,164.5496910549892,1964.1497759041558,2543.6262504028327,97.80449390018806,70.46409512093288,192.51877823521133,7.000485340027165,1265,-3.0001135307320475,-2.567462631586331
8061,302.815,12.296230665428128,2540.690731901691,164.54885658794052,1964.1538363738687,2543.626128748319,97.80444639784177,70.46265921404932,192.45652829303057,7.000680815317316,1265,-3.000113545464426,-2.5670662976669703
8062,302.825,12.296562759786367,2540.6905402814923,164.54802257641242,1964.1578967665125,2543.6260070932467,97.80439889540888,70.46122339434459,192.39427961924386,7.000876286623695,1265,-3.0001135601974736,-2.5666699647551168
8063,302.835,12.296894860485091,2540.6903486566166,164.5471890203468,1964.1619570820915,2543.6258854376138,97.80435139288939,70.45978766178494,192.33203221377408,7.001071753946547,1265,-3.000113574931191,-2.566273632843571
8064,302.84499999999997,12.297226967527113,2540.690157027062,164.54635591969594,1964.1660173206105,2543.6257637814215,97.80430389028328,70.45835201633668,192.2697860765441,7.00126721728611,1265,-3.000113589665578,-2.56587730192508
8065,302.855,12.297559080915276,2540.689965392828,164.5455232743934,1964.1700774820742,2543.6256421246694,97.80425638759058,70.45691645796609,192.20754120747694,7.001462676642629,1265,-3.0001136044006347,-2.5654809719924523
8066,302.865,12.297891200652352,2540.689773753914,164.54469108430118,1964.1741375664874,2543.6255204673585,97.80420888481129,70.45548098663949,192.1452976064955,7.0016581320163445,1265,-3.0001136191363624,-2.5650846430384426
8067,302.875,12.298223326741208,2540.6895821103167,164.54385934944378,1964.1781975738552,2543.6253988094877,97.80416138194539,70.45404560232313,192.0830552735228,7.001853583407497,1265,-3.0001136338727603,-2.5646883150558537
8068,302.885,12.298555459184621,2540.6893904620347,164.54302806970955,1964.1822575041813,2543.625277151057,97.8041138789929,70.4526103049834,192.0208142084819,7.00204903081633,1265,-3.0001136486098288,-2.564291988037425
8069,302.895,12.298887597985445,2540.6891988090683,164.54219724500518,1964.18631735747,2543.6251554920686,97.8040663759538,70.45117509458656,191.95857441129584,7.002244474243084,1265,-3.0001136633475682,-2.5638956619759643
8070,302.905,12.299219743146512,2540.6890071514135,164.54136687529427,1964.1903771337286,2543.625033832519,97.80401887282812,70.44973997109895,191.89633588188772,7.002439913688002,1265,-3.0001136780859796,-2.5634993368642207
8071,302.91499999999996,12.299551894670625,2540.6888154890717,164.5405369604978,1964.1944368329584,2543.6249121724113,97.80397136961585,70.44830493448688,191.83409862018067,7.002635349151323,1265,-3.0001136928250625,-2.563103012694992
8072,302.92499999999995,12.299884052560609,2540.6886238220377,164.5397075006029,1964.1984964551666,2543.624790511743,97.80392386631699,70.44686998471671,191.77186262609783,7.002830780633289,1265,-3.0001137075648168,-2.5627066894610486
8073,302.935,12.300216216819306,2540.688432150313,164.53887849543227,1964.202556000357,2543.6246688505157,97.80387636293153,70.44543512175477,191.70962789956238,7.003026208134141,1265,-3.000113722305244,-2.56231036715514
8074,302.945,12.30054838744955,2540.6882404738944,164.53804994498998,1964.2066154685344,2543.6245471887287,97.80382885945949,70.44400034556739,191.64739444049752,7.003221631654122,1265,-3.0001137370463438,-2.5619140457700804
8075,302.955,12.300880564454161,2540.688048792783,164.53722184923478,1964.2106748597032,2543.624425526384,97.80378135590085,70.44256565612092,191.58516224882652,7.00341705119347,1265,-3.0001137517881165,-2.561517725298608
8076,302.965,12.30121274783598,2540.687857106973,164.536394208035,1964.2147341738678,2543.624303863478,97.80373385225565,70.44113105338171,191.52293132447264,7.003612466752428,1265,-3.000113766530562,-2.5611214057335085
8077,302.97499999999997,12.301544937597834,2540.687665416467,164.53556702136314,1964.2187934110332,2543.6241822000143,97.80368634852385,70.43969653731614,191.46070166735916,7.003807878331236,1265,-3.0001137812736802,-2.5607250870675466
8078,302.985,12.301877133742574,2540.6874737212597,164.53474028910415,1964.2228525712037,2543.62406053599,97.80363884470547,70.43826210789054,191.39847327740944,7.004003285930135,1265,-3.0001137960174726,-2.5603287692935153
8079,302.995,12.302209336273018,2540.6872820213543,164.53391401124867,1964.2269116543857,2543.623938871408,97.80359134080052,70.43682776507129,191.33624615454679,7.004198689549364,1265,-3.0001138107619396,-2.559932452404152
8080,303.005,12.302541545192016,2540.6870903167455,164.5330881876816,1964.2309706605815,2543.6238172062667,97.803543836809,70.43539350882477,191.27402029869467,7.004394089189166,1265,-3.0001138255070803,-2.5595361363922464
8081,303.015,12.30287376050238,2540.686898607432,164.53226281837107,1964.2350295897966,2543.6236955405648,97.80349633273089,70.43395933911738,191.21179570977645,7.004589484849779,1265,-3.0001138402528955,-2.559139821250564
8082,303.025,12.303205982206988,2540.6867068934152,164.53143790321332,1964.2390884420365,2543.6235738743057,97.8034488285662,70.43252525591548,191.1495723877156,7.004784876531445,1265,-3.0001138549993853,-2.558743506971869
8083,303.03499999999997,12.303538210308687,2540.68651517469,164.53061344219876,1964.2431472173048,2543.6234522074865,97.80340132431495,70.43109125918545,191.08735033243562,7.004980264234404,1265,-3.00011386974655,-2.5583471935489404
8084,303.04499999999996,12.303870444810293,2540.6863234512557,164.5297894351961,1964.247205915607,2543.623330540107,97.80335381997713,70.4296573488937,191.02512954385995,7.005175647958894,1265,-3.0001138844943904,-2.557950880974549
8085,303.055,12.304202685714671,2540.686131723113,164.52896588216242,1964.2512645369468,2543.62320887217,97.80330631555275,70.42822352500664,190.9629100219122,7.0053710277051575,1265,-3.000113899242907,-2.557554569241433
8086,303.065,12.304534933024653,2540.685939990258,164.5281427830446,1964.2553230813294,2543.623087203673,97.80325881104179,70.42678978749065,190.90069176651588,7.005566403473434,1265,-3.000113913992099,-2.557158258342391
8087,303.075,12.304867186743088,2540.6857482526916,164.52732013776026,1964.2593815487592,2543.6229655346187,97.80321130644425,70.42535613631217,190.83847477759463,7.005761775263963,1265,-3.000113928741968,-2.5567619482701676
8088,303.085,12.305199446872829,2540.6855565104097,164.52649794626146,1964.263439939241,2543.622843865004,97.80316380176018,70.4239225714376,190.77625905507205,7.005957143076984,1265,-3.0001139434925124,-2.556365639017555
8089,303.09499999999997,12.305531713416764,2540.6853647634107,164.52567620840887,1964.2674982527792,2543.62272219483,97.80311629698953,70.42248909283335,190.7140445988718,7.006152506912737,1265,-3.000113958243734,-2.555969330577289
8090,303.105,12.305863986377691,2540.6851730116964,164.52485492425566,1964.2715564893797,2543.6226005240987,97.80306879213231,70.42105570046586,190.6518314089176,7.006347866771461,1265,-3.000113972995633,-2.5555730229421423
8091,303.115,12.306196265758487,2540.6849812552628,164.52403409362893,1964.2756146490447,2543.622478852808,97.80302128718854,70.41962239430157,190.5896194851331,7.006543222653396,1265,-3.0001139877482093,-2.5551767161048806
8092,303.125,12.306528551562014,2540.684789494107,164.52321371653483,1964.279672731781,2543.622357180957,97.8029737821582,70.4181891743069,190.52740882744212,7.006738574558781,1265,-3.0001140025014625,-2.5547804100582736
8093,303.135,12.306860843791103,2540.68459772823,164.52239379283952,1964.2837307375921,2543.622235508548,97.80292627704132,70.4167560404483,190.46519943576837,7.006933922487856,1265,-3.0001140172553944,-2.554384104795084
8094,303.145,12.307193142448654,2540.68440595763,164.52157432252983,1964.2877886664837,2543.6221138355804,97.80287877183788,70.41532299269223,190.4029913100357,7.0071292664408595,1265,-3.000114032010004,-2.5539878003080627
8095,303.155,12.30752544753749,2540.684214182304,164.5207553054892,1964.2918465184596,2543.6219921620536,97.8028312665479,70.41389003100512,190.34078445016792,7.00732460641803,1265,-3.000114046765292,-2.553591496589984
8096,303.16499999999996,12.3078577590605,2540.6840224022526,164.51993674170987,1964.2959042935242,2543.6218704879684,97.80278376117136,70.41245715535344,190.27857885608893,7.0075199424196075,1265,-3.000114061521259,-2.553195193633599
8097,303.17499999999995,12.308190077020502,2540.6838306174714,164.51911863106508,1964.2999619916827,2543.621748813323,97.80273625570825,70.41102436570367,190.21637452772256,7.00771527444583,1265,-3.0001140762779057,-2.552798891431687
8098,303.185,12.308522401420436,2540.683638827962,164.51830097352484,1964.30401961294,2543.6216271381204,97.80268875015861,70.40959166202225,190.15417146499283,7.0079106024969375,1265,-3.0001140910352313,-2.5524025899769796
8099,303.195,12.308854732263068,2540.683447033721,164.51748376905164,1964.308077157299,2543.6215054623585,97.80264124452242,70.40815904427568,190.0919696678236,7.008105926573168,1265,-3.000114105793236,-2.5520062892622466
8100,303.205,12.309187069551369,2540.6832552347473,164.51666701749582,1964.312134624766,2543.6213837860378,97.8025937387997,70.40672651243042,190.0297691361389,7.00830124667476,1265,-3.000114120551921,-2.551609989280267
8101,303.215,12.309519413288116,2540.68306343104,164.51585071885845,1964.316192015346,2543.621262109159,97.80254623299042,70.40529406645295,189.9675698698627,7.008496562801952,1265,-3.0001141353112866,-2.551213690023782
8102,303.22499999999997,12.309851763476233,2540.682871622597,164.515034873041,1964.3202493290412,2543.621140431722,97.80249872709462,70.40386170630978,189.9053718689191,7.008691874954983,1265,-3.000114150071332,-2.5508173914855483
8103,303.235,12.310184120118588,2540.6826798094166,164.51421947998753,1964.3243065658594,2543.621018753726,97.80245122111226,70.40242943196739,189.84317513323214,7.008887183134091,1265,-3.0001141648320586,-2.550421093658324
8104,303.245,12.310516483218048,2540.682487991496,164.51340453963715,1964.3283637258032,2543.6208970751695,97.80240371504337,70.40099724339228,189.78097966272594,7.009082487339514,1265,-3.0001141795934663,-2.55002479653487
8105,303.255,12.310848852777465,2540.6822961688354,164.51259005191469,1964.332420808877,2543.6207753960553,97.80235620888796,70.39956514055098,189.7187854573246,7.009277787571491,1265,-3.0001141943555547,-2.54962850010794
8106,303.265,12.31118122879973,2540.6821043414334,164.51177601673527,1964.3364778150865,2543.620653716383,97.80230870264599,70.39813312340995,189.65659251695232,7.009473083830257,1265,-3.0001142091183253,-2.5492322043702926
8107,303.275,12.311513611287728,2540.681912509289,164.5109624340617,1964.3405347444352,2543.620532036153,97.8022611963175,70.39670119193575,189.59440084153323,7.009668376116054,1265,-3.000114223881778,-2.548835909314671
8108,303.28499999999997,12.311846000244321,2540.6817206723986,164.51014930381348,1964.3445915969287,2543.620410355363,97.80221368990247,70.39526934609488,189.5322104309916,7.009863664429118,1265,-3.0001142386459128,-2.548439614933847
8109,303.29499999999996,12.312178395672413,2540.6815288307625,164.50933662591373,1964.348648372572,2543.6202886740157,97.80216618340091,70.39383758585387,189.4700212852517,7.010058948769688,1265,-3.0001142534107297,-2.548043321220573
8110,303.305,12.312510797574877,2540.6813369843785,164.50852440034342,1964.3527050713676,2543.6201669921093,97.80211867681284,70.39240591117925,189.40783340423775,7.010254229137999,1265,-3.000114268176229,-2.5476470281675967
8111,303.315,12.31284320595458,2540.681145133244,164.50771262698893,1964.3567616933226,2543.620045309644,97.80207117013822,70.39097432203758,189.34564678787407,7.010449505534291,1265,-3.0001142829424126,-2.5472507357676712
8112,303.325,12.313175620814404,2540.6809532773595,164.50690130578002,1964.36081823844,2543.61992362662,97.80202366337708,70.38954281839538,189.28346143608502,7.010644777958801,1265,-3.000114297709279,-2.546854444013547
8113,303.335,12.313508042157236,2540.680761416723,164.50609043669354,1964.3648747067243,2543.6198019430394,97.80197615652943,70.3881114002192,189.22127734879498,7.010840046411767,1265,-3.000114312476829,-2.5464581528979684
8114,303.34499999999997,12.31384046998598,2540.6805695513312,164.5052800196166,1964.3689310981813,2543.619680258899,97.80192864959525,70.38668006747558,189.1590945259283,7.0110353108934245,1265,-3.000114327245062,-2.546061862413718
8115,303.355,12.314172904303513,2540.680377681185,164.50447005451747,1964.3729874128148,2543.6195585742007,97.80188114257456,70.3852488201311,189.09691296740948,7.0112305714040115,1265,-3.00011434201398,-2.54566557255351
8116,303.365,12.314505345112732,2540.6801858062813,164.50366054131203,1964.3770436506297,2543.619436888944,97.80183363546735,70.38381765815231,189.0347326731629,7.011425827943765,1265,-3.000114356783583,-2.5452692833101076
8117,303.375,12.314837792416519,2540.679993926619,164.50285147992273,1964.38109981163,2543.619315203129,97.8017861282736,70.38238658150577,188.97255364311306,7.011621080512923,1265,-3.0001143715538703,-2.5448729946762776
8118,303.385,12.315170246217766,2540.679802042196,164.50204287028586,1964.3851558958206,2543.619193516756,97.80173862099335,70.38095559015807,188.91037587718452,7.011816329111722,1265,-3.0001143863248427,-2.544476706644745
8119,303.395,12.315502706519352,2540.6796101530126,164.50123471235875,1964.389211903206,2543.6190718298244,97.8016911136266,70.37952468407578,188.84819937530176,7.0120115737403985,1265,-3.0001144010965004,-2.5440804192082678
8120,303.405,12.315835173324208,2540.679418259065,164.5004270060872,1964.3932678337908,2543.618950142335,97.80164360617333,70.37809386322547,188.7860241373894,7.01220681439919,1265,-3.0001144158688438,-2.5436841323596022
8121,303.41499999999996,12.316167646635222,2540.679226360353,164.49961975135105,1964.3973236875804,2543.6188284542864,97.80159609863355,70.37666312757376,188.72385016337205,7.012402051088332,1265,-3.0001144306418728,-2.5432878460914767
8122,303.42499999999995,12.316500126455262,2540.6790344568753,164.49881294815594,1964.401379464578,2543.618706765681,97.80154859100725,70.37523247708721,188.66167745317435,7.012597283808062,1265,-3.000114445415588,-2.5428915603966566
8123,303.435,12.316832612787229,2540.67884254863,164.4980065963276,1964.4054351647899,2543.6185850765173,97.80150108329445,70.37380191173244,188.59950600672087,7.012792512558615,1265,-3.0001144601899905,-2.5424952752678736
8124,303.445,12.317165105634075,2540.678650635614,164.4972006959203,1964.409490788219,2543.618463386794,97.80145357549516,70.37237143147604,188.53733582393642,7.01298773734023,1265,-3.000114474965079,-2.542098990697895
8125,303.455,12.317497604998657,2540.6784587178277,164.49639524681245,1964.41354633487,2543.618341696513,97.80140606760935,70.37094103628463,188.47516690474566,7.01318295815314,1265,-3.0001144897408545,-2.5417027066794398
8126,303.465,12.317830110883882,2540.6782667952693,164.4955902489271,1964.4176018047483,2543.6182200056755,97.80135855963704,70.36951072612483,188.41299924907338,7.013378174997585,1265,-3.0001145045173176,-2.5413064232052633
8127,303.47499999999997,12.31816262329267,2540.678074867937,164.49478570222252,1964.4216571978582,2543.618098314278,97.80131105157824,70.36808050096325,188.35083285684433,7.013573387873798,1265,-3.000114519294468,-2.5409101402681147
8128,303.485,12.31849514222791,2540.67788293583,164.49398160659803,1964.4257125142042,2543.617976622324,97.80126354343292,70.3666503607665,188.28866772798332,7.0137685967820165,1265,-3.0001145340723068,-2.5405138578607356
8129,303.495,12.318827667692538,2540.6776909989453,164.49317796206242,1964.4297677537907,2543.617854929811,97.80121603520112,70.36522030550123,188.22650386241523,7.013963801722476,1265,-3.0001145488508336,-2.5401175759758616
8130,303.505,12.319160199689438,2540.677499057282,164.49237476845872,1964.4338229166233,2543.6177332367406,97.80116852688283,70.36379033513406,188.16434126006487,7.014159002695413,1265,-3.0001145636300492,-2.5397212946062444
8131,303.515,12.319492738221516,2540.6773071108387,164.49157202573736,1964.437878002705,2543.617611543111,97.80112101847803,70.36236044963164,188.10217992085714,7.014354199701062,1265,-3.0001145784099528,-2.5393250137446266
8132,303.525,12.319825283291694,2540.6771151596135,164.49076973390495,1964.4419330120406,2543.6174898489235,97.80107350998676,70.36093064896062,188.04001984471705,7.014549392739658,1265,-3.000114593190546,-2.538928733383748
8133,303.53499999999997,12.32015783490289,2540.676923203605,164.489967892839,1964.4459879446363,2543.617368154178,97.80102600140897,70.35950093308765,187.97786103156946,7.014744581811439,1265,-3.0001146079718284,-2.5385324535163423
8134,303.54499999999996,12.320490393058012,2540.676731242812,164.4891665024574,1964.4500428004949,2543.6172464588753,97.80097849274472,70.35807130197936,187.91570348133942,7.01493976691664,1265,-3.000114622753801,-2.53813617413515
8135,303.555,12.320822957759981,2540.6765392772345,164.4883655627279,1964.454097579621,2543.6171247630155,97.80093098399398,70.35664175560244,187.85354719395193,7.015134948055494,1265,-3.0001146375364627,-2.5377398952329178
8136,303.565,12.321155529011708,2540.6763473068672,164.48756507358004,1964.4581522820197,2543.6170030665967,97.80088347515672,70.35521229392354,187.79139216933203,7.015330125228239,1265,-3.000114652319815,-2.537343616802385
8137,303.575,12.321488106816101,2540.676155331712,164.4867650349722,1964.4622069076963,2543.6168813696204,97.80083596623301,70.35378291690934,187.7292384074048,7.015525298435109,1265,-3.000114667103858,-2.536947338836287
8138,303.585,12.321820691176109,2540.675963351765,164.48596544680856,1964.466261456654,2543.616759672085,97.80078845722281,70.35235362452651,187.66708590809534,7.0157204676763385,1265,-3.0001146818885913,-2.536551061327359
8139,303.59499999999997,12.322153282094646,2540.6757713670277,164.48516630897691,1964.4703159288981,2543.6166379739943,97.80074094812613,70.35092441674173,187.6049346713288,7.015915632952164,1265,-3.0001146966740153,-2.536154784268331
8140,303.605,12.322485879574625,2540.675579377494,164.4843676214915,1964.4743703244326,2543.6165162753437,97.80069343894297,70.34949529352168,187.54278469703033,7.016110794262819,1265,-3.000114711460131,-2.5357585076519724
8141,303.615,12.322818483618981,2540.675387383166,164.48356938429197,1964.478424643263,2543.6163945761355,97.80064592967332,70.34806625483307,187.48063598512513,7.0163059516085395,1265,-3.0001147262469385,-2.5353622314709856
8142,303.625,12.323151094230624,2540.6751953840408,164.48277159722807,1964.4824788853928,2543.61627287637,97.80059842031721,70.3466373006426,187.41848853553842,7.016501104989558,1265,-3.0001147410344386,-2.5349659557181146
8143,303.635,12.323483711412484,2540.6750033801177,164.48197426031723,1964.4865330508267,2543.616151176047,97.80055091087463,70.34520843091693,187.35634234819543,7.016696254406112,1265,-3.00011475582263,-2.5345696803860935
8144,303.645,12.323816335167484,2540.6748113713943,164.48117737345072,1964.4905871395702,2543.616029475166,97.80050340134557,70.3437796456228,187.29419742302147,7.016891399858435,1265,-3.0001147706115145,-2.5341734054676697
8145,303.655,12.324148965498607,2540.6746193578697,164.4803809365703,1964.4946411516262,2543.6159077737275,97.80045589173002,70.34235094472692,187.2320537599419,7.017086541346761,1265,-3.0001147854010917,-2.533777130955555
8146,303.66499999999996,12.324481602408719,2540.6744273395416,164.47958494963592,1964.4986950870004,2543.6157860717312,97.80040838202802,70.340922328196,187.16991135888196,7.017281678871325,1265,-3.000114800191362,-2.5333808568425162
8147,303.67499999999995,12.324814245900768,2540.67423531641,164.47878941252765,1964.5027489456984,2543.6156643691775,97.80036087223955,70.33949379599676,187.10777021976708,7.01747681243236,1265,-3.000114814982325,-2.532984583121247
8148,303.685,12.325146895977706,2540.6740432884712,164.4779943252621,1964.5068027277227,2543.6155426660657,97.80031336236463,70.33806534809592,187.04563034252263,7.0176719420301,1265,-3.0001148297739824,-2.532588309784509
8149,303.695,12.325479552642467,2540.6738512557254,164.47719968770497,1964.5108564330774,2543.6154209623974,97.80026585240323,70.33663698446024,186.98349172707407,7.017867067664782,1265,-3.0001148445663337,-2.5321920368250206
8150,303.705,12.325812215897974,2540.6736592181705,164.4764054997875,1964.5149100617693,2543.615299258171,97.80021834235538,70.33520870505643,186.92135437334682,7.018062189336637,1265,-3.000114859359379,-2.5317957642355187
8151,303.715,12.326144885747176,2540.673467175804,164.4756117614946,1964.5189636138016,2543.6151775533863,97.80017083222104,70.33378050985124,186.85921828126644,7.0182573070459,1265,-3.000114874153119,-2.53139949200873
8152,303.72499999999997,12.326477562193016,2540.673275128625,164.47481847273468,1964.5230170891791,2543.6150558480444,97.80012332200026,70.33235239881142,186.79708345075838,7.018452420792805,1265,-3.0001148889475537,-2.531003220137383
8153,303.735,12.326810245238422,2540.673083076633,164.47402563344812,1964.5270704879056,2543.6149341421456,97.80007581169302,70.33092437190373,186.73494988174818,7.018647530577585,1265,-3.0001149037426837,-2.5306069486142055
8154,303.745,12.327142934886337,2540.6728910198262,164.47323324355204,1964.5311238099873,2543.614812435689,97.80002830129933,70.32949642909492,186.67281757416146,7.018842636400475,1265,-3.0001149185385083,-2.5302106774319397
8155,303.755,12.327475631139741,2540.6726989582016,164.4724413030248,1964.5351770554278,2543.614690728675,97.79998079081919,70.32806857035175,186.61068652792383,7.019037738261706,1265,-3.000114933335029,-2.529814406583303
8156,303.765,12.327808334001508,2540.672506891759,164.47164981176996,1964.53923022423,2543.614569021104,97.79993328025259,70.32664079564097,186.54855674296087,7.019232836161514,1265,-3.0001149481322456,-2.529418136061021
8157,303.775,12.32814104347465,2540.672314820496,164.47085876971727,1964.543283316401,2543.614447312975,97.79988576959953,70.32521310492938,186.48642821919827,7.0194279301001306,1265,-3.000114962930159,-2.529021865857827
8158,303.78499999999997,12.328473759562083,2540.6721227444114,164.4700681768201,1964.5473363319447,2543.6143256042883,97.79983825886002,70.32378549818374,186.42430095656175,7.01962302007779,1265,-3.0001149777287686,-2.5286255959664428
8159,303.79499999999996,12.328806482266769,2540.6719306635046,164.46927803299332,1964.5513892708636,2543.6142038950447,97.79979074803407,70.32235797537085,186.362174954977,7.019818106094726,1265,-3.0001149925280752,-2.5282293263795963
8160,303.805,12.32913921159167,2540.671738577773,164.46848833819723,1964.5554421331642,2543.6140821852446,97.79974323712169,70.32093053645748,186.3000502143698,7.02001318815117,1265,-3.000115007328079,-2.5278330570900165
8161,303.815,12.32947194753972,2540.671546487214,164.46769909235184,1964.5594949188508,2543.6139604748855,97.79969572612285,70.31950318141044,186.2379267346659,7.020208266247356,1265,-3.00011502212878,-2.5274367880904203
8162,303.825,12.329804690113864,2540.6713543918304,164.4669102953944,1964.5635476279278,2543.613838763971,97.79964821503756,70.31807591019651,186.17580451579113,7.020403340383517,1265,-3.0001150369301786,-2.5270405193735317
8163,303.835,12.330137439317086,2540.671162291614,164.4661219472494,1964.567600260399,2543.6137170524976,97.79960070386583,70.3166487227825,186.1136835576713,7.020598410559885,1265,-3.000115051732275,-2.526644250932097
8164,303.84499999999997,12.330470195152333,2540.6709701865684,164.46533404787544,1964.5716528162707,2543.6135953404673,97.79955319260768,70.31522161913523,186.05156386023233,7.020793476776693,1265,-3.00011506653507,-2.526247982758818
8165,303.855,12.330802957622549,2540.6707780766915,164.4645465972208,1964.5757052955448,2543.6134736278814,97.79950568126307,70.3137945992215,185.9894454234001,7.020988539034174,1265,-3.0001150813385635,-2.5258517148463966
8166,303.865,12.331135726730716,2540.670585961979,164.4637595951562,1964.579757698228,2543.6133519147365,97.79945816983204,70.31236766300813,185.92732824710052,7.021183597332559,1265,-3.000115096142756,-2.5254554471875963
8167,303.875,12.331468502479751,2540.6703938424316,164.46297304169627,1964.5838100243227,2543.613230201034,97.79941065831457,70.31094081046194,185.86521233125953,7.021378651672083,1265,-3.0001151109476476,-2.5250591797751305
8168,303.885,12.331801284872657,2540.670201718048,164.46218693673399,1964.5878622738353,2543.6131084867757,97.79936314671065,70.30951404154976,185.8030976758032,7.021573702052976,1265,-3.000115125753238,-2.524662912601698
8169,303.895,12.332134073912396,2540.670009588826,164.46140128019732,1964.5919144467696,2543.6129867719605,97.7993156350203,70.30808735623843,185.74098428065744,7.021768748475471,1265,-3.0001151405595294,-2.524266645660024
8170,303.905,12.33246686960194,2540.6698174547632,164.4606160720106,1964.59596654313,2543.6128650565875,97.79926812324355,70.30666075449479,185.67887214574836,7.0219637909398,1265,-3.0001151553665197,-2.523870378942856
8171,303.91499999999996,12.332799671944212,2540.66962531586,164.45983131219478,1964.600018562921,2543.6127433406577,97.79922061138035,70.30523423628566,185.61676127100205,7.022158829446195,1265,-3.0001151701742104,-2.523474112442867
8172,303.92499999999995,12.333132480942236,2540.669433172112,164.45904700060836,1964.6040705061478,2543.6126216241705,97.79917309943073,70.30380780157792,185.55465165634453,7.02235386399489,1265,-3.0001151849826018,-2.523077846152818
8173,303.935,12.333465296598922,2540.6692410235196,164.45826313717475,1964.6081223728133,2543.612499907126,97.79912558739468,70.3023814503384,185.49254330170203,7.022548894586113,1265,-3.000115199791695,-2.5226815800654063
8174,303.945,12.333798118917287,2540.669048870082,164.45747972188428,1964.6121741629227,2543.612378189525,97.79907807527222,70.30095518253397,185.43043620700067,7.0227439212200995,1265,-3.0001152146014882,-2.52228531417335
8175,303.955,12.33413094790029,2540.668856711796,164.4566967546152,1964.6162258764816,2543.612256471367,97.79903056306333,70.29952899813148,185.36833037216664,7.0229389438970795,1265,-3.0001152294119833,-2.521889048469368
8176,303.965,12.334463783550914,2540.6686645486616,164.45591423536348,1964.6202775134934,2543.6121347526523,97.798983050768,70.2981028970978,185.30622579712616,7.023133962617284,1265,-3.00011524422318,-2.5214927829461784
8177,303.97499999999997,12.33479662587211,2540.6684723806743,164.4551321640309,1964.624329073962,2543.6120130333793,97.79893553838627,70.29667687939983,185.2441224818055,7.023328977380945,1265,-3.000115259035079,-2.521096517596499
8178,303.985,12.33512947486686,2540.668280207837,164.45435054057532,1964.6283805578933,2543.611891313551,97.79888802591813,70.29525094500443,185.1820204261309,7.023523988188295,1265,-3.00011527384768,-2.5207002524130315
8179,303.995,12.335462330538183,2540.6680880301433,164.45356936489614,1964.632431965291,2543.611769593164,97.79884051336357,70.29382509387845,185.11991963002868,7.023718995039562,1265,-3.000115288660984,-2.520303987388508
8180,304.005,12.33579519288899,2540.6678958475964,164.45278863697538,1964.6364832961597,2543.611647872222,97.7987930007226,70.29239932598884,185.05782009342522,7.023913997934982,1265,-3.0001153034749906,-2.5199077225156175
8181,304.015,12.336128061922302,2540.6677036601923,164.4520083566964,1964.6405345505036,2543.611526150723,97.7987454879952,70.29097364130246,184.99572181624686,7.024108996874783,1265,-3.0001153182897005,-2.519511457787097
8182,304.025,12.336460937641107,2540.6675114679283,164.4512285240582,1964.6445857283268,2543.611404428666,97.79869797518141,70.28954803978621,184.93362479842,7.024303991859195,1265,-3.000115333105114,-2.5191151931956535
8183,304.03499999999997,12.336793820048365,2540.6673192708054,164.4504491389619,1964.6486368296344,2543.611282706053,97.79865046228122,70.28812252140699,184.87152903987104,7.024498982888453,1265,-3.0001153479212306,-2.5187189287340015
8184,304.04499999999996,12.337126709147084,2540.6671270688203,164.44967020133802,1964.6526878544312,2543.611160982883,97.7986029492946,70.28669708613172,184.80943454052647,7.024693969962785,1265,-3.000115362738052,-2.518322664394841
8185,304.055,12.337459604940225,2540.666934861972,164.44889171114036,1964.656738802722,2543.6110392591563,97.79855543622159,70.28527173392729,184.74734130031274,7.024888953082422,1265,-3.0001153775555776,-2.517926400170886
8186,304.065,12.337792507430798,2540.6667426502595,164.44811366823575,1964.6607896745102,2543.610917534874,97.79850792306216,70.28384646476066,184.68524931915638,7.025083932247595,1265,-3.000115392373808,-2.517530136054855
8187,304.075,12.338125416621775,2540.666550433679,164.44733607272158,1964.6648404697996,2543.6107958100324,97.79846040981633,70.2824212785987,184.62315859698398,7.025278907458534,1265,-3.0001154071927436,-2.517133872039457
8188,304.085,12.338458332516145,2540.666358212232,164.44655892437393,1964.6688911885963,2543.610674084636,97.79841289648411,70.28099617540839,184.56106913372204,7.025473878715472,1265,-3.000115422012384,-2.516737608117388
8189,304.09499999999997,12.33879125511692,2540.666165985915,164.4457822231729,1964.6729418309035,2543.6105523586825,97.7983653830655,70.27957115515663,184.4989809292972,7.025668846018635,1265,-3.00011543683273,-2.5163413442813685
8190,304.105,12.339124184427087,2540.665973754727,164.44500596910265,1964.6769923967263,2543.6104306321713,97.79831786956046,70.27814621781036,184.4368939836361,7.025863809368258,1265,-3.000115451653782,-2.515945080524104
8191,304.115,12.33945712044962,2540.665781518667,164.44423016208415,1964.6810428860697,2543.610308905105,97.79827035596905,70.27672136333655,184.37480829666535,7.0260587687645675,1265,-3.0001154664755396,-2.5155488168382996
8192,304.125,12.339790063187547,2540.665589277733,164.44345480200496,1964.6850932989366,2543.6101871774813,97.79822284229124,70.27529659170213,184.3127238683117,7.026253724207795,1265,-3.000115481298004,-2.515152553216654
8193,304.135,12.34012301264383,2540.6653970319235,164.44267988887455,1964.6891436353328,2543.6100654493016,97.79817532852704,70.27387190287402,184.25064069850183,7.0264486756981706,1265,-3.000115496121175,-2.5147562896518916
8194,304.145,12.340455968821493,2540.665204781236,164.44190542257687,1964.693193895262,2543.609943720565,97.79812781467643,70.27244729681924,184.1885587871625,7.026643623235924,1265,-3.0001155109450526,-2.5143600261367096
8195,304.155,12.34078893172354,2540.6650125256697,164.4411314030326,1964.69724407873,2543.6098219912715,97.79808030073946,70.27102277350471,184.12647813422043,7.026838566821285,1265,-3.000115525769638,-2.51396376266381
8196,304.16499999999996,12.341121901352942,2540.6648202652245,164.440357830223,1964.7012941857395,2543.6097002614224,97.79803278671609,70.26959833289742,184.06439873960252,7.027033506454484,1265,-3.0001155405949307,-2.5135674992258945
8197,304.17499999999995,12.341454877712746,2540.6646279998963,164.43958470408654,1964.705344216295,2543.6095785310163,97.79798527260634,70.26817397496431,184.00232060323557,7.02722844213575,1265,-3.000115555420932,-2.513171235815679
8198,304.185,12.34178786080591,2540.6644357296855,164.43881202453755,1964.7093941704024,2543.6094568000535,97.7979377584102,70.2667496996724,183.94024372504643,7.027423373865313,1265,-3.0001155702476408,-2.512774972425853
8199,304.195,12.342120850635476,2540.6642434545884,164.43803979149695,1964.7134440480643,2543.609335068534,97.79789024412769,70.26532550698865,183.878168104962,7.027618301643401,1265,-3.000115585075058,-2.51237870904913
8200,304.205,12.342453847204435,2540.6640511746064,164.43726800494002,1964.7174938492876,2543.6092133364587,97.79784272975877,70.26390139688006,183.81609374290917,7.027813225470246,1265,-3.0001155999031837,-2.5119824456781967
8201,304.215,12.342786850515775,2540.663858889735,164.4364966647816,1964.7215435740738,2543.6090916038265,97.7977952153035,70.2624773693136,183.75402063881498,7.028008145346075,1265,-3.000115614732019,-2.5115861823057655
8202,304.22499999999997,12.343119860572541,2540.663666599974,164.43572577099258,1964.7255932224298,2543.6089698706382,97.79774770076183,70.26105342425629,183.69194879260633,7.028203061271118,1265,-3.000115629561564,-2.5111899189245563
8203,304.235,12.34345287737775,2540.6634743053223,164.43495532343263,1964.729642794358,2543.6088481368934,97.7977001861338,70.25962956167514,183.62987820421026,7.028397973245605,1265,-3.0001156443918178,-2.5107936555272246
8204,304.245,12.343785900934378,2540.663282005779,164.43418532216984,1964.7336922898644,2543.608726402593,97.79765267141937,70.25820578153711,183.5678088735538,7.028592881269764,1265,-3.000115659222782,-2.5103973921064915
8205,304.255,12.344118931245477,2540.6630897013397,164.43341576702232,1964.7377417089533,2543.6086046677356,97.7976051566186,70.25678208380927,183.505740800564,7.028787785343824,1265,-3.0001156740544555,-2.5100011286550794
8206,304.265,12.344451968314017,2540.662897392005,164.43264665792898,1964.741791051628,2543.6084829323217,97.79755764173144,70.25535846845861,183.44367398516803,7.028982685468015,1265,-3.00011568888684,-2.50960486516565
8207,304.275,12.344785012143047,2540.6627050777743,164.43187799493012,1964.745840317893,2543.6083611963527,97.79751012675791,70.25393493545214,183.38160842729295,7.029177581642563,1265,-3.0001157037199357,-2.5092086016309185
8208,304.28499999999997,12.345118062735565,2540.662512758643,164.43110977784582,1964.749889507754,2543.6082394598266,97.79746261169802,70.2525114847569,183.3195441268659,7.0293724738677,1265,-3.0001157185537424,-2.508812338043585
8209,304.29499999999996,12.345451120094625,2540.662320434612,164.43034200665238,1964.7539386212143,2543.6081177227443,97.79741509655177,70.25108811633993,183.25748108381413,7.029567362143652,1265,-3.0001157333882595,-2.508416074396335
8210,304.305,12.34578418422322,2540.662128105678,164.42957468133932,1964.7579876582797,2543.6079959851054,97.79736758131915,70.24966483016826,183.1954192980648,7.029762246470648,1265,-3.000115748223489,-2.5080198106818683
8211,304.315,12.346117255124376,2540.661935771842,164.42880780181721,1964.7620366189524,2543.607874246911,97.79732006600015,70.24824162620892,183.13335876954517,7.029957126848918,1265,-3.000115763059431,-2.5076235468928827
8212,304.325,12.346450332801153,2540.6617434330997,164.4280413679575,1964.766085503239,2543.60775250816,97.79727255059481,70.24681850442899,183.07129949818255,7.030152003278688,1265,-3.000115777896084,-2.5072272830220736
8213,304.335,12.346783417256502,2540.6615510894508,164.42727537977703,1964.7701343111416,2543.607630768853,97.79722503510311,70.24539546479548,183.00924148390416,7.030346875760187,1265,-3.0001157927334505,-2.506831019062151
8214,304.34499999999997,12.347116508493508,2540.6613587408942,164.42650983719236,1964.7741830426671,2543.6075090289905,97.79717751952505,70.24397250727547,182.94718472663743,7.030541744293644,1265,-3.0001158075715293,-2.5064347550057646
8215,304.355,12.34744960651517,2540.661166387428,164.42574474012883,1964.7782316978185,2543.607387288572,97.79713000386063,70.24254963183601,182.88512922630966,7.030736608879286,1265,-3.0001158224103213,-2.5060384908456443
8216,304.365,12.347782711324534,2540.6609740290487,164.42498008853582,1964.7822802766,2543.6072655475964,97.79708248810985,70.24112683844419,182.82307498284823,7.030931469517341,1265,-3.0001158372498273,-2.5056422265744676
8217,304.375,12.348115822924642,2540.6607816657565,164.42421588233555,1964.7863287790165,2543.607143806064,97.79703497227273,70.23970412706707,182.76102199618057,7.031126326208038,1265,-3.000115852090046,-2.5052459621849383
8218,304.385,12.348448941318498,2540.6605892975517,164.4234521214828,1964.7903772050731,2543.6070220639776,97.79698745634924,70.23828149767172,182.6989702662341,7.031321178951603,1265,-3.0001158669309795,-2.5048496976697328
8219,304.395,12.348782066509168,2540.6603969244293,164.42268880593224,1964.7944255547723,2543.6069003213343,97.79693994033941,70.23685895022521,182.6369197929364,7.031516027748264,1265,-3.000115881772627,-2.504453433021549
8220,304.405,12.34911519849963,2540.6602045463906,164.42192593559585,1964.7984738281204,2543.6067785781356,97.79689242424323,70.23543648469465,182.57487057621486,7.03171087259825,1265,-3.0001158966149895,-2.504057168233078
8221,304.41499999999996,12.349448337292982,2540.6600121634315,164.42116351037254,1964.8025220251213,2543.6066568343804,97.79684490806069,70.23401410104711,182.51282261599707,7.031905713501787,1265,-3.000115911458066,-2.5036609032970083
8222,304.42499999999995,12.349781482892228,2540.6598197755516,164.4204015302615,1964.8065701457783,2543.6065350900685,97.79679739179184,70.23259179924969,182.4507759122106,7.032100550459103,1265,-3.0001159263018584,-2.5032646382060255
8223,304.435,12.350114635300422,2540.659627382749,164.41963999518595,1964.8106181900962,2543.6064133452014,97.79674987543662,70.2311695792695,182.38873046478298,7.032295383470426,1265,-3.0001159411463663,-2.502868372952819
8224,304.445,12.350447794520603,2540.659434985025,164.41887890506226,1964.8146661580804,2543.6062915997795,97.79670235899506,70.22974744107366,182.3266862736419,7.032490212535981,1265,-3.000115955991589,-2.502472107530065
8225,304.455,12.350780960555797,2540.6592425823733,164.41811825985616,1964.8187140497348,2543.606169853801,97.79665484246716,70.22832538462924,182.264643338715,7.032685037655997,1265,-3.0001159708375287,-2.5020758419304765
8226,304.465,12.351114133409077,2540.6590501747946,164.41735805948437,1964.8227618650633,2543.6060481072664,97.79660732585293,70.2269034099034,182.2026016599299,7.0328798588307,1265,-3.0001159856841837,-2.501679576146717
8227,304.47499999999997,12.351447313083462,2540.658857762288,164.4165983039414,1964.826809604071,2543.6059263601755,97.79655980915237,70.22548151686323,182.1405612372144,7.033074676060318,1265,-3.0001160005315564,-2.5012833101714893
8228,304.485,12.351780499582,2540.658665344851,164.41583899307054,1964.8308572667615,2543.6058046125295,97.79651229236546,70.22405970547587,182.07852207049618,7.033269489345078,1265,-3.000116015379646,-2.5008870439974547
8229,304.495,12.35211369290775,2540.658472922482,164.41508012690502,1964.83490485314,2543.6056828643273,97.79646477549223,70.22263797570844,182.016484159703,7.033464298685204,1265,-3.0001160302284515,-2.5004907776173204
8230,304.505,12.352446893063755,2540.6582804951804,164.41432170527455,1964.8389523632104,2543.60556111557,97.79641725853266,70.22121632752807,181.95444750476267,7.033659104080925,1265,-3.000116045077976,-2.500094511023765
8231,304.515,12.352780100053076,2540.658088062942,164.4135637282003,1964.8429997969763,2543.6054393662553,97.79636974148676,70.2197947609019,181.89241210560306,7.033853905532468,1265,-3.0001160599282173,-2.4996982442094753
8232,304.525,12.353113313878739,2540.657895625769,164.41280619561508,1964.847047154444,2543.6053176163864,97.79632222435453,70.21837327579709,181.8303779621519,7.0340487030400585,1265,-3.0001160747791773,-2.499301977167111
8233,304.53499999999997,12.353446534543824,2540.657703183659,164.41204910745788,1964.851094435616,2543.6051958659623,97.79627470713596,70.21695187218079,181.76834507433725,7.0342434966039225,1265,-3.000116089630856,-2.4989057098893652
8234,304.54499999999996,12.353779762051378,2540.6575107366066,164.41129246362905,1964.8551416404973,2543.60507411498,97.79622718983109,70.21553055002013,181.70631344208687,7.034438286224287,1265,-3.0001161044832525,-2.4985094423689365
8235,304.555,12.35411299640446,2540.657318284615,164.41053626406068,1964.8591887690932,2543.6049523634447,97.79617967243989,70.21410930928229,181.64428306532875,7.034633071901378,1265,-3.000116119336369,-2.4981131745984912
8236,304.565,12.354446237606103,2540.6571258276813,164.4097805087649,1964.8632358214072,2543.6048306113535,97.79613215496235,70.21268814993442,181.5822539439909,7.034827853635421,1265,-3.000116134190204,-2.4977169065706977
8237,304.575,12.354779485659387,2540.6569333658026,164.40902519761195,1964.867282797443,2543.604708858706,97.79608463739851,70.21126707194371,181.5202260780013,7.035022631426642,1265,-3.000116149044759,-2.4973206382782633
8238,304.585,12.355112740567376,2540.656740898978,164.40827033054507,1964.8713296972064,2543.604587105503,97.79603711974833,70.2098460752773,181.45819946728793,7.035217405275269,1265,-3.000116163900033,-2.4969243697138443
8239,304.59499999999997,12.355446002333114,2540.6565484272055,164.40751590756386,1964.8753765207002,2543.6044653517447,97.79598960201186,70.20842515990239,181.3961741117789,7.035412175181524,1265,-3.000116178756028,-2.4965281008701172
8240,304.605,12.355779270959689,2540.6563559504852,164.4067619285412,1964.8794232679297,2543.6043435974307,97.79594208418905,70.20700432578617,181.33415001140224,7.035606941145636,1265,-3.0001161936127434,-2.4961318317397763
8241,304.615,12.356112546450134,2540.656163468814,164.40600839344526,1964.8834699388995,2543.6042218425614,97.79589456627993,70.20558357289582,181.27212716608614,7.035801703167829,1265,-3.000116208470179,-2.495735562315498
8242,304.625,12.356445828807532,2540.655970982191,164.4052553021568,1964.8875165336133,2543.604100087137,97.79584704828449,70.20416290119852,181.21010557575866,7.035996461248329,1265,-3.0001162233283365,-2.495339292589933
8243,304.635,12.356779118034973,2540.6557784906136,164.40450265472708,1964.8915630520758,2543.603978331156,97.79579953020276,70.20274231066148,181.14808524034805,7.036191215387363,1265,-3.000116238187215,-2.4949430225557916
8244,304.645,12.357112414135486,2540.655585994081,164.40375045101175,1964.8956094942919,2543.60385657462,97.7957520120347,70.20132180125191,181.0860661597825,7.036385965585153,1265,-3.000116253046815,-2.4945467522057294
8245,304.655,12.357445717112126,2540.6553934925914,164.40299869097774,1964.8996558602653,2543.6037348175278,97.79570449378035,70.199901372937,181.0240483339902,7.036580711841928,1265,-3.0001162679071363,-2.494150481532423
8246,304.66499999999996,12.357779026968029,2540.6552009861452,164.40224737455011,1964.9037021499996,2543.6036130598823,97.79565697543968,70.19848102568398,180.96203176289941,7.03677545415791,1265,-3.000116282768181,-2.4937542105285386
8247,304.67499999999995,12.358112343706237,2540.6550084747378,164.40149650167606,1964.9077483635003,2543.6034913016806,97.79560945701272,70.19706075946004,180.90001644643849,7.0369701925333255,1265,-3.0001162976299476,-2.493357939186764
8248,304.685,12.358445667329818,2540.654815958369,164.400746072313,1964.911794500771,2543.6033695429232,97.79556193849945,70.19564057423244,180.83800238453568,7.0371649269684,1265,-3.0001163124924375,-2.492961667499769
8249,304.695,12.358778997841844,2540.654623437036,164.39999608637655,1964.9158405618166,2543.6032477836093,97.79551441989986,70.19422046996839,180.77598957711936,7.037359657463357,1265,-3.00011632735565,-2.492565395460226
8250,304.705,12.359112335245388,2540.6544309107408,164.39924654376475,1964.9198865466421,2543.603126023742,97.79546690121398,70.1928004466351,180.7139780241179,7.0375543840184225,1265,-3.000116342219586,-2.4921691230607945
8251,304.715,12.359445679543537,2540.654238379477,164.3984974444961,1964.9239324552502,2543.603004263318,97.79541938244182,70.19138050419983,180.65196772545968,7.037749106633822,1265,-3.000116357084246,-2.491772850294155
8252,304.72499999999997,12.35977903073939,2540.6540458432464,164.3977487884666,1964.9279782876458,2543.602882502339,97.79537186358336,70.1899606426298,180.5899586810732,7.037943825309778,1265,-3.000116371949629,-2.491376577152978
8253,304.735,12.360112388835999,2540.653853302047,164.39700057561862,1964.9320240438342,2543.602760740806,97.79532434463859,70.18854086189228,180.52795089088687,7.038138540046517,1265,-3.0001163868157374,-2.4909803036299167
8254,304.745,12.36044575383646,2540.6536607558774,164.3962528058993,1964.9360697238183,2543.6026389787176,97.79527682560754,70.18712116195452,180.4659443548292,7.0383332508442615,1265,-3.0001164016825697,-2.4905840297176662
8255,304.755,12.360779125743852,2540.6534682047336,164.3955054792372,1964.940115327603,2543.6025172160726,97.7952293064902,70.18570154278376,180.40393907282868,7.038527957703237,1265,-3.0001164165501266,-2.4901877554088907
8256,304.765,12.361112504561245,2540.6532756486154,164.39475859559732,1964.9441608551933,2543.6023954528723,97.79518178728655,70.18428200434725,180.34193504481388,7.038722660623669,1265,-3.0001164314184097,-2.48979148069624
8257,304.775,12.361445890291767,2540.653083087523,164.3940121549,1964.9482063065925,2543.602273689118,97.79513426799663,70.18286254661228,180.2799322707134,7.038917359605779,1265,-3.0001164462874175,-2.489395205572386
8258,304.78499999999997,12.361779282938437,2540.6528905214536,164.39326615705815,1964.9522516818051,2543.6021519248093,97.79508674862043,70.18144316954611,180.21793075045582,7.0391120546497925,1265,-3.000116461157151,-2.4889989300300064
8259,304.79499999999996,12.362112682504435,2540.6526979504033,164.39252060204748,1964.9562969808364,2543.602030159943,97.79503922915794,70.18002387311601,180.1559304839698,7.039306745755933,1265,-3.000116476027611,-2.488602654061757
8260,304.805,12.362446088992794,2540.652505374375,164.39177548980155,1964.9603422036898,2543.601908394524,97.79499170960916,70.17860465728927,180.09393147118396,7.0395014329244265,1265,-3.000116490898798,-2.4882063776603047
8261,304.815,12.36277950240661,2540.6523127933624,164.3910308202469,1964.9643873503699,2543.601786628548,97.7949441899741,70.17718552203318,180.03193371202707,7.039696116155494,1265,-3.00011650577071,-2.4878101008183324
8262,304.825,12.363112922748986,2540.65212020737,164.39028659334235,1964.9684324208804,2543.60166486202,97.79489667025277,70.175766467315,179.96993720642774,7.03989079544936,1265,-3.00011652064335,-2.487413823528458
8263,304.835,12.363446350023006,2540.651927616388,164.3895428090327,1964.9724774152264,2543.6015430949333,97.79484915044515,70.17434749310205,179.90794195431485,7.0400854708062495,1265,-3.000116535516717,-2.4870175457833903
8264,304.84499999999997,12.3637797842318,2540.651735020423,164.3887994672124,1964.9765223334123,2543.6014213272942,97.79480163055125,70.1729285993616,179.84594795561708,7.040280142226385,1265,-3.0001165503908114,-2.4866212675757624
8265,304.855,12.364113225378413,2540.6515424194686,164.38805656790396,1964.980567175442,2543.601299559099,97.79475411057106,70.17150978606097,179.78395521026331,7.04047480970999,1265,-3.000116565265634,-2.4862249888982637
8266,304.865,12.364446673465977,2540.6513498135228,164.3873141109279,1964.9846119413191,2543.601177790348,97.79470659050463,70.17009105316748,179.72196371818234,7.040669473257288,1265,-3.000116580141184,-2.4858287097435396
8267,304.875,12.36478012849759,2540.651157202587,164.38657209631563,1964.9886566310493,2543.6010560210434,97.79465907035191,70.16867240064842,179.65997347930303,7.040864132868502,1265,-3.000116595017464,-2.4854324301042396
8268,304.885,12.365113590476339,2540.6509645866586,164.38583052397416,1964.9927012446367,2543.6009342511843,97.79461155011293,70.16725382847112,179.59798449355432,7.041058788543855,1265,-3.0001166098944716,-2.4850361499730322
8269,304.895,12.365447059405366,2540.6507719657357,164.38508939384735,1964.9967457820853,2543.6008124807695,97.79456402978768,70.1658353366029,179.5359967608651,7.041253440283571,1265,-3.0001166247722084,-2.484639869342593
8270,304.905,12.36578053528773,2540.6505793398155,164.38434870587093,1965.0007902433983,2543.6006907097994,97.79451650937617,70.16441692501108,179.4740102811643,7.041448088087872,1265,-3.000116639650675,-2.4842435882055565
8271,304.91499999999996,12.36611401812656,2540.6503867088995,164.38360846000157,1965.0048346285814,2543.600568938276,97.79446898887836,70.162998593663,179.41202505438096,7.041642731956981,1265,-3.00011665452987,-2.4838473065545994
8272,304.92499999999995,12.36644750792497,2540.6501940729822,164.38286865619324,1965.0088789376387,2543.6004471661963,97.79442146829432,70.161580342526,179.35004108044407,7.041837371891122,1265,-3.0001166694097963,-2.4834510243823673
8273,304.935,12.366781004686045,2540.6500014320645,164.38212929430895,1965.0129231705737,2543.600325393562,97.794373947624,70.1601621715674,179.28805835928264,7.0420320078905165,1265,-3.0001166842904516,-2.4830547416815225
8274,304.945,12.367114508412897,2540.6498087861446,164.38139037436477,1965.0169673273924,2543.600203620373,97.79432642686743,70.15874408075459,179.2260768908258,7.042226639955389,1265,-3.0001166991718384,-2.482658458444718
8275,304.955,12.367448019108643,2540.6496161352206,164.38065189631257,1965.0210114080974,2543.600081846629,97.7942789060246,70.15732607005488,179.16409667500258,7.042421268085959,1265,-3.0001167140539553,-2.48226217466462
8276,304.965,12.367781536776436,2540.6494234792917,164.37991386000311,1965.0250554126935,2543.599960072331,97.79423138509551,70.15590813943564,179.10211771174212,7.042615892282451,1265,-3.000116728936803,-2.4818658903338626
8277,304.97499999999997,12.368115061419338,2540.6492308183556,164.37917626543543,1965.0290993411845,2543.5998382974785,97.79418386408017,70.15449028886421,179.04014000097365,7.042810512545087,1265,-3.0001167438203833,-2.4814696054451315
8278,304.985,12.368448593040478,2540.64903815241,164.37843911256024,1965.0331431935756,2543.5997165220706,97.79413634297856,70.15307251830798,178.97816354262628,7.043005128874088,1265,-3.0001167587046944,-2.481073319991043
8279,304.995,12.368782131642979,2540.6488454814544,164.3777024013317,1965.037186969871,2543.5995947461083,97.79408882179071,70.1516548277343,178.91618833662926,7.043199741269678,1265,-3.000116773589738,-2.4806770339642763
8280,305.005,12.369115677229978,2540.648652805487,164.3769661315846,1965.0412306700753,2543.5994729695913,97.79404130051661,70.15023721711057,178.8542143829118,7.043394349732079,1265,-3.0001167884755136,-2.480280747357475
8281,305.015,12.369449229804541,2540.648460124505,164.37623030339762,1965.045274294191,2543.599351192519,97.79399377915627,70.14881968640415,178.7922416814032,7.043588954261512,1265,-3.0001168033620216,-2.479884460163289
8282,305.025,12.369782789369845,2540.6482674385106,164.37549491656208,1965.0493178422246,2543.5992294148937,97.79394625770968,70.14740223558243,178.73027023203275,7.0437835548582,1265,-3.000116818249263,-2.4794881723743667
8283,305.03499999999997,12.370116355928982,2540.6480747474966,164.3747599712065,1965.0533613141783,2543.5991076367122,97.79389873617681,70.14598486461277,178.66830003472975,7.0439781515223645,1265,-3.0001168331372368,-2.4790918839833678
8284,305.04499999999996,12.37044992948507,2540.6478820514667,164.37402546710024,1965.0574047100579,2543.598985857978,97.79385121455773,70.14456757346262,178.60633108942363,7.044172744254227,1265,-3.0001168480259444,-2.4786955949829323
8285,305.055,12.370783510041276,2540.647689350415,164.37329140428056,1965.0614480298666,2543.5988640786873,97.79380369285239,70.14315036209932,178.5443633960437,7.044367333054008,1265,-3.000116862915386,-2.478299305365729
8286,305.065,12.371117097600697,2540.6474966443434,164.37255778263136,1965.0654912736106,2543.5987422988433,97.79375617106083,70.14173323049032,178.48239695451943,7.04456191792193,1265,-3.000116877805562,-2.4779030151243746
8287,305.075,12.371450692166462,2540.6473039332477,164.37182460216454,1965.0695344412918,2543.5986205184436,97.79370864918302,70.14031617860299,178.42043176478023,7.044756498858216,1265,-3.0001168926964716,-2.477506724251553
8288,305.085,12.371784293741682,2540.6471112171275,164.37109186271292,1965.0735775329151,2543.59849873749,97.79366112721897,70.13889920640476,178.35846782675563,7.044951075863086,1265,-3.000116907588117,-2.4771104327398823
8289,305.09499999999997,12.372117902329531,2540.6469184959815,164.37035956432706,1965.0776205484863,2543.598376955982,97.79361360516869,70.13748231386303,178.29650514037505,7.04514564893676,1265,-3.000116922480496,-2.476714140582022
8290,305.105,12.372451517933111,2540.6467257698073,164.36962770688316,1965.081663488007,2543.5982551739194,97.79356608303216,70.13606550094525,178.23454370556803,7.0453402180794615,1265,-3.000116937373611,-2.4763178477706194
8291,305.115,12.372785140555564,2540.6465330386054,164.36889629036006,1965.0857063514848,2543.5981333913037,97.79351856080942,70.13464876761883,178.1725835222642,7.04553478329141,1265,-3.0001169522674616,-2.475921554298301
8292,305.125,12.373118770200033,2540.646340302371,164.36816531467773,1965.0897491389212,2543.5980116081323,97.79347103850043,70.13323211385118,178.11062459039312,7.045729344572828,1265,-3.0001169671620485,-2.4755252601577324
8293,305.135,12.373452406869632,2540.6461475611045,164.3674347797657,1965.0937918503212,2543.5978898244066,97.79342351610521,70.13181553960976,178.04866690988436,7.045923901923934,1265,-3.0001169820573708,-2.4751289653415633
8294,305.145,12.373786050567533,2540.645954814804,164.366704685555,1965.0978344856894,2543.597768040127,97.79337599362377,70.130399044862,177.9867104806676,7.046118455344951,1265,-3.00011699695343,-2.474732669842414
8295,305.155,12.374119701296845,2540.645762063468,164.36597503200002,1965.1018770450298,2543.597646255293,97.7933284710561,70.12898262957536,177.92475530267254,7.046313004836099,1265,-3.000117011850225,-2.4743363736529314
8296,305.16499999999996,12.374453359060723,2540.645569307094,164.36524581909092,1965.1059195283467,2543.597524469904,97.79328094840221,70.12756629371727,177.86280137582884,7.046507550397599,1265,-3.0001170267477586,-2.473940076765782
8297,305.17499999999995,12.374787023862316,2540.6453765456818,164.3645170467166,1965.109961935645,2543.5974026839613,97.7932334256621,70.1261500372552,177.80084870006624,7.046702092029671,1265,-3.0001170416460288,-2.473543779173576
8298,305.185,12.375120695704723,2540.6451837792292,164.36378871478195,1965.1140042669279,2543.5972808974648,97.79318590283576,70.1247338601566,177.73889727531454,7.046896629732535,1265,-3.0001170565450366,-2.4731474808689766
8299,305.195,12.375454374591166,2540.6449910077345,164.36306082334795,1965.1180465221998,2543.5971591104135,97.7931383799232,70.12331776238894,177.6769471015035,7.047091163506413,1265,-3.000117071444782,-2.4727511818446097
8300,305.205,12.37578806052471,2540.6447982311956,164.36233337222282,1965.1220887014656,2543.597037322808,97.79309085692442,70.12190174391966,177.6149981785629,7.047285693351524,1265,-3.000117086345266,-2.4723548820931156
8301,305.215,12.376121753508558,2540.6446054496128,164.36160636139957,1965.1261308047292,2543.5969155346493,97.79304333383944,70.12048580471627,177.55305050642264,7.047480219268089,1265,-3.000117101246489,-2.471958581607147
8302,305.22499999999997,12.376455453545859,2540.6444126629817,164.3608797908422,1965.1301728319952,2543.596793745935,97.79299581066823,70.11906994474623,177.4911040850126,7.047674741256328,1265,-3.0001171161484503,-2.471562280379327
8303,305.235,12.37678916063973,2540.6442198713034,164.3601536604961,1965.1342147832665,2543.5966719566673,97.79294828741081,70.11765416397702,177.42915891426264,7.04786925931646,1265,-3.0001171310511507,-2.4711659784022966
8304,305.245,12.377122874793349,2540.6440270745757,164.35942797025768,1965.138256658549,2543.596550166846,97.79290076406717,70.11623846237613,177.36721499410274,7.048063773448707,1265,-3.0001171459545906,-2.4707696756686928
8305,305.255,12.37745659600985,2540.6438342727943,164.35870272011198,1965.1422984578462,2543.5964283764692,97.79285324063733,70.11482283991104,177.30527232446283,7.048258283653286,1265,-3.0001171608587702,-2.4703733721711663
8306,305.265,12.377790324292404,2540.6436414659615,164.35797790996497,1965.1463401811618,2543.5963065855394,97.79280571712128,70.11340729654928,177.24333090527293,7.048452789930418,1265,-3.00011717576369,-2.4699770679023194
8307,305.275,12.378124059644149,2540.643448654073,164.35725353975198,1965.1503818285014,2543.596184794055,97.79275819351902,70.11199183225831,177.18139073646302,7.048647292280324,1265,-3.00011719066935,-2.469580762854829
8308,305.28499999999997,12.378457802068253,2540.6432558371284,164.35652960944563,1965.1544233998682,2543.5960630020168,97.79271066983056,70.11057644700564,177.11945181796318,7.048841790703222,1265,-3.000117205575751,-2.469184457021297
8309,305.29499999999996,12.378791551567899,2540.6430630151262,164.35580611897973,1965.158464895267,2543.5959412094244,97.79266314605589,70.10916114075881,177.05751414970348,7.049036285199332,1265,-3.0001172204828923,-2.4687881503943663
8310,305.305,12.379125308146197,2540.6428701880645,164.35508306831477,1965.162506314701,2543.5958194162786,97.79261562219502,70.1077459134853,176.99557773161402,7.049230775768873,1265,-3.0001172353907752,-2.46839184296667
8311,305.315,12.379459071806357,2540.6426773559424,164.35436045733138,1965.1665476581754,2543.595697622579,97.79256809824794,70.10633076515266,176.93364256362494,7.049425262412064,1265,-3.0001172502993994,-2.4679955347308407
8312,305.325,12.379792842551506,2540.6424845187557,164.35363828601652,1965.1705889256937,2543.595575828324,97.79252057421466,70.1049156957284,176.8717086456664,7.049619745129125,1265,-3.0001172652087664,-2.4675992256795114
8313,305.335,12.38012662038483,2540.642291676506,164.35291655429774,1965.1746301172611,2543.5954540335156,97.7924730500952,70.10350070518002,176.80977597766858,7.049814223920277,1265,-3.0001172801188747,-2.4672029158053186
8314,305.34499999999997,12.380460405309483,2540.6420988291907,164.3521952621459,1965.1786712328808,2543.5953322381542,97.79242552588954,70.1020857934751,176.74784455956168,7.050008698785735,1265,-3.000117295029726,-2.4668066051008775
8315,305.355,12.380794197328616,2540.6419059768073,164.35147440945704,1965.1827122725574,2543.595210442238,97.79237800159768,70.10067096058116,176.68591439127604,7.05020316972572,1265,-3.0001173099413196,-2.4664102935588326
8316,305.365,12.381127996445448,2540.641713119355,164.3507539961965,1965.1867532362955,2543.5950886457686,97.79233047721964,70.09925620646574,176.62398547274185,7.050397636740452,1265,-3.000117324853656,-2.466013981171797
8317,305.375,12.381461802663113,2540.641520256832,164.35003402231945,1965.1907941240997,2543.594966848745,97.7922829527554,70.09784153109636,176.56205780388945,7.050592099830148,1265,-3.000117339766736,-2.4656176679324213
8318,305.385,12.381795615984776,2540.6413273892363,164.34931448772252,1965.1948349359727,2543.594845051168,97.79223542820496,70.09642693444063,176.50013138464917,7.050786558995026,1265,-3.00011735468056,-2.4652213538333108
8319,305.395,12.38212943641364,2540.641134516567,164.3485953924173,1965.1988756719197,2543.594723253036,97.79218790356833,70.09501241646606,176.43820621495138,7.050981014235306,1265,-3.0001173695951278,-2.46482503886711
8320,305.405,12.382463263952836,2540.6409416388233,164.34787673631396,1965.2029163319446,2543.5946014543515,97.79214037884555,70.09359797714022,176.37628229472645,7.051175465551207,1265,-3.0001173845104394,-2.464428723026424
8321,305.41499999999996,12.382797098605572,2540.6407487560014,164.34715851929366,1965.206956916052,2543.594479655113,97.79209285403655,70.09218361643069,176.31435962390483,7.051369912942946,1265,-3.000117399426496,-2.4640324063039056
8322,305.42499999999995,12.383130940375016,2540.6405558681013,164.34644074135858,1965.210997424246,2543.5943578553206,97.79204532914137,70.09076933430501,176.25243820241698,7.051564356410743,1265,-3.0001174143432974,-2.4636360886921587
8323,305.435,12.383464789264364,2540.6403629751208,164.34572340246362,1965.2150378565304,2543.5942360549743,97.79199780416002,70.08935513073077,176.19051803019332,7.0517587959548145,1265,-3.000117429260844,-2.463239770183814
8324,305.445,12.383798645276764,2540.640170077058,164.34500650250612,1965.2190782129105,2543.594114254074,97.79195027909249,70.08794100567556,176.1285991071644,7.051953231575379,1265,-3.0001174441791356,-2.462843450771496
8325,305.455,12.38413250841542,2540.6399771739125,164.34429004147523,1965.2231184933887,2543.59399245262,97.79190275393879,70.08652695910695,176.06668143326075,7.052147663272654,1265,-3.0001174590981736,-2.4624471304478224
8326,305.465,12.384466378683479,2540.639784265682,164.3435740192545,1965.22715869797,2543.5938706506136,97.79185522869889,70.08511299099253,176.00476500841293,7.052342091046859,1265,-3.000117474017957,-2.4620508092054223
8327,305.47499999999997,12.384800256084183,2540.6395913523643,164.3428584358219,1965.2311988266592,2543.5937488480527,97.79180770337284,70.08369910129989,175.94284983255156,7.052536514898212,1265,-3.0001174889384874,-2.461654487036914
8328,305.485,12.385134140620668,2540.6393984339584,164.34214329113766,1965.2352388794604,2543.593627044938,97.79176017796061,70.08228528999663,175.8809359056072,7.052730934826929,1265,-3.000117503859764,-2.4612581639349256
8329,305.495,12.385468032296135,2540.6392055104625,164.34142858512215,1965.2392788563768,2543.5935052412697,97.79171265246221,70.08087155705037,175.81902322751057,7.052925350833228,1265,-3.0001175187817877,-2.4608618398920683
8330,305.505,12.385801931113797,2540.639012581877,164.34071431769902,1965.2433187574136,2543.5933834370494,97.79166512687763,70.07945790242869,175.7571117981923,7.053119762917327,1265,-3.0001175337045587,-2.4604655149009536
8331,305.515,12.386135837076793,2540.6388196481985,164.340000488852,1965.2473585825742,2543.5932616322752,97.7916176012069,70.0780443260992,175.69520161758314,7.053314171079445,1265,-3.000117548628077,-2.46006918895421
8332,305.525,12.386469750188356,2540.638626709423,164.3392870985065,1965.2513983318634,2543.5931398269454,97.79157007544997,70.07663082802955,175.63329268561378,7.053508575319797,1265,-3.000117563552343,-2.459672862044475
8333,305.53499999999997,12.386803670451666,2540.6384337655522,164.33857414655756,1965.2554380052857,2543.5930180210635,97.79152254960691,70.07521740818733,175.571385002215,7.053702975638601,1265,-3.0001175784773575,-2.4592765341643408
8334,305.54499999999996,12.387137597869927,2540.638240816583,164.33786163302963,1965.2594776028443,2543.592896214627,97.79147502367768,70.07380406654016,175.5094785673176,7.053897372036075,1265,-3.000117593403121,-2.4588802053064374
8335,305.555,12.387471532446293,2540.6380478625156,164.33714955778962,1965.2635171245436,2543.5927744076384,97.79142749766227,70.0723908030557,175.44757338085242,7.054091764512436,1265,-3.0001176083296324,-2.458483875463372
8336,305.565,12.387805474183999,2540.6378549033466,164.3364379208046,1965.2675565703887,2543.5926526000962,97.79137997156072,70.07097761770154,175.38566944275027,7.054286153067901,1265,-3.000117623256893,-2.458087544627758
8337,305.575,12.388139423086217,2540.6376619390758,164.33572672207325,1965.271595940382,2543.5925307920006,97.79133244537299,70.06956451044536,175.32376675294208,7.054480537702686,1265,-3.000117638184903,-2.4576912127922195
8338,305.585,12.388473379156185,2540.6374689697004,164.3350159614708,1965.2756352345302,2543.5924089833516,97.79128491909913,70.06815148125479,175.26186531135872,7.054674918417009,1265,-3.0001176531136635,-2.4572948799493752
8339,305.59499999999997,12.388807342397081,2540.637275995218,164.3343056389728,1965.2796744528353,2543.5922871741477,97.79123739273909,70.06673853009748,175.1999651179311,7.054869295211086,1265,-3.0001176680431727,-2.4568985460918196
8340,305.605,12.38914131281207,2540.6370830156297,164.33359575448517,1965.2837135953014,2543.5921653643927,97.79118986629291,70.06532565694107,175.13806617259027,7.055063668085134,1265,-3.000117682973433,-2.4565022112121855
8341,305.615,12.389475290404416,2540.636890030931,164.33288630798117,1965.2877526619347,2543.592043554083,97.79114233976058,70.06391286175321,175.07616847526714,7.055258037039369,1265,-3.000117697904444,-2.4561058753030753
8342,305.625,12.389809275177294,2540.6366970411227,164.33217729942626,1965.2917916527374,2543.5919217432206,97.7910948131421,70.06250014450157,175.01427202589278,7.0554524020740095,1265,-3.000117712836205,-2.4557095383570875
8343,305.635,12.390143267133901,2921.973538560695,209.7466444859817,1965.2958305677146,2543.5917999318035,97.79104728643748,70.05966937319151,174.95237682439824,7.055646763189269,1265,-2.9903799132099302,-2.4557100919870405
8344,305.645,12.390787053879773,2517.164630929901,190.29473430971413,1965.299869406871,2543.5916781198353,97.7909997596467,70.05350415987793,174.89048287071458,7.055841119466381,1265,-2.9890979120551235,-3.9498829709291106
8345,305.655,12.39215950859227,2516.7261882238,190.26239912913465,1965.30390267939,2543.591556286835,97.79095223276977,70.05017296735804,174.8286743097004,7.056035469366645,1265,-2.9905428167392745,-3.9498829709291106
8346,305.66499999999996,12.392913045553927,2516.4914170542233,190.24508236462253,1965.3079526147153,2543.5914345157075,97.79090470580681,70.04678683867392,174.76661048286778,7.056229826072173,1265,-2.9919835320325068,-3.9498829709291106
8347,305.67499999999995,12.393678587284475,2516.2526847682902,190.2274735007614,1965.311980642641,2543.5913126626065,97.79085717875748,70.04339174860553,174.70488246484712,7.056424159075661,1265,-2.9934633856775408,-3.9498829709291106
8348,305.685,12.394446190850724,2516.0133132534816,190.2098174696223,1965.316003083414,2543.591190788399,97.79080965162224,70.04000286020703,174.64324015305715,7.056618482708293,1265,-2.9949572807866502,-3.9498829709291106
8349,305.695,12.395212587792033,2515.774400215351,190.19219520615695,1965.3200273112766,2543.591068920588,97.79076212440118,70.03662003051798,174.58157054007424,7.056812796727833,1265,-2.996465629775254,-3.9498829709291106
8350,305.705,12.395977808137491,2515.535935232953,190.17460594217872,1965.3240532477316,2543.5909470588776,97.79071459709431,70.0332434760711,174.5198748289037,7.057007101059555,1265,-2.9979885267463273,-3.9498829709291106
8351,305.715,12.396741804307444,2515.29793389187,190.15705082712464,1965.3280809750743,2543.590825203579,97.79066706970157,70.02987323967326,174.45815175855884,7.057201395718743,1265,-2.9995259418257767,-3.9498829709291106
8352,305.72499999999997,12.397504566300512,2515.060399224566,190.13953008481477,1965.3321105119082,2543.5907033547574,97.7906195422229,70.02650936652616,174.3964010440253,7.057395680719052,1265,-3.0010778474692503,-3.9498829709291106
8353,305.735,12.398266083590999,2514.823334436025,190.12204395176818,1965.3361418776856,2543.590581512487,97.7905720146583,70.02315190236844,174.3346223873587,7.057589956075137,1265,-3.002644214417686,-3.9498829709291106
8354,305.745,12.399026345531885,2514.5867427696394,190.10459266731417,1965.3401750921548,2543.5904596768423,97.79052448700772,70.01980089281314,174.2728154860185,7.057784221801773,1265,-3.004225013227251,-3.9498829709291106
8355,305.755,12.399785341497477,2514.3506274592496,190.08717647017718,1965.344210175022,2543.590337847894,97.7904769592711,70.01645638336825,174.21098003813842,7.057978477913856,1265,-3.0058202142513366,-3.9498829709291106
8356,305.765,12.400543060879064,2514.1149917306316,190.06979559837913,1965.3482471459579,2543.5902160257183,97.79042943144842,70.01311841942588,174.14911574238553,7.058172724426414,1265,-3.0074297876358016,-3.9498829709291106
8357,305.775,12.401299493087436,2513.8798388007103,190.0524502893968,1965.3522860245976,2543.5900942103867,97.79038190353963,70.0097870462617,174.08722229802314,7.058366961354601,1265,-3.0090537033196103,-3.9498829709291106
8358,305.78499999999997,12.402054627552824,2513.645171877543,190.03514077992668,1965.3563268305315,2543.589972401971,97.7903343755447,70.00646230903439,174.02529940491397,7.0585611887137,1265,-3.0106919310352325,-3.9498829709291106
8359,305.79499999999996,12.40280845372533,2513.410994160266,190.01786730610925,1965.3603695833156,2543.589850600546,97.79028684746358,70.00314425278492,173.9633467635241,7.05875540651912,1265,-3.012344440309135,-3.9498829709291106
8360,305.805,12.403560961074968,2513.1773088390587,190.00063010341086,1965.3644143024649,2543.5897288061838,97.79023931929622,69.999832922436,173.90136407492707,7.0589496147864015,1265,-3.014011200462279,-3.9498829709291106
8361,305.815,12.404312139091898,2512.9441190951025,189.98342940660262,1965.368461007453,2543.589607018956,97.7901917910426,69.99652836279138,173.8393510408076,7.059143813531207,1265,-3.0156921806106176,-3.9498829709291106
8362,305.825,12.405061977286666,2512.7114281005433,189.9662654498374,1965.3725097177155,2543.589485238935,97.79014426270267,69.99323061853525,173.77730736346587,7.059338002769327,1265,-3.0173873496656003,-3.9498829709291106
8363,305.835,12.40581046519035,2512.479239018441,189.94913846653517,1965.3765604526468,2543.5893634661957,97.79009673427637,69.98993973423156,173.7152327458214,7.059532182516681,1265,-3.019096676334676,-3.9498829709291106
8364,305.84499999999997,12.406557592354774,2512.2475550027407,189.93204868949022,1965.3806132316022,2543.589241700806,97.7900492057637,69.98665575432341,173.653126891417,7.059726352789311,1265,-3.0208201291218053,-3.9498829709291106
8365,305.855,12.407303348352738,2512.016379198221,189.91499635082351,1965.3846680738939,2543.5891199428406,97.79000167716457,69.98337872313245,173.59098950442285,7.059920513603389,1265,-3.0225576763279687,-3.9498829709291106
8366,305.865,12.408047722778091,2511.78571474046,189.89798168197274,1965.3887249987943,2543.588998192369,97.78995414847894,69.98010868485822,173.5288202896403,7.060114664975207,1265,-3.024309286051687,-3.9498829709291106
8367,305.875,12.408790705246103,2511.555564755804,189.88100491371785,1965.3927840255328,2543.588876449467,97.78990661970678,69.97684568357754,173.46661895250585,7.060308806921186,1265,-3.026074926189537,-3.9498829709291106
8368,305.885,12.40953228539355,2511.3259323613015,189.86406627607255,1965.3968451733012,2543.5887547142,97.78985909084807,69.97358976324382,173.40438519909523,7.060502939457871,1265,-3.0278545644366757,-3.9498829709291106
8369,305.895,12.410272452878907,2511.0968206646885,189.8471659984145,1965.4009084612442,2543.5886329866444,97.78981156190272,69.97034096768658,173.34211873612713,7.06069706260193,1265,-3.029648168287367,-3.9498829709291106
8370,305.905,12.411011197382608,2510.8682327643423,189.83030430953195,1965.4049739084696,2543.588511266868,97.78976403287069,69.96709934061069,173.2798192709672,7.0608911763701565,1265,-3.0314557050355084,-3.9498829709291106
8371,305.91499999999996,12.411748508607173,2510.640171749231,189.8134814373581,1965.4090415340381,2543.588389554943,97.78971650375196,69.9638649255958,173.21748651163188,7.0610852807794675,1265,-3.033277141775166,-3.9498829709291106
8372,305.92499999999995,12.412484376277419,2510.4126406988935,189.79669760920353,1965.4131113569713,2543.5882678509406,97.78966897454647,69.96063776609576,173.1551201667924,7.061279375846904,1265,-3.035112445401108,-3.9498829709291106
8373,305.935,12.4132187901407,2510.1856426833774,189.77995305172428,1965.4171833962462,2543.5881461549307,97.78962144525418,69.95741790543794,173.09271994577847,7.061473461589628,1265,-3.0369615826093477,-3.9498829709291106
8374,305.945,12.413951739967063,2509.95918076322,189.76324799078654,1965.4212576707978,2543.5880244669834,97.78957391587504,69.95420538682266,173.0302855585823,7.061667538024928,1265,-3.0388245198976827,-3.9498829709291106
8375,305.955,12.414683215549411,2509.733257989394,189.74658265162688,1965.4253341995156,2543.5879027871706,97.789526386409,69.95100025332259,172.96781671586243,7.061861605170209,1265,-3.040701223566242,-3.9498829709291106
8376,305.965,12.41541320670376,2509.507877403288,189.7299572587249,1965.4294130012483,2543.58778111556,97.789478856856,69.94780254788209,172.90531312894745,7.062055663043005,1265,-3.0425916597180356,-3.9498829709291106
8377,305.97499999999997,12.416141703269382,2509.283042036645,189.7133720359524,1965.4334940947983,2543.587659452224,97.789431327216,69.94461231331667,172.8427745098399,7.062249711660966,1265,-3.0444957942595066,-3.9498829709291106
8378,305.985,12.416868695109068,2509.0587549115367,189.69682720629956,1965.4375774989257,2543.5875377972316,97.78938379748895,69.94142959231232,172.78020057122004,7.062443751041868,1265,-3.0464135929010863,-3.9498829709291106
8379,305.995,12.41759417210924,2508.835019040329,189.68032299211936,1965.441663232346,2543.5874161506513,97.78933626767483,69.93825442742497,172.71759102644972,7.0626377812036045,1265,-3.0483450211577554,-3.9498829709291106
8380,306.005,12.418318124180146,2508.6118374256334,189.66385961517017,1965.445751313727,2543.587294512553,97.78928873777353,69.9350868610798,172.65494558957613,7.062831802164191,1265,-3.0502900443496053,-3.9498829709291106
8381,306.015,12.419040541256138,2508.389213060277,189.64743729624888,1965.4498417616978,2543.587172883007,97.78924120778505,69.93192693557077,172.5922639753355,7.063025813941765,1265,-3.052248627602401,-3.9498829709291106
8382,306.025,12.419761413295774,2508.1671489272553,189.63105625570168,1965.4539345948353,2543.587051262081,97.78919367770933,69.9287746930599,172.52954589915691,7.063219816554582,1265,-3.0542207358481552,-3.9498829709291106
8383,306.03499999999997,12.420480730282078,2507.9456479997084,189.61471671286785,1965.4580298316769,2543.5869296498454,97.7891461475463,69.92563017557679,172.46679107716608,7.063413810021018,1265,-3.0562063338256973,-3.9498829709291106
8384,306.04499999999996,12.421198482222653,2507.7247132408793,189.5984188865862,1965.4621274907122,2543.5868080463665,97.78909861729592,69.92249342501789,172.4039992261891,7.063607794359567,1265,-3.058205386081249,-3.9498829709291106
8385,306.055,12.421914659149973,2507.50434760406,189.58216299485025,1965.466227590383,2543.5866864517166,97.78905108695815,69.91936448314605,172.34117006375595,7.063801769588844,1265,-3.060217856969003,-3.9498829709291106
8386,306.065,12.422629251121428,2507.284554032583,189.5659492549401,1965.4703301490874,2543.586564865962,97.78900355653293,69.91624339158987,172.27830330810457,7.063995735727582,1265,-3.0622437106517064,-3.9498829709291106
8387,306.075,12.423342248219708,2507.065335459761,189.5497778834307,1965.4744351851775,2543.586443289171,97.7889560260202,69.91313019184305,172.21539867818424,7.064189692794632,1265,-3.0642829111012437,-3.9498829709291106
8388,306.085,12.424053640552854,2506.8466948088594,189.5336490961124,1965.4785427169575,2543.586321721411,97.78890849541992,69.91002492526395,172.15245589365944,7.064383640808963,1265,-3.0663354220992267,-3.9498829709291106
8389,306.09499999999997,12.424763418254454,2506.6286349930638,189.5175631080339,1965.482652762685,2543.58620016275,97.78886096473201,69.9069276330749,172.08947467491336,7.0645775797896615,1265,-3.0684012072375846,-3.9498829709291106
8390,306.105,12.425471571483886,2506.411158915431,189.50152013351746,1965.4867653405706,2543.5860786132566,97.78881343395646,69.90383835636165,172.02645474305177,7.064771509755931,1265,-3.0704802299191627,-3.9498829709291106
8391,306.115,12.426178090426502,2506.1942694688696,189.48552038614957,1965.490880468779,2543.585957072998,97.78876590309316,69.90075713607277,171.96339581990645,7.064965430727093,1265,-3.0725724533583145,-3.9498829709291106
8392,306.125,12.426882965293746,2505.9779695360876,189.46956407875163,1965.4949981654256,2543.585835542043,97.78871837214213,69.89768401301916,171.90029762803897,7.065159342722584,1265,-3.0746778405815056,-3.9498829709291106
8393,306.135,12.427586186323456,2505.7622619895656,189.45365142339625,1965.499118448578,2543.5857140204566,97.78867084110324,69.89461902787338,171.8371598907443,7.065353245761959,1265,-3.076796354427921,-3.9498829709291106
8394,306.145,12.428287743779977,2505.547149691522,189.4377826313869,1965.5032413362578,2543.585592508307,97.78862330997647,69.8915622211691,171.77398233205426,7.0655471398648855,1265,-3.078927957550068,-3.9498829709291106
8395,306.155,12.428987627954315,2505.3326354938704,189.4219579132695,1965.507366846436,2543.58547100566,97.78857577876178,69.88851363330062,171.71076467674132,7.065741025051148,1265,-3.0810726124143875,-3.9498829709291106
8396,306.16499999999996,12.429685829164429,2505.118722238193,189.40617747882177,1965.5114949970364,2543.5853495125825,97.78852824745908,69.88547330452215,171.64750665032201,7.065934901340647,1265,-3.083230281301871,-3.9498829709291106
8397,306.17499999999995,12.430382337755374,2504.9054127557,189.39044153711257,1965.5156258059353,2543.585228029143,97.78848071606834,69.8824412749474,171.58420797906066,7.066128768753398,1265,-3.085400926308676,-3.9498829709291106
8398,306.185,12.431077144099369,2504.6927098671895,189.37475029637707,1965.5197592909565,2543.5851065554043,97.78843318458948,69.8794175845489,171.52086838997275,7.0663226273095265,1265,-3.0875845093467436,-3.9498829709291106
8399,306.195,12.43177023859626,2504.4806163830303,189.35910396414016,1965.5238954698793,2543.5849850914356,97.78838565302247,69.87640227315754,171.45748761082854,7.066516477029278,1265,-3.0897809921444255,-3.9498829709291106
8400,306.205,12.432461611673354,2504.2691351031003,189.34350274706983,1965.5280343604281,2543.584863637301,97.78833812136723,69.8733953804619,171.3940653701567,7.066710317933008,1265,-3.091990336247108,-3.9498829709291106
8401,306.215,12.433151253785937,2504.0582688167797,189.3279468511552,1965.5321759802841,2543.584742193066,97.78829058962371,69.87039694600783,171.33060139724765,7.066904150041187,1265,-3.0942125030178413,-3.9498829709291106
8402,306.22499999999997,12.433839155417225,2503.8480203029,189.3124364815459,1965.5363203470736,2543.5846207587983,97.78824305779186,69.86740700919778,171.26709542215715,7.067097973374396,1265,-3.0964474536379747,-3.9498829709291106
8403,306.235,12.434525307078664,2503.6383923297085,189.2969718426169,1965.5404674783742,2543.58449933456,97.78819552587161,69.86442560929031,171.20354717570984,7.067291787953329,1265,-3.098695149107789,-3.9498829709291106
8404,306.245,12.435209699310063,2503.429387654851,189.28155313804663,1965.544617391715,2543.58437792042,97.7881479938629,69.86145278539954,171.13995638950254,7.067485593798795,1265,-3.1009555502471375,-3.9498829709291106
8405,306.255,12.435892322679825,2503.221009025313,189.2661805705954,1965.5487701045724,2543.5842565164394,97.78810046176568,69.8584885764946,171.07632279590786,7.067679390931711,1265,-3.1032286176960855,-3.9498829709291106
8406,306.265,12.43657316778508,2503.013259177411,189.25085434233384,1965.552925634373,2543.584135122686,97.78805292957988,69.85553302139905,171.01264612807765,7.067873179373109,1265,-3.105514311915558,-3.9498829709291106
8407,306.275,12.437252225251916,2502.8061408367435,189.23557465447865,1965.5570839984916,2543.5840137392224,97.78800539730545,69.85258615879042,170.94892611994632,7.068066959144128,1265,-3.1078125931879854,-3.9498829709291106
8408,306.28499999999997,12.437929485735495,2502.5996567181614,189.22034170749,1965.561245214253,2543.5838923661136,97.78795786494233,69.84964802719956,170.88516250623434,7.0682607302660205,1265,-3.1101234216179563,-3.9498829709291106
8409,306.29499999999996,12.438604939920337,2502.393809525731,189.2051557010723,1965.565409298931,2543.583771003425,97.78791033249045,69.84671866501026,170.82135502245163,7.068454492760147,1265,-3.1124467571328687,-3.9498829709291106
8410,306.305,12.43927857852038,2502.1886019527133,189.1900168340598,1965.5695762697449,2543.5836496512193,97.78786279994975,69.84379811045854,170.75750340490094,7.068648246647982,1265,-3.1147825594835883,-3.9498829709291106
8411,306.315,12.439950392279286,2501.9840366815197,189.17492530452043,1965.5737461438662,2543.5835283095607,97.78781526732018,69.84088640163225,170.69360739068125,7.068841991951103,1265,-3.1171307882451122,-3.9498829709291106
8412,306.325,12.4406203719705,2501.780116383683,189.1598813097519,1965.5779189384111,2543.583406978511,97.78776773460166,69.83798357647046,170.62966671769112,7.069035728691204,1265,-3.119491402817226,-3.9498829709291106
8413,306.335,12.44128850839753,2501.5768437198253,189.14488504614815,1965.5820946704443,2543.5832856581364,97.78772020179414,69.83508967276303,170.56568112463202,7.069229456890081,1265,-3.121864362425171,-3.9498829709291106
8414,306.34499999999997,12.44195479239405,2501.374221339621,189.12993670941796,1965.586273356979,2543.583164348499,97.78767266889756,69.83220472814996,170.50165035101168,7.069423176569642,1265,-3.1242496261203185,-3.9498829709291106
8415,306.355,12.442619214824175,2501.172251881776,189.11503649440704,1965.5904550149744,2543.5830430496626,97.78762513591185,69.82932878012097,170.43757413714746,7.069616887751902,1265,-3.1266471527808344,-3.9498829709291106
8416,306.365,12.44328176658254,2500.970937973985,189.10018459514066,1965.5946396613379,2543.582921761689,97.78757760283693,69.82646186601492,170.37345222416963,7.069810590458983,1265,-3.1290569011123597,-3.9498829709291106
8417,306.375,12.443942438594538,2500.770282232902,189.08538120481185,1965.5988273129233,2543.58280048464,97.78753006967278,69.82360402301936,170.30928435402456,7.070004284713116,1265,-3.1314788296486853,-3.9498829709291106
8418,306.385,12.444601221816427,2500.570287264115,189.07062651590067,1965.6030179865302,2543.5826792185803,97.7874825364193,69.82075528816989,170.24507026947822,7.070197970536636,1265,-3.133912896752433,-3.9498829709291106
8419,306.395,12.4452581072356,2500.3709556621025,189.05592071990307,1965.6072116989048,2543.5825579635703,97.78743500307644,69.81791569834986,170.18080971411922,7.070391647951986,1265,-3.1363590606157405,-3.9498829709291106
8420,306.405,12.445913085870755,2500.1722900102172,189.0412640076803,1965.611408466742,2543.5824367196715,97.78738746964413,69.81508529028963,170.11650243236224,7.070585316981715,1265,-3.138817279260949,-3.9498829709291106
8421,306.41499999999996,12.44656614877198,2499.9742928806468,189.02665656908417,1965.6156083066794,2543.5823154869486,97.7873399361223,69.81226410056618,170.05214816945116,7.070778977648477,1265,-3.1412875105412885,-3.9498829709291106
8422,306.42499999999995,12.44721728702106,2499.7769668343776,189.0120985932825,1965.6198112353024,2543.5821942654607,97.7872924025109,69.80945216560264,169.9877466714623,7.0709726299750315,1265,-3.1428866652006935,-3.9498829709291106
8423,306.435,12.447866491731448,2499.580314421175,188.99759026856015,1965.6240172691391,2543.5820730552696,97.78724486880984,69.80664829938826,169.92329768530772,7.0711662740525245,1265,-3.1473135582825176,-3.9498829709291106
8424,306.445,12.448514021620623,2499.3842501005743,188.98312528716696,1965.6282259316179,2543.581951854599,97.78719733501907,69.80386034707327,169.8588085137262,7.071359909466187,1265,-3.147694340964311,-3.9498829709291106
8425,306.455,12.449158158234686,2499.1893391170615,188.96874533254538,1965.6324403890767,2543.581830675254,97.78714980113854,69.80106463131429,169.7942306392898,7.071553537576438,1265,-3.1481279033034637,-3.9498829709291106
8426,306.465,12.44980408483854,2498.9938752542866,188.95432458194665,1965.6366510934163,2543.5817094816316,97.78710226716811,69.79829715489035,169.72971036701455,7.0717471563457215,1265,-3.14845011255548,-3.9498829709291106
8427,306.47499999999997,12.450443917164188,2498.8004526806617,188.9400543399168,1965.640872565079,2543.581588327878,97.78705473310788,69.79553174593268,169.66502520160847,7.071940767381608,1265,-3.1487799905622516,-3.9498829709291106
8428,306.485,12.45108338529535,2498.60718548805,188.92579553227847,1965.6450942586537,2543.581467174667,97.7870071989576,69.7927692657201,169.6003367296512,7.072134370493794,1265,-3.149113938527689,-3.9498829709291106
8429,306.495,12.451722300267198,2498.414135699408,188.91155273297676,1965.6493165097374,2543.5813460232516,97.78695966471729,69.79000895509053,169.53563980887762,7.072327965869386,1265,-3.1494550845566867,-3.9498829709291106
8430,306.505,12.452360828207167,2498.221248610693,188.89732190793453,1965.6535390240717,2543.581224872534,97.78691213038691,69.78725085438192,169.47093894818954,7.072521553508769,1265,-3.149803238992762,-3.9498829709291106
8431,306.515,12.452998960063411,2498.0285271105786,188.88310327024655,1965.6577618181211,2543.581103722576,97.78686459596646,69.78449496578983,169.4062338952995,7.0727151334218314,1265,-3.1501583690857045,-3.9498829709291106
8432,306.525,12.453636695142697,2497.8359713402465,188.86889683037137,1965.6619848935773,2543.580982573384,97.78681706145595,69.78174131284658,169.3415246243023,7.0729087056131235,1265,-3.1505203543663516,-3.9498829709291106
8433,306.53499999999997,12.454274028072374,2497.643582977505,188.85470271211753,1965.6662082603962,2543.5808614249945,97.78676952685537,69.77898991782035,169.2768109827085,7.073102270087492,1265,-3.150889079593655,-3.9498829709291106
8434,306.54499999999996,12.454910953754094,2497.4513636088936,188.84052103254962,1965.6704319280361,2543.580740277442,97.7867219921647,69.77624080315242,169.21209282556347,7.073295826849733,1265,-3.151264428849826,-3.9498829709291106
8435,306.555,12.455547467048824,2497.2593148331716,188.82635190960366,1965.6746559060243,2543.580619130764,97.78667445738394,69.77349399085675,169.14737000692278,7.073489375904725,1265,-3.1516462880067113,-3.9498829709291106
8436,306.565,12.456183562908475,2497.0674382181055,188.81219545901251,1965.6788802037192,2543.5804979849936,97.7866269225131,69.77074950255998,169.08264238341252,7.0736829172574325,1265,-3.1520345445616575,-3.9498829709291106
8437,306.575,12.456819236367291,2496.875735303347,188.79805179428595,1965.6831048303268,2543.5803768401656,97.78657938755214,69.76800735949116,169.01790981399182,7.073876450912906,1265,-3.152429087679735,-3.9498829709291106
8438,306.585,12.457454482544133,2496.6842075996883,188.78392102700153,1965.6873297948969,2543.5802556963154,97.78653185250108,69.7652675824884,168.95317216001376,7.0740699768762765,1265,-3.15282980816616,-3.9498829709291106
8439,306.59499999999997,12.458089296641077,2496.4928565895684,188.7698032665507,1965.691555106326,2543.580134553473,97.7864843173599,69.76253019200428,168.8884292851848,7.074263495152756,1265,-3.153236598444092,-3.9498829709291106
8440,306.605,12.458723673942286,2496.301683727451,188.75569862015988,1965.6957807733593,2543.5800134116735,97.7864367821286,69.75979520811158,168.8236810555328,7.074457005747639,1265,-3.153649352530919,-3.9498829709291106
8441,306.615,12.459357609812873,2496.110690440252,188.74160719322666,1965.700006804591,2543.579892270948,97.78638924680718,69.75706265050904,168.75892733937206,7.074650508666294,1265,-3.1540679660149893,-3.9498829709291106
8442,306.625,12.459991099697671,2495.919878127752,188.72752908900074,1965.7042332084716,2543.579771131328,97.78634171139561,69.75433253852678,168.69416800726972,7.074844003914171,1265,-3.154492336032654,-3.9498829709291106
8443,306.635,12.460624139120085,2495.729248162999,188.71346440876638,1965.7084599933046,2543.5796499928447,97.7862941758939,69.75160489113189,168.62940293201217,7.0750374914967935,1265,-3.1549223612456334,-3.9498829709291106
8444,306.645,12.461256723680957,2495.538801892717,188.6994132519726,1965.712687167251,2543.579528855528,97.78624664030204,69.74887972693384,168.56463198857196,7.075230971419761,1265,-3.1553579418187185,-3.9498829709291106
8445,306.655,12.46188884905749,2495.3485406376913,188.68537571610526,1965.7169147383327,2543.579407719409,97.78619910462001,69.74615706418977,168.49985505407548,7.0754244436887435,1265,-3.155798979397802,-3.9498829709291106
8446,306.66499999999996,12.462520511002031,2495.1584656931723,188.6713518966656,1965.7211427144307,2543.5792865845146,97.7861515688478,69.74343692080981,168.4350720077708,7.075617908309484,1265,-3.1562453770882204,-3.9498829709291106
8447,306.67499999999995,12.463151705341083,2494.9685783292393,188.65734188746256,1965.7253711032922,2543.5791654508757,97.7861040329854,69.7407193143622,168.37028273099622,7.075811365287798,1265,-3.1566970394334235,-3.9498829709291106
8448,306.685,12.463782427974131,2494.7788797911944,188.643345780376,1965.7295999125279,2543.579044318522,97.78605649703285,69.73800426207842,168.30548710714905,7.0760048146295675,1265,-3.157153872393947,-3.9498829709291106
8449,306.695,12.464412674872683,2494.589371299931,188.62936366551645,1965.7338291496173,2543.5789231874764,97.78600896099007,69.73529178085828,168.24068502165508,7.076198256340744,1265,-3.1576157833266985,-3.9498829709291106
8450,306.705,12.46504244207918,2494.4000540523,188.6153956312299,1965.7380588219105,2543.5788020577716,97.7859614248571,69.73258188727472,168.17587636193835,7.076391690427345,1265,-3.15808268096454,-3.9498829709291106
8451,306.715,12.465671725705926,2494.2109292214686,188.6014417640563,1965.742288936628,2543.5786809294314,97.78591388863393,69.72987459757888,168.11106101739142,7.076585116895454,1265,-3.1585544753961776,-3.9498829709291106
8452,306.72499999999997,12.46630052193407,2494.0219979572857,188.58750214895585,1965.746519500862,2543.5785598024827,97.78586635232051,69.7271699277048,168.046238879346,7.0767785357512185,1265,-3.1590310780463344,-3.9498829709291106
8453,306.735,12.466928827012751,2493.833261386614,188.57357686900875,1965.7507505215838,2543.578438676953,97.78581881591685,69.72446789327414,167.9814098410441,7.076971947000851,1265,-3.1595124016562197,-3.9498829709291106
8454,306.745,12.467556637257914,2493.6447206137022,188.5596660057668,1965.7549820056402,2543.578317552866,97.78577127942297,69.72176850960093,167.91657379760971,7.077165350650623,1265,-3.1599983602642823,-3.9498829709291106
8455,306.755,12.468183949051385,2493.4563767205027,188.54576963909759,1965.7592139597548,2543.578196430247,97.78572374283881,69.71907179169618,167.85173064602048,7.07735874670687,1265,-3.160488869187247,-3.9498829709291106
8456,306.765,12.468810758840071,2493.268230767024,188.5318878472043,1965.7634463905365,2543.5780753091203,97.78567620616441,69.71637775427233,167.7868802850804,7.077552135175985,1265,-3.1609838450014225,-3.9498829709291106
8457,306.775,12.469437063134803,2493.0802837916463,188.5180207068245,1965.767679304473,2543.577954189512,97.78562866939973,69.71368641174779,167.7220226153923,7.077745516064422,1265,-3.161483205524287,-3.9498829709291106
8458,306.78499999999997,12.470062858509495,2492.892536811465,188.50416829296745,1965.7719127079383,2543.5778330714447,97.78558113254473,69.71099777825133,167.65715753933122,7.0779388893786885,1265,-3.1619868697963422,-3.9498829709291106
8459,306.79499999999996,12.470688141600263,2492.704990822599,188.49033067917287,1965.7761466071915,2543.577711954941,97.78553359559947,69.70831186762639,167.5922849610179,7.078132255125355,1265,-3.1624947580632305,-3.9498829709291106
8460,306.805,12.471312909104459,2492.5176468005056,188.47650793749216,1965.780381008382,2543.577590840025,97.78548605856389,69.70562869343543,167.52740478629272,7.0783256133110415,1265,-3.1630067917581157,-3.9498829709291106
8461,306.815,12.47193715777979,2492.3305057003085,188.4627001384307,1965.784615917545,2543.5774697267166,97.78543852143801,69.70294826896406,167.4625169226901,7.078518963942425,1265,-3.16352289348432,-3.9498829709291106
8462,306.825,12.472560884443467,2492.1435684570865,188.44890735095876,1965.788851340608,2543.5773486150415,97.78539098422179,69.70027060722526,167.39762127941316,7.078712307026238,1265,-3.164042986998213,-3.9498829709291106
8463,306.835,12.47318408597136,2491.9568359861873,188.4351296427426,1965.793087283393,2543.5772275050185,97.78534344691523,69.69759572096342,167.33271776730882,7.07890564256926,1265,-3.164566997192355,-3.9498829709291106
8464,306.84499999999997,12.473806759297009,2491.7703091835215,188.42136707986074,1965.797323751616,2543.5771063966713,97.78529590951834,69.69492362265841,167.26780629884325,7.079098970578328,1265,-3.165094850078881,-3.9498829709291106
8465,306.855,12.474428901410983,2491.5839889258627,188.40761972711124,1965.8015607508858,2543.57698529002,97.78524837203106,69.69225432452953,167.20288678807773,7.079292291060325,1265,-3.1656264727731322,-3.9498829709291106
8466,306.865,12.475050509359889,2491.397876071128,188.39388764777178,1965.8057982867138,2543.576864185082,97.78520083445342,69.68958783853945,167.13795915064472,7.079485604022187,1265,-3.166161793477524,-3.9498829709291106
8467,306.875,12.475671580245589,2491.2119714586684,188.38017090392046,1965.810036364505,2543.5767430818823,97.7851532967854,69.68692417639801,167.07302330372443,7.079678909470897,1265,-3.1667007414656494,-3.9498829709291106
8468,306.885,12.47629211122454,2491.026275909548,188.36646955607625,1965.8142749895685,2543.5766219804373,97.78510575902698,69.68426334956615,167.00807916602173,7.0798722074134846,1265,-3.1672432470666148,-3.9498829709291106
8469,306.895,12.476912099506729,2490.84079022683,188.35278366362735,1965.8185141671147,2543.5765008807684,97.78505822117816,69.68160536925946,166.94312665774325,7.080065497857028,1265,-3.1677892416496083,-3.9498829709291106
8470,306.905,12.477531542355132,2490.65551519583,188.33911328448573,1965.822753902257,2543.5763797828936,97.78501068323891,69.67895024645208,166.87816570057498,7.08025878080865,1265,-3.168338657608687,-3.9498829709291106
8471,306.91499999999996,12.478150437084814,2490.4704515844123,188.3254584754288,1965.8269942000147,2543.5762586868304,97.78496314520925,69.67629799188015,166.81319621766013,7.080452056275519,1265,-3.1688914283477905,-3.9498829709291106
8472,306.92499999999995,12.478768781062218,2490.2856001432297,188.3118192918417,1965.8312350653114,2543.576137592599,97.78491560708913,69.67364861604555,166.74821813357727,7.080645324264846,1265,-3.169447488265974,-3.9498829709291106
8473,306.935,12.479386571704405,2490.1009616059955,188.2981957879656,1965.8354765029808,2543.576016500217,97.78486806887857,69.67100212921933,166.68323137431884,7.080838584783888,1265,-3.1700067727428523,-3.9498829709291106
8474,306.945,12.480003806478315,2489.9165366897455,188.28458801670388,1965.8397185177648,2543.5758954097023,97.78482053057752,69.66835854144524,166.61823586727007,7.081031837839942,1265,-3.1705692181242626,-3.9498829709291106
8475,306.955,12.480620482899987,2489.732326095083,188.27099602983853,1965.8439611143137,2543.5757743210715,97.78477299218599,69.66571786254312,166.55323154118804,7.081225083440348,1265,-3.171134761708134,-3.9498829709291106
8476,306.965,12.481236598533988,2489.5483305064326,188.25741987789115,1965.848204297194,2543.5756532343416,97.78472545370398,69.66308010211232,166.48821832618106,7.081418321592485,1265,-3.171703341730558,-3.9498829709291106
8477,306.97499999999997,12.481852150992545,2489.3645505922877,188.24385961031317,1965.852448070882,2543.5755321495294,97.78467791513148,69.66044526953499,166.4231961536886,7.081611552303775,1265,-3.1722748973520742,-3.9498829709291106
8478,306.985,12.48246713793489,2489.1809870054476,188.2303152752258,1965.8566924397694,2543.575411066651,97.78463037646846,69.65781337397938,166.35816495646102,7.081804775581674,1265,-3.172849368644145,-3.9498829709291106
8479,306.995,12.483081557066633,2488.9976403832634,188.21678691980063,1965.860937408164,2543.5752899857225,97.78458283771488,69.65518442440306,166.29312466854032,7.081997991433682,1265,-3.1734266965758335,-3.9498829709291106
8480,307.005,12.483695406139097,2488.814511347864,188.20327458996505,1965.8651829802893,2543.5751689067597,97.7845352988708,69.65255842955617,166.22807522524036,7.082191199867333,1265,-3.174006823000675,-3.9498829709291106
8481,307.015,12.484308682948475,2488.631600506402,188.18977833055453,1965.8694291602885,2543.5750478297787,97.78448775993613,69.64993539798442,166.163016563128,7.0823844008901995,1265,-3.1745896906437396,-3.9498829709291106
8482,307.025,12.484921385335431,2488.44890845127,188.1762981853419,1965.8736759522249,2543.574926754794,97.78444022091091,69.64731533803234,166.09794862000422,7.082577594509887,1265,-3.1751752430888858,-3.9498829709291106
8483,307.03499999999997,12.485533511184236,2488.2664357603326,188.16283419707594,1965.8779233600792,2543.574805681819,97.78439268179511,69.64469825784622,166.03287133488558,7.082770780734041,1265,-3.1757634247661937,-3.9498829709291106
8484,307.04499999999996,12.486145058422228,2488.0841829971414,188.14938640733195,1965.8821713877585,2543.574684610871,97.7843451425887,69.64208416537713,165.96778464798592,7.082963959570336,1265,-3.1763541809395925,-3.9498829709291106
8485,307.055,12.486756025019195,2487.9021507111643,188.13595485670544,1965.8864200390888,2543.5745635419626,97.78429760329169,69.63947306838394,165.9026885006985,7.0831571310264865,1265,-3.176947457694659,-3.9498829709291106
8486,307.065,12.487366408986691,2487.720339437991,188.1225395848887,1965.8906693178228,2543.5744424751074,97.78425006390407,69.63686497443614,165.83758283557802,7.083350295110233,1265,-3.177543201926599,-3.9498829709291106
8487,307.075,12.487976208377507,2487.5387496995477,188.10914063029648,1965.894919227639,2543.5743214103195,97.7842025244258,69.6342598909168,165.77246759632342,7.083543451829357,1265,-3.178141361328404,-3.9498829709291106
8488,307.085,12.488585421284924,2487.3573820043107,188.09575803065167,1965.899169772139,2543.5742003476116,97.78415498485688,69.63165782502531,165.70734272776045,7.083736601191663,1265,-3.178741884379177,-3.9498829709291106
8489,307.09499999999997,12.489194045842357,2487.1762368475115,188.0823918224437,1965.903420954855,2543.574079286999,97.78410744519731,69.62905878378031,165.6422081758248,7.083929743204991,1265,-3.1793447203326344,-3.9498829709291106
8490,307.105,12.489802080222514,2486.9953147113297,188.06904204141594,1965.9076727792485,2543.573958228493,97.78405990544708,69.62646277402226,165.57706388754545,7.084122877877213,1265,-3.1799498192057722,-3.9498829709291106
8491,307.115,12.490409522636954,2486.81461606511,188.0557087221657,1965.9119252487078,2543.5738371721063,97.78401236560613,69.6238698024163,165.51190981102803,7.084316005216228,1265,-3.1805571317676993,-3.9498829709291106
8492,307.125,12.491016371335519,2486.6341413655423,188.04239189851484,1965.9161783665527,2543.5737161178517,97.7839648256745,69.62127987545477,165.4467458954387,7.084509125229964,1265,-3.181166609528632,-3.9498829709291106
8493,307.135,12.491622624605789,2486.4538910568704,188.0290916032783,1965.9204321360385,2543.5735950657404,97.78391728565214,69.61869299946004,165.3815720909882,7.084702237926377,1265,-3.18177820472905,-3.9498829709291106
8494,307.145,12.492228280772405,2486.2738655710746,188.0158078684133,1965.9246865603484,2543.5734740157836,97.78386974553906,69.61610918058689,165.3163883489159,7.0848953433134545,1265,-3.1823918703290133,-3.9498829709291106
8495,307.155,12.492833338196665,2486.0940653280627,188.00254072497765,1965.9289416426018,2543.5733529679956,97.78382220533524,69.6135284248252,165.2511946214746,7.085088441399207,1265,-3.183007559997631,-3.9498829709291106
8496,307.16499999999996,12.49343779527592,2485.9144907358527,187.9892902031451,1965.9331973858539,2543.573231922385,97.78377466504065,69.61095073800243,165.18599086191497,7.085281532191674,1265,-3.183625228102683,-3.9498829709291106
8497,307.17499999999995,12.494041650443037,2485.7351421907624,187.97605633217913,1965.9374537930933,2543.573110878964,97.7837271246553,69.60837612578605,165.12077702447056,7.08547461569892,1265,-3.184244829700403,-3.9498829709291106
8498,307.185,12.494644902165943,2485.5560200775863,187.96283914058327,1965.9417108672483,2543.5729898377454,97.78367958417917,69.60580459368606,165.05555306434286,7.085667691929035,1265,-3.184866320525398,-3.9498829709291106
8499,307.195,12.495247548947034,2485.377124769768,187.94963865594454,1965.9459686111825,2543.5728687987353,97.78363204361222,69.60323614705737,164.99031893768688,7.085860760890133,1265,-3.1854896569807196,-3.9498829709291106
8500,307.205,12.495849589322699,2485.1984566295887,187.93645490510343,1965.9502270276992,2543.572747761948,97.78358450295445,69.6006707911021,164.92507460159658,7.0860538225903555,1265,-3.186114796128086,-3.9498829709291106
8501,307.215,12.496451021862837,2485.0200160083205,187.92328791403165,1965.9544861195425,2543.5726267273917,97.78353696220586,69.59810853087204,164.85982001409064,7.086246877037863,1265,-3.1867416956782386,-3.9498829709291106
8502,307.22499999999997,12.497051845170335,2484.8418032464183,187.9101377079284,1965.9587458893948,2543.572505695078,97.78348942136644,69.59554937127085,164.79455513409857,7.0864399242408425,1265,-3.1873703139814427,-3.9498829709291106
8503,307.235,12.497652057880584,2484.6638186736686,187.89700431118303,1965.9630063398804,2543.5723846650153,97.78344188043616,69.59299331705637,164.7292799214469,7.086632964207502,1265,-3.1880006100181286,-3.9498829709291106
8504,307.245,12.498251658661083,2484.4860626093596,187.88388774742282,1965.9672674735684,2543.5722636372125,97.783394339415,69.59044037284288,164.6639943368454,7.086825996946073,1265,-3.1886325433896663,-3.9498829709291106
8505,307.255,12.498850646210832,2484.308535362459,187.87078803947398,1965.9715292929698,2543.5721426116816,97.78334679830294,69.58789054310323,164.59869834187404,7.0870190224648075,1265,-3.1892660743092764,-3.9498829709291106
8506,307.265,12.499449019259917,2484.1312372317434,187.85770520955506,1965.9757918005378,2543.572021588428,97.7832992571,69.58534383217109,164.5333918989695,7.087212040771977,1265,-3.1899011635930745,-3.9498829709291106
8507,307.275,12.500046776569114,2483.9541685059876,187.84463927897755,1965.9800549986717,2543.571900567464,97.78325171580613,69.58280024424305,164.4680749714123,7.087405051875876,1265,-3.1905377726512425,-3.9498829709291106
8508,307.28499999999997,12.500643916929423,2483.777329464103,187.83159026837797,1965.9843188897194,2543.5717795487963,97.78320417442133,69.5802597833807,164.402747523314,7.087598055784818,1265,-3.1911758634793363,-3.9498829709291106
8509,307.29499999999996,12.501240439161526,2483.6007203752874,187.8185581976968,1965.9885834759702,2543.571658532434,97.7831566329456,69.57772245351278,164.33740951960448,7.0877910525071375,1265,-3.1918153986497124,-3.9498829709291106
8510,307.305,12.501836342115414,2483.4243414991947,187.8055430862405,1965.9928487596646,2543.5715375183845,97.78310909137889,69.57518825843712,164.27206092601966,7.0879840420511835,1265,-3.1924563413030804,-3.9498829709291106
8511,307.315,12.502431624670049,2483.2481930860595,187.7925449524667,1965.997114742991,2543.571416506657,97.78306154972121,69.57265720182278,164.20670170908915,7.0881770244253275,1265,-3.19309865514019,-3.9498829709291106
8512,307.325,12.503026285732723,2483.072275376863,187.7795638142021,1966.001381428086,2543.5712954972605,97.78301400797254,69.57012928721193,164.14133183612412,7.088369999637959,1265,-3.193742304413621,-3.9498829709291106
8513,307.335,12.503620324238849,2482.8965886034716,187.76659968871238,1966.0056488170346,2543.571174490201,97.78296646613288,69.56760451802187,164.0759512752056,7.088562967697483,1265,-3.194387253919709,-3.9498829709291106
8514,307.34499999999997,12.504213739151428,2482.7211329887677,187.75365259246166,1966.0099169118744,2543.571053485485,97.78291892420216,69.56508289754692,164.0105599951726,7.088755928612322,1265,-3.195033468990582,-3.9498829709291106
8515,307.355,12.504806529460692,2482.54590874681,187.74072254136908,1966.014185714594,2543.5709324831228,97.78287138218045,69.56256442896033,163.94515796561055,7.088948882390917,1265,-3.195680915486312,-3.9498829709291106
8516,307.365,12.505398694183645,2482.370916082955,187.72780955060935,1966.0184552271348,2543.5708114831195,97.78282384006766,69.56004911531619,163.87974515684007,7.089141829041723,1265,-3.196329559787184,-3.9498829709291106
8517,307.375,12.505990232363738,2482.1961551940017,187.71491363478583,1966.0227254513866,2543.5706904854824,97.78277629786382,69.55753695955124,163.81432153990562,7.089334768573211,1265,-3.196979368786082,-3.9498829709291106
8518,307.385,12.506581143070441,2482.0216262683225,187.7020348078895,1966.0269963891994,2543.570569490219,97.78272875556891,69.55502796448664,163.7488870865645,7.0895277009938695,1265,-3.19763030988097,-3.9498829709291106
8519,307.395,12.507171425398816,2481.847329485997,187.68917308326692,1966.031268042371,2543.5704484973353,97.78268121318288,69.55252213282986,163.68344176927604,7.089720626312199,1265,-3.1982823509675082,-3.9498829709291106
8520,307.405,12.507761078469304,2481.673265018939,187.67632847369907,1966.03554041266,2543.570327506838,97.78263367070575,69.55001946717641,163.61798556119078,7.089913544536717,1265,-3.198935460431751,-3.9498829709291106
8521,307.41499999999996,12.508350101427068,2481.499433031028,187.6635009913303,1966.0398135017754,2543.5702065187347,97.78258612813748,69.5475199700115,163.55251843613988,7.090106455675952,1265,-3.199589607142971,-3.9498829709291106
8522,307.42499999999995,12.508938493441919,2481.3258336782346,187.65069064775932,1966.0440873113841,2543.5700855330283,97.78253858547808,69.54502364371191,163.48704036862486,7.090299359738448,1265,-3.2002447604465756,-3.9498829709291106
8523,307.435,12.509526253707795,2481.152467108744,187.63789745397253,1966.0483618431133,2543.5699645497275,97.78249104272753,69.54253049054749,163.42155133380723,7.090492256732763,1265,-3.200900890157136,-3.9498829709291106
8524,307.445,12.510113381442364,2480.979333463075,187.62512142047038,1966.052637098543,2543.5698435688387,97.78244349988579,69.54004051268296,163.35605130749838,7.090685146667468,1265,-3.2015579665515075,-3.9498829709291106
8525,307.455,12.510699875886786,2480.8064328742116,187.61236255706302,1966.0569130792135,2543.569722590364,97.78239595695287,69.53755371217954,163.2905402661496,7.090878029551143,1265,-3.2022159603620626,-3.9498829709291106
8526,307.465,12.51128573630535,2480.633765467714,187.59962087313406,1966.0611897866233,2543.5696016143124,97.78234841392876,69.53507009099648,163.22501818684248,7.0910709053923835,1265,-3.2028748427700138,-3.9498829709291106
8527,307.47499999999997,12.51187096198503,2480.4613313618324,187.58689637746087,1966.0654672222338,2543.5694806406896,97.78230087081342,69.53258965099273,163.15948504727893,7.091263774199796,1265,-3.2035345853988346,-3.9498829709291106
8528,307.485,12.512455552235261,2480.2891306676306,187.57418907833076,1966.0697453874598,2543.5693596694978,97.78225332760682,69.53011239392849,163.09394082577197,7.091456635981998,1265,-3.2041951603077816,-3.9498829709291106
8529,307.495,12.513039506387544,2480.1171634890948,187.5614989834882,1966.0740242836841,2543.569238700744,97.78220578430901,69.52763832146672,163.02838550123596,7.091649490747616,1265,-3.2048565399855087,-3.9498829709291106
8530,307.505,12.513622823795126,2479.9454299232507,187.54882610021806,1966.078303912245,2543.569117734432,97.7821582409199,69.5251674351747,162.9628190531778,7.091842338505292,1265,-3.2055186973437695,-3.9498829709291106
8531,307.515,12.5142055038327,2479.773930060266,187.5361704352039,1966.082584274447,2543.568996770569,97.78211069743953,69.52269973652551,162.8972414616875,7.092035179263672,1265,-3.2061816057112216,-3.9498829709291106
8532,307.525,12.514787545896075,2479.602663983568,187.52353199467066,1966.0868653715559,2543.568875809157,97.78206315386785,69.52023522689956,162.83165270742936,7.092228013031418,1265,-3.2068452388273108,-3.9498829709291106
8533,307.53499999999997,12.515368949401799,2479.431631769941,187.51091078435653,1966.0911472047978,2543.568754850202,97.78201561020488,69.51777390758592,162.766052771633,7.092420839817197,1265,-3.2075095708362547,-3.9498829709291106
8534,307.54499999999996,12.515949713787018,2479.260833489647,187.4983068095374,1966.0954297753656,2543.568633893708,97.78196806645056,69.51531577978392,162.7004416360848,7.092613659629686,1265,-3.208174576281104,-3.9498829709291106
8535,307.555,12.516529838508951,2479.090269206511,187.4857200750239,1966.0997130844164,2543.568512939679,97.7819205226049,69.51286084460443,162.63481928311916,7.092806472477573,1265,-3.208840230097898,-3.9498829709291106
8536,307.565,12.517109323044787,2478.919938978037,187.47315058510475,1966.1039971330717,2543.5683919881203,97.78187297866789,69.51040910307128,162.56918569561014,7.092999278369552,1265,-3.209506507609905,-3.9498829709291106
8537,307.575,12.51768816689122,2478.749842855504,187.46059834364345,1966.1082819224164,2543.5682710390333,97.7818254346395,69.50796055612274,162.50354085696318,7.0931920773143275,1265,-3.21017338452194,-3.9498829709291106
8538,307.585,12.518266369564255,2478.579980884069,187.44806335406523,1966.1125674535033,2543.5681500924247,97.78177789051972,69.50551520461268,162.4378847511067,7.0933848693206105,1265,-3.2108408369147723,-3.9498829709291106
8539,307.59499999999997,12.518843930598967,2478.4103531028577,187.4355456193243,1966.1168537273518,2543.5680291482977,97.78173034630852,69.50307304931209,162.37221736248418,7.093577654397119,1265,-3.2115088412396147,-3.9498829709291106
8540,307.605,12.519420849549086,2478.2409595450736,187.4230451419463,1966.1211407449462,2543.5679082066545,97.7816828020059,69.50063409091028,162.30653867604613,7.0937704325525806,1265,-3.212177374312687,-3.9498829709291106
8541,307.615,12.519997125986821,2478.07180023808,187.41056192402485,1966.1254285072414,2543.5677872674983,97.78163525761184,69.49819833001621,162.2408486772422,7.0939632037957265,1265,-3.212846413309865,-3.9498829709291106
8542,307.625,12.520572759502482,2477.9028752034974,187.39809596723657,1966.129717015156,2543.5676663308354,97.78158771312634,69.49576576715974,162.17514735201354,7.094155968135299,1265,-3.213515935761406,-3.9498829709291106
8543,307.635,12.521147749704335,2477.734184457302,187.3856472728639,1966.1340062695817,2543.5675453966664,97.78154016854936,69.4933364027929,162.10943468678505,7.094348725580041,1265,-3.214185919546747,-3.9498829709291106
8544,307.645,12.52172209621826,2477.565728009916,187.37321584171386,1966.138296271374,2543.5674244649954,97.7814926238809,69.49091023729119,162.04371066845795,7.094541476138707,1265,-3.214856342889388,-3.9498829709291106
8545,307.655,12.522295798687475,2477.397505866286,187.3608016742182,1966.142587021363,2543.5673035358254,97.78144507912091,69.48848727095468,161.97797528440236,7.094734219820053,1265,-3.21552718435184,-3.9498829709291106
8546,307.66499999999996,12.522868856772352,2477.2295180259816,187.34840477048746,1966.1468785203463,2543.567182609158,97.78139753426943,69.48606750400928,161.91222852245002,7.094926956632844,1265,-3.2161984228306535,-3.9498829709291106
8547,307.67499999999995,12.523441270150009,2477.0617644832823,187.33602513013045,1966.151170769089,2543.5670616849984,97.7813499893264,69.48365093660797,161.84647037088706,7.095119686585848,1265,-3.216870037551516,-3.9498829709291106
8548,307.685,12.52401303851428,2476.894245227268,187.3236627524138,1966.1554637683332,2543.5669407633477,97.78130244429182,69.48123756883183,161.78070081844697,7.095312409687839,1265,-3.2175420080644237,-3.9498829709291106
8549,307.695,12.524584161575202,2476.7269602418796,187.3113176362706,1966.1597575187864,2543.566819844209,97.78125489916569,69.4788274006913,161.71491985430362,7.095505125947595,1265,-3.218214314238921,-3.9498829709291106
8550,307.705,12.525154639059028,2476.5599095060325,187.29898978017332,1966.164052021132,2543.5666989275837,97.78120735394798,69.47642043212731,161.64912746806434,7.095697835373899,1265,-3.2188869362594117,-3.9498829709291106
8551,307.715,12.525724470707795,2476.3930929936814,187.28667918231923,1966.1683472760226,2543.5665780134764,97.78115980863866,69.47401666301232,161.58332364976323,7.095890537975539,1265,-3.2195598546205364,-3.9498829709291106
8552,307.72499999999997,12.526293656279206,2476.2265106739055,187.27438584049014,1966.1726432840856,2543.566457101888,97.78111226323773,69.47161609315151,161.51750838985436,7.096083233761303,1265,-3.220233050122623,-3.9498829709291106
8553,307.735,12.526862195546292,2476.0601625109903,187.2621097521521,1966.1769400459193,2543.56633619282,97.78106471774515,69.46921872228377,161.45168167920536,7.096275922739987,1265,-3.2209065038671927,-3.9498829709291106
8554,307.745,12.52743008829724,2475.8940484644972,187.24985091431662,1966.1812375620968,2543.566215286276,97.78101717216094,69.46682455008288,161.38584350909088,7.096468604920391,1265,-3.221580197252544,-3.9498829709291106
8555,307.755,12.527997334335202,2475.7281684893505,187.23760932386622,1966.185535833166,2543.5660943822572,97.78096962648507,69.4644335761584,161.31999387118609,7.096661280311313,1265,-3.222254111969393,-3.9498829709291106
8556,307.765,12.528563933477994,2475.562522535912,187.22538497710184,1966.1898348596458,2543.565973480765,97.78092208071753,69.46204580005691,161.25413275756054,7.096853948921558,1265,-3.2229282299965774,-3.9498829709291106
8557,307.775,12.529129885557886,2475.3971105500514,187.21317787016162,1966.1941346420347,2543.565852581803,97.78087453485827,69.45966122126285,161.188260160672,7.097046610759933,1265,-3.2236025335968335,-3.9498829709291106
8558,307.78499999999997,12.529695190421434,2475.231932473226,187.20098799879207,1966.1984351807998,2543.5657316853703,97.78082698890731,69.45727983919961,161.1223760733602,7.097239265835246,1265,-3.224277005312615,-3.9498829709291106
8559,307.79499999999996,12.530259847929175,2475.066988242546,187.1888153584546,1966.2027364763906,2543.5656107914706,97.78077944286461,69.45490165323054,161.05648048884086,7.097431914156312,1265,-3.2249516279619974,-3.9498829709291106
8560,307.805,12.530823857955578,2474.9022777908535,187.1766599442184,1966.2070385292275,2543.565489900104,97.78073189673017,69.45252666265984,160.99057340069987,7.097624555731939,1265,-3.225626384634619,-3.9498829709291106
8561,307.815,12.531387220388623,2474.737801046789,187.16452175097848,1966.2113413397092,2543.565369011272,97.78068435050399,69.4501548667336,160.9246548028874,7.097817190570947,1265,-3.2263012586876982,-3.9498829709291106
8562,307.825,12.531949935129743,2474.5735579348625,187.1524007731268,1966.2156449082097,2543.565248124978,97.78063680418602,69.44778626464073,160.85872468971212,7.098009818682149,1265,-3.226976233742101,-3.9498829709291106
8563,307.835,12.532512002093593,2474.4095483755195,187.140297004965,1966.2199492350812,2543.565127241221,97.78058925777626,69.44542085551387,160.79278305583554,7.098202440074366,1265,-3.2276512936784645,-3.9498829709291106
8564,307.84499999999997,12.533073421207781,2474.245772285219,187.1282104403643,1966.2242543206537,2543.5650063600024,97.7805417112747,69.44305863843034,160.7268298962664,7.098395054756415,1265,-3.2283264226333825,-3.9498829709291106
8565,307.855,12.53363419241274,2474.0822295764797,187.11614107301082,1966.2285601652334,2543.5648854813253,97.7804941646813,69.44069961241303,160.6608652063553,7.098587662737119,1265,-3.2290016049956467,-3.9498829709291106
8566,307.865,12.53419431566157,2473.9189201579675,187.10408889617878,1966.2328667691054,2543.5647646051884,97.78044661799606,69.43834377643128,160.59488898178913,7.098780264025296,1265,-3.2296768254025316,-3.9498829709291106
8567,307.875,12.534753790919742,2473.7558439345444,187.09205390291137,1966.2371741325314,2543.564643731593,97.78039907121898,69.4359911294018,160.52890121858582,7.098972858629769,1265,-3.230352068736153,-3.9498829709291106
8568,307.885,12.535312618164937,2473.593000807345,187.08003608605898,1966.2414822557553,2543.5645228605413,97.78035152435002,69.43364167018946,160.46290191308898,7.099165446559359,1265,-3.231027320119861,-3.9498829709291106
8569,307.895,12.53587079738694,2473.4303906738223,187.06803543806473,1966.245791138998,2543.564401992032,97.78030397738917,69.43129539760824,160.39689106196292,7.0993580278228885,1265,-3.2317025649146953,-3.9498829709291106
8570,307.905,12.536428328587336,2473.268013427827,187.056051951228,1966.2501007824599,2543.5642811260677,97.78025643033641,69.42895231042199,160.3308686621873,7.099550602429178,1265,-3.232377788715893,-3.9498829709291106
8571,307.91499999999996,12.536985211779431,2473.10586895966,187.04408561750722,1966.2544111863203,2543.5641602626483,97.78020888319173,69.42661240734536,160.26483471105234,7.09974317038705,1265,-3.2330529773494416,-3.9498829709291106
8572,307.92499999999995,12.537541446988005,2472.9439571561297,187.03213642863534,1966.258722350741,2543.564039401774,97.78016133595511,69.42427568704446,160.1987892061536,7.099935731705327,1265,-3.233728116868688,-3.9498829709291106
8573,307.935,12.538097034249201,2472.7822779006174,187.0202043760452,1966.263034275862,2543.5639185434447,97.78011378862655,69.42194214813782,160.13273214538734,7.1001282863928274,1265,-3.234403193550993,-3.9498829709291106
8574,307.945,12.538651973610227,2472.6208310731304,187.00828945105022,1966.267346961804,2543.563797687663,97.78006624120601,69.41961178919706,160.06666352694552,7.100320834458372,1265,-3.235078193894436,-3.9498829709291106
8575,307.955,12.53920626512939,2472.459616550364,186.99639164454112,1966.271660408669,2543.5636768344266,97.78001869369348,69.41728460874782,160.00058334931126,7.100513375910779,1265,-3.2357531046145716,-3.9498829709291106
8576,307.965,12.539759908875707,2472.2986342057534,186.98451094729438,1966.2759746165432,2543.563555983738,97.77997114608895,69.41496060527034,159.93449161125395,7.100705910758866,1265,-3.2364279126412234,-3.9498829709291106
8577,307.97499999999997,12.54031290492888,2472.1378839095314,186.97264734982002,1966.2802895854895,2543.563435135597,97.77992359839239,69.41263977720037,159.86838831182484,7.100898439011449,1265,-3.2371026051153367,-3.9498829709291106
8578,307.985,12.540865253379096,2471.9773655287813,186.96080084236692,1966.2846053155554,2543.563314290002,97.7798760506038,69.41032212292986,159.80227345035235,7.101090960677345,1265,-3.2377771693858706,-3.9498829709291106
8579,307.995,12.541416954326845,2471.817078927497,186.94897141498438,1966.2889218067726,2543.563193446954,97.77982850272318,69.40800764080765,159.73614702643775,7.101283475765364,1265,-3.2384515930067335,-3.9498829709291106
8580,308.005,12.541968007882812,2471.6570239666326,186.93715905750707,1966.2932390591498,2543.5630726064533,97.77978095475048,69.40569632914034,159.67000903995068,7.101475984284318,1265,-3.2391258637337703,-3.9498829709291106
8581,308.015,12.542518414167624,2471.497200504145,186.9253637594987,1966.2975570726833,2543.5629517684997,97.7797334066857,69.40338818619283,159.60385949102476,7.101668486243018,1265,-3.2397999695217865,-3.9498829709291106
8582,308.025,12.543068173311806,2471.3376083950643,186.91358551036876,1966.3018758473504,2543.5628309330923,97.7796858585288,69.4010832101891,159.53769838005348,7.10186098165027,1265,-3.2404738985216213,-3.9498829709291106
8583,308.03499999999997,12.543617285455554,2471.1782474915326,186.90182429927296,1966.306195383112,2543.562710100233,97.77963831027978,69.39878139931292,159.47152570768586,7.102053470514879,1265,-3.241147639077258,-3.9498829709291106
8584,308.04499999999996,12.544165750748641,2471.0191176428475,186.89008011515196,1966.3105156799138,2543.5625892699186,97.77959076193865,69.39648275170856,159.40534147482228,7.102245952845648,1265,-3.2418211797229834,-3.9498829709291106
8585,308.055,12.544713569350195,2470.8602186955336,186.87835294679402,1966.3148367376825,2543.5624684421523,97.77954321350536,69.39418726548136,159.33914568261056,7.102438428651376,1265,-3.2424945091805806,-3.9498829709291106
8586,308.065,12.545260741428606,2470.701550493369,186.86664278270683,1966.3191585563316,2543.5623476169303,97.7794956649799,69.39189493869848,159.2729383324418,7.102630897940861,1265,-3.243167616356571,-3.9498829709291106
8587,308.075,12.545807267161393,2470.5431128774444,186.85494961128572,1966.323481135758,2543.5622267942545,97.77944811636227,69.38960576938955,159.2067194259465,7.102823360722897,1265,-3.243840490339489,-3.9498829709291106
8588,308.085,12.546353146735045,2470.3849056862064,186.84327342064267,1966.3278044758422,2543.5621059741225,97.77940056765246,69.38731975554724,159.14048896499042,7.103015817006274,1265,-3.244513120397203,-3.9498829709291106
8589,308.09499999999997,12.546898380344842,2470.2269287555127,186.83161419875938,1966.332128576453,2543.5619851565366,97.7793530188504,69.38503689512795,159.07424695167117,7.103208266799782,1265,-3.2451854959742716,-3.9498829709291106
8590,308.105,12.547442968194765,2470.0691819186573,186.81997193340854,1966.33645343744,2543.5618643414923,97.77930546995613,69.3827571860525,159.00799338831402,7.103400710112203,1265,-3.2458576066893383,-3.9498829709291106
8591,308.115,12.547986910497396,2469.91166500644,186.80834661219384,1966.340779058641,2543.5617435289914,97.77925792096961,69.38048062620659,158.94172827746837,7.1035931469523215,1265,-3.246529442332567,-3.9498829709291106
8592,308.125,12.548530207473634,2469.7543778471922,186.79673822256,1966.345105439878,2543.561622719034,97.77921037189083,69.37820721344153,158.875451621904,7.103785577328913,1265,-3.2472009928631107,-3.9498829709291106
8593,308.135,12.54907285935278,2469.597320266836,186.78514675163257,1966.3494325809593,2543.5615019116162,97.77916282271975,69.37593694557481,158.80916342460745,7.103978001250752,1265,-3.2478722484066225,-3.9498829709291106
8594,308.145,12.549614866372211,2469.440492088911,186.77357218656954,1966.3537604816806,2543.5613811067396,97.7791152734564,69.37366982039063,158.7428636887785,7.104170418726609,1265,-3.2485431992527998,-3.9498829709291106
8595,308.155,12.550156228777333,2469.283893134628,186.76201451420937,1966.3580891418221,2543.561260304403,97.77906772410073,69.37140583564059,158.67655241782657,7.1043628297652495,1265,-3.249213835852963,-3.9498829709291106
8596,308.16499999999996,12.55069694682155,2469.1275232229113,186.7504737212526,1966.3624185611498,2543.5611395046058,97.77902017465273,69.36914498904414,158.61022961536733,7.104555234375437,1265,-3.249884148817672,-3.9498829709291106
8597,308.17499999999995,12.55123702076592,2468.9713821704318,186.73894979428408,1966.366748739419,2543.5610187073453,97.77897262511239,69.36688727828923,158.5438952852193,7.1047476325659265,1265,-3.250554128914379,-3.9498829709291106
8598,308.185,12.551776450879236,2468.815469791652,186.7274427196494,1966.3710796763726,2543.5608979126227,97.77892507547968,69.36463270103283,158.4775494314003,7.104940024345474,1265,-3.251223767065108,-3.9498829709291106
8599,308.195,12.552315237437794,2468.659785898874,186.71595248360939,1966.3754113717348,2543.560777120435,97.77887752575461,69.36238125490146,158.41119205812439,7.105132409722828,1265,-3.2518930543441793,-3.9498829709291106
8600,308.205,12.552853380725304,2468.5043303022626,186.70447907222967,1966.3797438252245,2543.5606563307824,97.77882997593714,69.3601329374918,158.34482316979847,7.105324788706733,1265,-3.2525619819759584,-3.9498829709291106
8601,308.215,12.55339088103283,2468.349102809894,186.6930224713818,1966.384077036544,2543.5605355436637,97.77878242602725,69.3578877463711,158.27844277101912,7.105517161305928,1265,-3.2532305413326417,-3.9498829709291106
8602,308.22499999999997,12.553927738658524,2468.194103227792,186.68158266687686,1966.3884110053846,2543.5604147590766,97.77873487602496,69.35564567907784,158.2120508665693,7.1057095275291475,1265,-3.253898723932072,-3.9498829709291106
8603,308.235,12.554463953907675,2468.0393313599716,186.67015964432258,1966.3927457314253,2543.5602939770206,97.77868732593022,69.3534067331221,158.14564746141542,7.105901887385123,1265,-3.2545665214355903,-3.9498829709291106
8604,308.245,12.554999527092482,2467.884787008467,186.65875338913787,1966.3970812143332,2543.5601731974944,97.77863977574303,69.35117090598622,158.0792325607041,7.106094240882579,1265,-3.255233925645915,-3.9498829709291106
8605,308.255,12.555534458532044,2467.7304699733722,186.64736388667777,1966.4014174537642,2543.560052420496,97.77859222546336,69.34893819512516,158.01280616975924,7.106286588030236,1265,-3.255900928505051,-3.9498829709291106
8606,308.265,12.556068748552162,2467.576380052875,186.63599112215525,1966.4057544493635,2543.5599316460252,97.77854467509121,69.34670859796708,157.94636829407906,7.106478928836807,1265,-3.2565675220922365,-3.9498829709291106
8607,308.275,12.556602397485252,2467.4225170432924,186.62463508057536,1966.4100922007633,2543.5598108740805,97.77849712462654,69.34448211191382,157.87991893933298,7.106671263311003,1265,-3.25723369862191,-3.9498829709291106
8608,308.28499999999997,12.557135405670268,2467.268880739115,186.6132957468792,1966.4144307075867,2543.559690104659,97.77844957406936,69.34225873434129,157.81345811135895,7.106863591461527,1265,-3.257899450441714,-3.9498829709291106
8609,308.29499999999996,12.557667773452597,2467.1154709330285,186.60197310580008,1966.4187699694444,2543.559569337761,97.77840202341963,69.34003846260008,157.74698581616047,7.107055913297077,1265,-3.2585647700305262,-3.9498829709291106
8610,308.305,12.558199501183907,2466.962287415947,186.59066714198727,1966.4231099859376,2543.5594485733823,97.77835447267735,69.3378212940158,157.68050205990374,7.107248228826347,1265,-3.259229649996519,-3.9498829709291106
8611,308.315,12.558730589222133,2466.809329977061,186.57937784001,1966.4274507566565,2543.559327811525,97.7783069218425,69.33560722588958,157.61400684891507,7.107440538058023,1265,-3.2598940830752463,-3.9498829709291106
8612,308.325,12.55926103793123,2466.6565984038584,186.56810518423072,1966.4317922811824,2543.5592070521834,97.77825937091508,69.33339625549857,157.54750018967792,7.107632841000786,1265,-3.2605580621277594,-3.9498829709291106
8613,308.335,12.559790847681276,2466.5040924821574,186.55684915892087,1966.4361345590835,2543.5590862953595,97.77821181989505,69.3311883800963,157.48098208883042,7.107825137663311,1265,-3.26122158013875,-3.9498829709291106
8614,308.34499999999997,12.560320018848158,2466.35181199614,186.54560974822326,1966.4404775899206,2543.5589655410495,97.77816426878239,69.32898359691316,157.41445255316253,7.108017428054268,1265,-3.2618846302147224,-3.9498829709291106
8615,308.355,12.56084855181369,2466.1997567283884,186.53438693615644,1966.4448213732446,2543.5588447892524,97.7781167175771,69.32678190315683,157.3479115896136,7.108209712182319,1265,-3.262547205582189,-3.9498829709291106
8616,308.365,12.561376446965312,2466.0479264599094,186.52318070665862,1966.4491659085961,2543.558724039966,97.77806916627918,69.3245832960127,157.2813592052697,7.108401990056121,1265,-3.2632092995858937,-3.9498829709291106
8617,308.375,12.561903704696178,2465.8963209701624,186.51199104351545,1966.4535111955063,2543.5586032931883,97.77802161488857,69.32238777264426,157.21479540736115,7.108594261684327,1265,-3.2638709056870625,-3.9498829709291106
8618,308.385,12.56243032540492,2465.7449400371024,186.5008179304349,1966.4578572334958,2543.558482548919,97.77797406340531,69.32019533019357,157.14822020325994,7.108786527075577,1265,-3.2645320174616757,-3.9498829709291106
8619,308.395,12.562956309495684,2465.593783437194,186.4896613509653,1966.4622040220809,2543.558361807154,97.77792651182932,69.31800596578161,157.08163360047737,7.108978786238512,1265,-3.265192628598771,-3.9498829709291106
8620,308.405,12.56348165737786,2465.4428509454488,186.47852128861652,1966.4665515607621,2543.5582410678944,97.77787896016062,69.3158196765087,157.01503560666157,7.109171039181762,1265,-3.2658527328987685,-3.9498829709291106
8621,308.41499999999996,12.564006369466275,2465.29214233546,186.46739772669486,1966.4708998490366,2543.5581203311353,97.7778314083992,69.31363645945488,156.94842622959513,7.10936328591395,1265,-3.266512324271818,-3.9498829709291106
8622,308.42499999999995,12.564530446180841,2465.1416573794113,186.45629064849228,1966.475248886392,2543.5579995968756,97.77778385654501,69.31145631168033,156.88180547719276,7.109555526443697,1265,-3.267171396736173,-3.9498829709291106
8623,308.435,12.565053887946592,2464.9913958481293,186.44520003720734,1966.4795986723045,2543.557878865113,97.7777363045981,69.30927923022571,156.81517335749896,7.109747760779612,1265,-3.267829944416589,-3.9498829709291106
8624,308.445,12.565576695193542,2464.841357511085,186.4341258758464,1966.4839492062447,2543.557758135847,97.77768875255838,69.30710521211259,156.74852987868576,7.109939988930298,1265,-3.268487961542745,-3.9498829709291106
8625,308.455,12.566098868356718,2464.691542136449,186.42306814739052,1966.4883004876742,2543.557637409074,97.77764120042588,69.30493425434372,156.6818750490504,7.110132210904355,1265,-3.269145442447683,-3.9498829709291106
8626,308.465,12.566620407875925,2464.5419494910934,186.4120268347318,1966.4926525160467,2543.5575166847934,97.77759364820056,69.30276635390354,156.61520887701334,7.110324426710372,1265,-3.269802381566281,-3.9498829709291106
8627,308.47499999999997,12.567141314195771,2464.392579340634,186.4010019206199,1966.4970052908084,2543.5573959630005,97.77754609588243,69.30060150775837,156.54853137111576,7.110516636356933,1265,-3.270458773433736,-3.9498829709291106
8628,308.485,12.567661587765533,2464.2434314494412,186.38999338774397,1966.5013588113961,2543.5572752436956,97.77749854347145,69.29843971285695,156.48184254001765,7.110708839852613,1265,-3.2711146126840775,-3.9498829709291106
8629,308.495,12.568181229039192,2464.0945055806833,186.37900121871508,1966.5057130772425,2543.5571545268754,97.77745099096761,69.29628096613058,156.4151423924956,7.1109010372059815,1265,-3.271769894048701,-3.9498829709291106
8630,308.505,12.568700238475147,2463.9458014963398,186.36802539603391,1966.510068087768,2543.557033812537,97.7774034383709,69.29412526449367,156.34843093744075,7.1110932284256,1265,-3.2724246123549214,-3.9498829709291106
8631,308.515,12.569218616536293,2463.7973189572263,186.35706590212519,1966.5144238423884,2543.5569131006805,97.7773558856813,69.29197260484392,156.28170818385672,7.111285413520022,1265,-3.2730787625245474,-3.9498829709291106
8632,308.525,12.569736363689948,2463.649057723023,186.34612271929834,1966.5187803405136,2543.556792391301,97.7773083328988,69.28982298406274,156.2149741408576,7.111477592497795,1265,-3.2737323395724776,-3.9498829709291106
8633,308.53499999999997,12.570253480407724,2463.501017552296,186.33519582984718,1966.523137581544,2543.556671684399,97.77726078002337,69.28767639901555,156.14822881766597,7.1116697653674565,1265,-3.274385338605319,-3.9498829709291106
8634,308.54499999999996,12.570769967165432,2463.353198202523,186.32428521591066,1966.527495564874,2543.5565509799712,97.777213227055,69.28553284655209,156.0814722236109,7.111861932137541,1265,-3.2750377548200227,-3.9498829709291106
8635,308.555,12.57128582444314,2463.205599430114,186.31339085964015,1966.53185428989,2543.5564302780126,97.7771656739937,69.28339232350676,156.01470436812602,7.112054092816569,1265,-3.275689583502539,-3.9498829709291106
8636,308.565,12.571801052724885,2463.0582209904333,186.3025127429707,1966.5362137559748,2543.5563095785233,97.7771181208394,69.28125482669894,155.9479252607477,7.11224624741306,1265,-3.276340820026497,-3.9498829709291106
8637,308.575,12.572315652498837,2462.9110626378274,186.29165084789693,1966.5405739625005,2543.556188881501,97.77707056759213,69.27912035293326,155.8811349111131,7.112438395935521,1265,-3.276991459851897,-3.9498829709291106
8638,308.585,12.572829624257096,2462.764124125642,186.28080515629182,1966.5449349088365,2543.5560681869433,97.77702301425187,69.27698889899995,155.81433332895824,7.112630538392453,1265,-3.2776414985238285,-3.9498829709291106
8639,308.59499999999997,12.573342968495645,2462.6174052062406,186.26997564998553,1966.549296594343,2543.555947494846,97.77697546081858,69.2748604616751,155.74752052411642,7.1128226747923495,1265,-3.2782909316712,-3.9498829709291106
8640,308.605,12.573855685714252,2462.4709056310403,186.25916231058454,1966.5536590183751,2543.5558268052087,97.77692790729226,69.27273503772099,155.6806965065162,7.113014805143695,1265,-3.2789397550054944,-3.9498829709291106
8641,308.615,12.574367776416539,2462.324625150517,186.24836511986717,1966.5580221802838,2543.5557061180284,97.77688035367291,69.27061262388634,155.6138612861797,7.113206929454968,1265,-3.2795879643195365,-3.9498829709291106
8642,308.625,12.574879241109702,2462.1785635142314,186.23758405936908,1966.5623860794094,2543.555585433301,97.77683279996047,69.26849321690666,155.54701487322097,7.113399047734635,1265,-3.2802355554862848,-3.9498829709291106
8643,308.635,12.575390080304652,2462.0327204708533,186.2268191106166,1966.5667507150904,2543.555464751027,97.77678524615496,69.26637681350445,155.48015727784409,7.113591159991159,1265,-3.280882524457633,-3.9498829709291106
8644,308.645,12.575900294515849,2461.8870957681834,186.2160702550626,1966.5711160866583,2543.5553440712015,97.77673769225636,69.26426341038953,155.41328851034163,7.113783266232993,1265,-3.2815288672632352,-3.9498829709291106
8645,308.655,12.576409884261212,2461.741689153158,186.20533747415547,1966.575482193438,2543.555223393822,97.77669013826466,69.26215300425932,155.346408581093,7.11397536646858,1265,-3.2821745800093503,-3.9498829709291106
8646,308.66499999999996,12.576918850062174,2461.5965003718898,186.19462074914784,1966.579849034751,2543.555102718887,97.77664258417983,69.26004559179907,155.27951750056258,7.114167460706358,1265,-3.282819658877692,-3.9498829709291106
8647,308.67499999999995,12.577427192443473,2461.4515291696716,186.18392006135542,1966.58421660991,2543.554982046394,97.77659503000183,69.25794116968218,155.21261527929843,7.114359548954752,1265,-3.2834641001243083,-3.9498829709291106
8648,308.685,12.577934911933244,2461.3067752910033,186.1732353920148,1966.5885849182273,2543.554861376339,97.7765474757307,69.2558397345704,155.14570192793056,7.114551631222186,1265,-3.2841079000784723,-3.9498829709291106
8649,308.695,12.57844200906283,2461.1622384796074,186.16256672226118,1966.5929539590038,2543.5547407087192,97.77649992136638,69.25374128311411,155.07877745716925,7.114743707517069,1265,-3.284751055141586,-3.9498829709291106
8650,308.705,12.578948484366805,2461.017918478443,186.15191403315885,1966.597323731539,2543.554620043534,97.77645236690888,69.25164581195261,155.0118418778037,7.114935777847804,1265,-3.285393561786106,-3.9498829709291106
8651,308.715,12.579454338382877,2460.87381502974,186.1412773058157,1966.6016942351291,2543.5544993807794,97.77640481235818,69.24955331771432,154.94489520070042,7.115127842222786,1265,-3.2860354165544785,-3.9498829709291106
8652,308.72499999999997,12.579959571651873,2460.729927874993,186.13065652118752,1966.60606546906,2543.5543787204524,97.77635725771427,69.24746379701703,154.87793743680172,7.115319900650401,1265,-3.2866766160580996,-3.9498829709291106
8653,308.735,12.580464184717634,2460.5862567550007,186.12005166021243,1966.6104374326185,2543.554258062551,97.7763097029771,69.24537724646821,154.8109685971242,7.115511953139026,1265,-3.2873171569762762,-3.9498829709291106
8654,308.745,12.580968178126987,2460.44280140987,186.10946270379793,1966.6148101250812,2543.5541374070717,97.7762621481467,69.24329366266512,154.7439886927575,7.11570399969703,1265,-3.28795703605522,-3.9498829709291106
8655,308.755,12.581471552429704,2460.29956157904,186.09888963277734,1966.6191835457257,2543.554016754013,97.77621459322302,69.2412130421952,154.67699773486265,7.115896040332772,1265,-3.2885962501070374,-3.9498829709291106
8656,308.765,12.581974308178433,2460.156537001295,186.08833242796885,1966.6235576938197,2543.5538961033712,97.77616703820607,69.23913538163616,154.60999573467075,7.116088075054605,1265,-3.28923479600875,-3.9498829709291106
8657,308.775,12.582476445928613,2460.013727414779,186.07779107004532,1966.6279325686291,2543.5537754551433,97.77611948309581,69.23706067755633,154.54298270348156,7.116280103870871,1265,-3.289872670701321,-3.9498829709291106
8658,308.78499999999997,12.582977966238492,2459.8711325570234,186.0672655397751,1966.6323081694159,2543.5536548093264,97.77607192789223,69.23498892651476,154.4759586526622,7.116472126789903,1265,-3.290509871188697,-3.9498829709291106
8659,308.79499999999996,12.583478869669023,2459.7287521649455,186.05675581774523,1966.6366844954368,2543.553534165919,97.77602437259534,69.23292012506154,154.40892359364574,7.116664143820027,1265,-3.291146394536864,-3.9498829709291106
8660,308.805,12.583979156783833,2459.5865859748774,186.04626188465002,1966.6410615459429,2543.553413524916,97.7759768172051,69.23085426973799,154.3418775379299,7.11685615496956,1265,-3.2917822378729213,-3.9498829709291106
8661,308.815,12.584478828149186,2459.4446337225777,186.0357837210221,1966.6454393201852,2543.553292886318,97.77592926172152,69.22879135707686,154.27482049707572,7.1170481602468065,1265,-3.2924173983841603,-3.9498829709291106
8662,308.825,12.584977884333911,2459.302895143251,186.0253213073313,1966.6498178174065,2543.553172250118,97.77588170614455,69.22673138360256,154.2077524827063,7.117240159660068,1265,-3.293051873317166,-3.9498829709291106
8663,308.835,12.58547632590934,2459.1613699715517,186.01487462414485,1966.6541970368469,2543.5530516163158,97.77583415047418,69.2246743458313,154.14067350650558,7.117432153217632,1265,-3.2936856599769246,-3.9498829709291106
8664,308.84499999999997,12.585974153449364,2459.0200579416082,186.0044436518655,1966.6585769777453,2543.5529309849076,97.77578659471041,69.22262024027144,154.07358358021693,7.117624140927781,1265,-3.2943187557259486,-3.9498829709291106
8665,308.855,12.586471367530178,2458.8789587870374,185.99402837093422,1966.6629576393318,2543.5528103558904,97.77573903885323,69.22056906342355,154.00648271564216,7.117816122798783,1265,-3.2949511579834128,-3.9498829709291106
8666,308.865,12.586967968730482,2458.738072240957,185.98362876166962,1966.6673390208362,2543.5526897292616,97.7756914829026,69.21852081178068,153.93937092464014,7.118008098838901,1265,-3.2955828642243032,-3.9498829709291106
8667,308.875,12.587463957631254,2458.5973980359954,185.97324480444993,1966.671721121484,2543.552569105019,97.77564392685852,69.21647548182851,153.87224821912562,7.118200069056391,1265,-3.296213871978579,-3.9498829709291106
8668,308.885,12.587959334815794,2458.4569359043157,185.962876479536,1966.676103940498,2543.552448483158,97.77559637072098,69.21443307004562,153.80511461106815,7.118392033459495,1265,-3.2968441788303444,-3.9498829709291106
8669,308.895,12.588454100869656,2458.3166855776203,185.95252376725816,1966.680487477096,2543.5523278636765,97.77554881448994,69.21239357290358,153.7379701124908,7.118583992056447,1265,-3.2974737824170353,-3.9498829709291106
8670,308.905,12.588948256380581,2458.176646787165,185.9421866478088,1966.6848717304913,2543.5522072465724,97.77550125816542,69.21035698686721,153.67081473546924,7.118775944855474,1265,-3.2981026804286184,-3.9498829709291106
8671,308.91499999999996,12.589441801938522,2458.036819263779,185.9318651013903,1966.6892566998965,2543.5520866318416,97.77545370174737,69.20832330839474,153.60364849213025,7.118967891864791,1265,-3.2987308706067986,-3.9498829709291106
8672,308.92499999999995,12.589934738135511,2457.8972027378763,185.9215591081401,1966.6936423845214,2543.5519660194805,97.7754061452358,69.20629253393801,153.53647139465104,7.119159833092608,1265,-3.29935835074424,-3.9498829709291106
8673,308.935,12.590427065565693,2457.7577969394583,185.9112686482658,1966.6980287835675,2543.551845409488,97.7753585886307,69.20426465994261,153.46928345525782,7.11935176854712,1265,-3.2999851186838,-3.9498829709291106
8674,308.945,12.590918784825261,2457.618601598141,185.90099370184413,1966.7024158962404,2543.5517248018587,97.77531103193203,69.20223968284807,153.40208468622495,7.119543698236517,1265,-3.3006111723177716,-3.9498829709291106
8675,308.955,12.591409896512367,2457.4796164431655,185.89073424898928,1966.7068037217357,2543.5516041965925,97.77526347513978,69.20021759908806,153.33487509987376,7.119735622168977,1265,-3.301236509587137,-3.9498829709291106
8676,308.965,12.59190040122721,2457.3408412033914,185.88049026968358,1966.7111922592521,2543.5514835936824,97.77521591825395,69.19819840509052,153.26765470857163,7.119927540352672,1265,-3.301861128480836,-3.9498829709291106
8677,308.97499999999997,12.592390299571825,2457.202275607337,185.8702617440445,1966.7155815079802,2543.551362993129,97.77516836127451,69.19618209727786,153.20042352473075,7.120119452795759,1265,-3.302485027035037,-3.9498829709291106
8678,308.985,12.592879592150174,2457.063919383171,185.8600486520224,1966.7199714671106,2543.551242394927,97.77512080420145,69.19416867206712,153.13318156080746,7.120311359506392,1265,-3.3031082033324317,-3.9498829709291106
8679,308.995,12.593368279568063,2456.9257722587317,185.84985097359933,1966.7243621358307,2543.551121799075,97.77507324703475,69.19215812587011,153.06592882930087,7.120503260492712,1265,-3.3037306555015244,-3.9498829709291106
8680,309.005,12.59385636243316,2456.787833961539,185.8396686887926,1966.728753513326,2543.551001205569,97.77502568977442,69.19015045509357,152.99866534275222,7.120695155762849,1265,-3.304352381715945,-3.9498829709291106
8681,309.015,12.594343841354796,2456.6501042188065,185.82950177744075,1966.733145598776,2543.5508806144057,97.77497813242042,69.18814565613941,152.93139111374364,7.120887045324928,1265,-3.304973380193764,-3.9498829709291106
8682,309.025,12.594830716944173,2456.5125827574448,185.81935021950753,1966.7375383913604,2543.550760025583,97.77493057497273,69.18614372540472,152.8641061548974,7.121078929187062,1265,-3.3055936491968207,-3.9498829709291106
8683,309.03499999999997,12.595316989814055,2456.375269304084,185.80921399483964,1966.7419318902575,2543.550639439096,97.77488301743135,69.18414465928203,152.79681047887493,7.1212708073573525,1265,-3.306213187030062,-3.9498829709291106
8684,309.04499999999996,12.595802660578993,2456.238163585075,185.79909308339631,1966.746326094639,2543.550518854942,97.77483545979626,69.18214845415945,152.72950409837583,7.121462679843896,1265,-3.3068319920408875,-3.9498829709291106
8685,309.055,12.596287729855112,2456.101265326507,185.7889874649505,1966.7507210036786,2543.5503982731193,97.77478790206744,69.18015510642078,152.66218702613702,7.121654546654774,1265,-3.3074500626185066,-3.9498829709291106
8686,309.065,12.596772198260146,2455.964574254216,185.77889711934748,1966.7551166165438,2543.550277693623,97.77474034424489,69.1781646124457,152.5948592749319,7.121846407798063,1265,-3.3080673971933074,-3.9498829709291106
8687,309.075,12.597256066413392,2455.8280900937916,185.76882202641923,1966.7595129324034,2543.5501571164514,97.77469278632857,69.17617696860985,152.5275208575694,7.122038263281827,1265,-3.308683994236228,-3.9498829709291106
8688,309.085,12.597739334935667,2455.691812570591,185.75876216595273,1966.7639099504204,2543.5500365416015,97.77464522831849,69.17419217128507,152.46017178689308,7.1222301131141235,1265,-3.3092998522581434,-3.9498829709291106
8689,309.09499999999997,12.59822200444931,2455.5557414097516,185.74871751768563,1966.7683076697574,2543.5499159690676,97.77459767021462,69.17221021683943,152.39281207578037,7.122421957302996,1265,-3.30991496980926,-3.9498829709291106
8690,309.105,12.598704075578135,2455.4198763361887,185.73868806144085,1966.7727060895745,2543.549795398849,97.77455011201694,69.17023110163741,152.3254417371417,7.122613795856482,1265,-3.3105293454785154,-3.9498829709291106
8691,309.115,12.599185548947336,2455.2842170746244,185.72867377695778,1966.7771052090313,2543.549674830942,97.77450255372545,69.1682548220401,152.25806078391966,7.122805628782608,1265,-3.3111429778929917,-3.9498829709291106
8692,309.125,12.599666425183557,2455.1487633495785,185.71867464393708,1966.7815050272823,2543.549554265344,97.77445499534015,69.16628137440523,152.19066922908826,7.122997456089388,1265,-3.311755865717334,-3.9498829709291106
8693,309.135,12.600146704914815,2455.013514885393,185.70869064210618,1966.785905543483,2543.54943370205,97.77440743686098,69.16431075508736,152.12326708565195,7.1231892777848325,1265,-3.312368007653179,-3.9498829709291106
8694,309.145,12.600626388770445,2454.8784714062276,185.69872175118644,1966.7903067567854,2543.5493131410585,97.77435987828798,69.162342960438,152.05585436664504,7.123381093876937,1265,-3.312979402438593,-3.9498829709291106
8695,309.155,12.601105477381074,2454.743632636077,185.6887679508473,1966.7947086663376,2543.5491925823635,97.77431231962109,69.16037798680573,151.98843108513086,7.123572904373688,1265,-3.3135900488475145,-3.9498829709291106
8696,309.16499999999996,12.601583971378679,2454.608998298785,185.6788292207959,1966.7991112712907,2543.5490720259654,97.77426476086029,69.15841583053633,151.92099725420087,7.123764709283065,1265,-3.31419994568921,-3.9498829709291106
8697,309.17499999999995,12.602061871396437,2454.474568118039,185.66890554069445,1966.8035145707906,2543.5489514718593,97.7742172020056,69.1564564879729,151.85355288697411,7.123956508613033,1265,-3.3148090918077306,-3.9498829709291106
8698,309.185,12.602539178068756,2454.340341817392,185.65899689016956,1966.8079185639806,2543.548830920042,97.77416964305698,69.154499955456,151.78609799659628,7.124148302371553,1265,-3.3154174860813868,-3.9498829709291106
8699,309.195,12.603015892031264,2454.2063191202656,185.64910324895473,1966.8123232500063,2543.5487103705095,97.77412208401444,69.15254622932369,151.7186325962392,7.124340090566571,1265,-3.316025127422221,-3.9498829709291106
8700,309.205,12.60349201392072,2454.0724997499506,185.6392245965825,1966.8167286280077,2543.5485898232605,97.77407452487795,69.15059530591178,151.65115669909983,7.124531873206026,1265,-3.316632014775493,-3.9498829709291106
8701,309.215,12.603967544375035,2453.938883429633,185.6293609127892,1966.8211346971239,2543.5484692782893,97.7740269656475,69.14864718155383,151.58367031839987,7.124723650297846,1265,-3.317238147119172,-3.9498829709291106
8702,309.22499999999997,12.60444248403325,2453.80546988239,185.61951217710916,1966.8255414564956,2543.548348735596,97.77397940632305,69.14670185258133,151.51617346738485,7.12491542184995,1265,-3.317843523463435,-3.9498829709291106
8703,309.235,12.604916833535459,2453.6722588311964,185.60967836921594,1966.8299489052577,2543.5482281951727,97.77393184690462,69.14475931532378,151.44866615932347,7.125107187870245,1265,-3.3184481428501766,-3.9498829709291106
8704,309.245,12.605390593522912,2453.5392499989416,185.59985946871083,1966.8343570425466,2543.548107657019,97.77388428739219,69.14281956610881,151.38114840750697,7.125298948366633,1265,-3.3190520043525185,-3.9498829709291106
8705,309.255,12.605863764637718,2453.4064431084275,185.59005545517218,1966.8387658674953,2543.5479871211332,97.77383672778572,69.1408826012623,151.31362022524854,7.125490703346999,1265,-3.3196551070743343,-3.9498829709291106
8706,309.265,12.606336347523177,2453.2738378823888,185.5802663082505,1966.8431753792374,2543.547866587509,97.77378916808523,69.13894841710845,151.2460816258825,7.125682452819225,1265,-3.3202574501497755,-3.9498829709291106
8707,309.275,12.60680834282344,2453.141434043487,185.5704920074749,1966.8475855769036,2543.5477460561433,97.77374160829069,69.13701700996995,151.17853262276375,7.125874196791178,1265,-3.3208590327428062,-3.9498829709291106
8708,309.28499999999997,12.607279751183688,2453.0092313143236,185.56073253246825,1966.851996459623,2543.5476255270346,97.77369404840208,69.135088376168,151.11097322926713,7.1260659352707165,1265,-3.321459854046746,-3.9498829709291106
8709,309.29499999999996,12.607750573249998,2452.8772294174446,185.55098786278816,1966.8564080265244,2543.5475050001787,97.77364648841939,69.13316251202247,151.04340345878683,7.1262576682656915,1265,-3.322059913283819,-3.9498829709291106
8710,309.305,12.608220809669396,2452.7454280753577,185.5412579780701,1966.860820276737,2543.547384475572,97.7735989283426,69.13123941385197,150.97582332473564,7.126449395783939,1265,-3.3226592097047063,-3.9498829709291106
8711,309.315,12.60869046108976,2452.6138270105307,185.5315428578514,1966.8652332093839,2543.5472639532104,97.7735513681717,69.12931907797405,150.90823284054457,7.12664111783329,1265,-3.32325774258811,-3.9498829709291106
8712,309.325,12.609159528159847,2452.482425945392,185.52184248167896,1966.8696468235933,2543.547143433093,97.77350380790666,69.12740150070509,150.84063201966205,7.126832834421564,1265,-3.3238555112403225,-3.9498829709291106
8713,309.335,12.609628011529209,2452.351224602356,185.51215682918752,1966.8740611184865,2543.547022915216,97.77345624754751,69.1254866783606,150.7730208755534,7.127024545556569,1265,-3.324452514994794,-3.9498829709291106
8714,309.34499999999997,12.610095911848326,2452.220222703816,185.50248587991564,1966.8784760931885,2543.546902399574,97.7734086870942,69.1235746072552,150.70539942170035,7.127216251246105,1265,-3.325048753211722,-3.9498829709291106
8715,309.355,12.610563229768331,2452.089419972143,185.492829613444,1966.8828917468195,2543.5467818861644,97.7733611265467,69.12166528370273,150.6377676716003,7.1274079514979585,1265,-3.3256442252776344,-3.9498829709291106
8716,309.365,12.611029965941235,2451.958816129724,185.48318800930167,1966.8873080785015,2543.546661374985,97.77331356590503,69.11975870401639,150.57012563876594,7.1275996463199105,1265,-3.326238930604978,-3.9498829709291106
8717,309.375,12.611496121019707,2451.828410898927,185.4735610471127,1966.8917250873526,2543.546540866032,97.77326600516916,69.11785486450877,150.50247333672456,7.1277913357197304,1265,-3.326832868631725,-3.9498829709291106
8718,309.385,12.611961695657296,2451.6982040021408,185.46394870644627,1966.8961427724946,2543.5464203593006,97.7732184443391,69.115953761492,150.43481077901757,7.127983019705176,1265,-3.3274260388209704,-3.9498829709291106
8719,309.395,12.612426690508071,2451.568195161766,185.45435096685608,1966.9005611330429,2543.54629985479,97.77317088341479,69.11405539127772,150.36713797919995,7.1281746982839955,1265,-3.328018440660549,-3.9498829709291106
8720,309.405,12.612891106226904,2451.4383841002164,185.44476780790535,1966.9049801681153,2543.546179352495,97.77312332239624,69.11215975017731,150.2994549508398,7.128366371463929,1265,-3.3286100736626465,-3.9498829709291106
8721,309.41499999999996,12.613354943469341,2451.30877053994,185.43519920915568,1966.909399876829,2543.546058852413,97.77307576128345,69.11026683450191,150.23176170751765,7.128558039252704,1265,-3.329200937363424,-3.9498829709291106
8722,309.42499999999995,12.613818202891492,2451.179354203416,185.42564515023315,1966.913820258299,2543.54593835454,97.77302820007637,69.10837664056248,150.1640582628261,7.12874970165804,1265,-3.329791031322644,-3.9498829709291106
8723,309.435,12.614280885150166,2451.050134813159,185.41610561067634,1966.9182413116414,2543.5458178588733,97.77298063877502,69.10648916466991,150.09634463036932,7.128941358687645,1265,-3.3303803551233035,-3.9498829709291106
8724,309.445,12.614742990902762,2450.921112091725,185.40658057007337,1966.9226630359678,2543.545697365411,97.77293307737938,69.10460440313508,150.02862082376245,7.129133010349218,1265,-3.330968908371273,-3.9498829709291106
8725,309.455,12.615204520807213,2450.7922857617255,185.3970700080225,1966.9270854303927,2543.5455768741463,97.77288551588941,69.102722352269,149.9608868566312,7.129324656650447,1265,-3.3315566906949377,-3.9498829709291106
8726,309.465,12.61566547552212,2450.6636555458217,185.38757390409916,1966.9315084940306,2543.545456385079,97.77283795430512,69.10084300838278,149.8931427426113,7.129516297599011,1265,-3.332143701744849,-3.9498829709291106
8727,309.47499999999997,12.616125855706537,2450.5352211667387,185.3780922378811,1966.935932225991,2543.5453358982036,97.77279039262649,69.0989663677878,149.8253884953482,7.129707933202577,1265,-3.332729941193377,-3.9498829709291106
8728,309.485,12.616585662020084,2450.406982347262,185.36862498905538,1966.9403566253866,2543.545215413518,97.7727428308535,69.09709242679573,149.75762412849633,7.129899563468804,1265,-3.3333154087343706,-3.9498829709291106
8729,309.495,12.617044895122927,2450.278938810252,185.35917213712804,1966.944781691328,2543.5450949310175,97.77269526898615,69.09522118171864,149.68984965571892,7.13009118840534,1265,-3.3339001040828182,-3.9498829709291106
8730,309.505,12.617503555675686,2450.151090278645,185.3497336617057,1966.9492074229267,2543.5449744507005,97.77264770702442,69.09335262886908,149.62206509068736,7.130282808019823,1265,-3.33448402697452,-3.9498829709291106
8731,309.515,12.617961644339454,2450.023436475456,185.34030954247012,1966.9536338192906,2543.5448539725617,97.77260014496828,69.09148676456009,149.55427044708082,7.130474422319879,1265,-3.3350671771657607,-3.9498829709291106
8732,309.525,12.618419161775781,2449.8959771237883,185.33089975900165,1966.9580608795306,2543.5447334965993,97.77255258281772,69.08962358510533,149.4864657385859,7.130666031313127,1265,-3.3356495544329863,-3.9498829709291106
8733,309.53499999999997,12.618876108646724,2449.768711946833,185.3215042909494,1966.962488602756,2543.5446130228097,97.77250502057275,69.08776308681912,149.41865097889607,7.130857635007175,1265,-3.336231158572491,-3.9498829709291106
8734,309.54499999999996,12.619332485614695,2449.641640667881,185.31212311793666,1966.9669169880742,2543.5444925511883,97.77245745823335,69.08590526601654,149.35082618171128,7.131049233409619,1265,-3.336811989400101,-3.9498829709291106
8735,309.555,12.619788293342495,2449.5147630103233,185.3027562195863,1966.9713460345934,2543.5443720817334,97.77240989579947,69.08405011901345,149.2829913607376,7.131240826528048,1265,-3.3373920467508698,-3.9498829709291106
8736,309.565,12.620243532493388,2449.3880786976542,185.29340357554008,1966.9757757414204,2543.544251614441,97.77236233327113,69.0821976421266,149.2151465296868,7.131432414370037,1265,-3.3379713304787733,-3.9498829709291106
8737,309.575,12.620698203730996,2449.261587453476,185.28406516550515,1966.9802061076653,2543.5441311493073,97.77231477064831,69.08034783167365,149.1472917022759,7.131623996943156,1265,-3.3385498404564142,-3.9498829709291106
8738,309.585,12.62115230771924,2449.135289001506,185.27474096912488,1966.9846371324327,2543.544010686329,97.77226720793098,69.07850068397329,149.0794268922268,7.13181557425496,1265,-3.3391275765747226,-3.9498829709291106
8739,309.59499999999997,12.621605845122467,2449.009183065589,185.26543096604615,1966.9890688148305,2543.5438902255023,97.77221964511915,69.07665619534525,149.01155211326594,7.132007146312995,1265,-3.3397045387426716,-3.9498829709291106
8740,309.605,12.622058816605293,2448.8832693696786,185.25613513596235,1966.9935011539656,2543.543769766826,97.7721720822128,69.0748143621104,148.9436673791238,7.132198713124799,1265,-3.3402807268869874,-3.9498829709291106
8741,309.615,12.622511222832658,2448.7575476378674,185.24685345861823,1966.9979341489427,2543.5436493102943,97.7721245192119,69.07297518059077,148.8757727035347,7.132390274697898,1265,-3.340856140951871,-3.9498829709291106
8742,309.625,12.622963064469817,2448.632017594374,185.2375859136341,1967.0023677988688,2543.5435288559042,97.77207695611646,69.07113864710968,148.80786810023625,7.132581831039808,1265,-3.3414307808987207,-3.9498829709291106
8743,309.635,12.623414342182313,2448.5066789635525,185.22833248076617,1967.0068021028494,2543.5434084036538,97.77202939292646,69.06930475799169,148.73995358296904,7.132773382158036,1265,-3.342004646705855,-3.9498829709291106
8744,309.645,12.623865056635944,2448.381531469903,185.21909313974956,1967.0112370599916,2543.5432879535383,97.77198182964186,69.06747350956277,148.67202916547637,7.132964928060079,1265,-3.342577738368247,-3.9498829709291106
8745,309.655,12.624315208496721,2448.256574838062,185.20986787026627,1967.0156726693986,2543.5431675055543,97.77193426626268,69.06564489815031,148.60409486150385,7.133156468753421,1265,-3.3431500558972598,-3.9498829709291106
8746,309.66499999999996,12.624764798430942,2448.131808792816,185.20065665214042,1967.020108930176,2543.5430470596993,97.77188670278886,69.06381892008315,148.53615068479894,7.133348004245538,1265,-3.343721599320383,-3.9498829709291106
8747,309.67499999999995,12.625213827105156,2448.0072330591074,185.19145946502763,1967.0245458414302,2543.542926615969,97.77183913922045,69.06199557169165,148.46819664911078,7.133539534543898,1265,-3.3442923686809745,-3.9498829709291106
8748,309.685,12.625662295186075,2447.882847362031,185.18227628877497,1967.028983402266,2543.5428061743605,97.7717915755574,69.06017484930778,148.40023276818974,7.133731059655954,1265,-3.3448623640380095,-3.9498829709291106
8749,309.695,12.626110203340598,2447.7586514268346,185.17310710309818,1967.033421611788,2543.542685734871,97.7717440117997,69.05835674926514,148.33225905578715,7.133922579589152,1265,-3.345431585465828,-3.9498829709291106
8750,309.705,12.626557552235841,2447.6346449789407,185.16395188783181,1967.037860469102,2543.5425652974973,97.77169644794733,69.05654126789902,148.2642755256549,7.134114094350928,1265,-3.3460000330538895,-3.9498829709291106
8751,309.715,12.627004342539122,2447.5108277439335,185.15481062274947,1967.0422999733134,2543.542444862233,97.77164888400029,69.05472840154644,148.19628219154524,7.1343056039487065,1265,-3.346567706906532,-3.9498829709291106
8752,309.72499999999997,12.627450574917816,2447.3871994475635,185.1456832876659,1967.046740123526,2543.542324429078,97.77160131995855,69.0529181465462,148.12827906721031,7.134497108389904,1265,-3.3471346071427286,-3.9498829709291106
8753,309.735,12.627896250039539,2447.263759815762,185.13656986243092,1967.051180918845,2543.5422039980276,97.77155375582211,69.05111049923897,148.060266166402,7.134688607681925,1265,-3.347700733895855,-3.9498829709291106
8754,309.745,12.628341368572002,2447.1405085746273,185.1274703268383,1967.0556223583749,2543.5420835690793,97.77150619159094,69.04930545596729,147.9922435028715,7.134880101832163,1265,-3.348266087313459,-3.9498829709291106
8755,309.755,12.628785931183039,2447.0174454504463,185.1183846607719,1967.060064441223,2543.5419631422287,97.77145862726503,69.04750301307563,147.92421109036908,7.1350715908480025,1265,-3.3488306675570256,-3.9498829709291106
8756,309.765,12.629229938540588,2446.8945701696935,185.1093128441114,1967.0645071664928,2543.541842717472,97.77141106284441,69.04570316691047,147.8561689426438,7.1352630747368195,1265,-3.3493944748017586,-3.9498829709291106
8757,309.775,12.629673391312682,2446.7718824590165,185.10025485671056,1967.0689505332891,2543.541722294807,97.771363498329,69.04390591382032,147.78811707344312,7.135454553505978,1265,-3.3499575092363534,-3.9498829709291106
8758,309.78499999999997,12.630116290167456,2446.6493820452642,185.09121067845015,1967.073394540719,2543.5416018742303,97.77131593371884,69.04211125015574,147.72005549651274,7.135646027162833,1265,-3.350519771062781,-3.9498829709291106
8759,309.79499999999996,12.630558635773085,2446.5270686554773,185.0821802892541,1967.0778391878866,2543.5414814557375,97.77126836901387,69.04031917226942,147.65198422559632,7.135837495714727,1265,-3.3510812604960707,-3.9498829709291106
8760,309.805,12.631000428797831,2446.404942016888,185.07316366905516,1967.0822844738977,2543.5413610393266,97.7712208042141,69.03852967651622,147.58390327443502,7.136028959168995,1265,-3.3516419777640993,-3.9498829709291106
8761,309.815,12.631441669910014,2446.2830018569343,185.06416079775653,1967.0867303978598,2543.541240624992,97.77117323931952,69.03674275925323,147.51581265676748,7.136220417532962,1265,-3.3522019231073807,-3.9498829709291106
8762,309.825,12.631882359777945,2446.1612479032515,185.05517165540297,1967.0911769588763,2543.541120212733,97.77112567433012,69.03495841683976,147.44771238632936,7.13641187081394,1265,-3.3527610967788597,-3.9498829709291106
8763,309.835,12.632322499070028,2446.039679883685,185.046196221828,1967.0956241560557,2543.540999802545,97.77107810924586,69.03317664563743,147.37960247685317,7.136603319019234,1265,-3.353319499043709,-3.9498829709291106
8764,309.84499999999997,12.632762088454612,2445.918297526281,185.0372344770608,1967.100071988504,2543.540879394424,97.77103054406676,69.03139744201019,147.31148294206798,7.136794762156137,1265,-3.3538771301791295,-3.9498829709291106
8765,309.855,12.6332011286001,2445.7971005593076,185.0282864011228,1967.1045204553268,2543.5407589883675,97.77098297879277,69.02962080232436,147.24335379569925,7.1369862002319335,1265,-3.3544339904741514,-3.9498829709291106
8766,309.865,12.633639620174888,2445.6760887112373,185.01935197402062,1967.1089695556313,2543.540638584372,97.77093541342393,69.0278467229487,147.17521505146837,7.137177633253897,1265,-3.3549900802294426,-3.9498829709291106
8767,309.875,12.634077563847322,2445.5552617107637,185.0104311757591,1967.1134192885258,2543.540518182433,97.77088784796018,69.02607520025438,147.10706672309266,7.13736906122929,1265,-3.355545399757115,-3.9498829709291106
8768,309.885,12.634514960285731,2445.4346192867965,185.0015239864117,1967.1178696531165,2543.5403977825495,97.77084028240151,69.02430623061511,147.03890882428493,7.137560484165365,1265,-3.356099949380537,-3.9498829709291106
8769,309.895,12.634951810158483,2445.314161168471,184.99263038598897,1967.122320648513,2543.5402773847163,97.77079271674792,69.02253981040711,146.97074136875344,7.137751902069369,1265,-3.3566537294341443,-3.9498829709291106
8770,309.905,12.635388114133765,2445.193887085148,184.9837503546414,1967.1267722738214,2543.5401569889304,97.77074515099939,69.02077593600916,146.90256437020142,7.137943314948531,1265,-3.3572067402632633,-3.9498829709291106
8771,309.91499999999996,12.635823872879817,2445.073796766407,184.97488387236808,1967.1312245281504,2543.5400365951873,97.77069758515593,69.01901460380266,146.83437784232711,7.138134722810077,1265,-3.3577589822239244,-3.9498829709291106
8772,309.92499999999995,12.636259087064769,2444.9538899420645,184.96603091936458,1967.1356774106102,2543.539916203487,97.77065001921748,69.01725581017163,146.76618179882334,7.138326125661218,1265,-3.358310455682689,-3.9498829709291106
8773,309.935,12.636693757356685,2444.834166342168,184.9571914757363,1967.1401309203086,2543.5397958138224,97.77060245318407,69.0154995515028,146.6979762533773,7.138517523509158,1265,-3.3588611610164687,-3.9498829709291106
8774,309.945,12.637127884423561,2444.714625696997,184.94836552157588,1967.144585056356,2543.5396754261924,97.77055488705567,69.01374582418556,146.62976121967048,7.13870891636109,1265,-3.3594110986123593,-3.9498829709291106
8775,309.955,12.637561468933251,2444.5952677370683,184.9395530370935,1967.1490398178626,2543.5395550405924,97.77050732083227,69.01199462461209,146.56153671137835,7.1389003042241965,1265,-3.3599602688674644,-3.9498829709291106
8776,309.965,12.637994511553531,2444.4760921931393,184.93075400248267,1967.1534952039362,2543.5394346570192,97.77045975451384,69.01024594917733,146.49330274217013,7.139091687105651,1265,-3.3605086721887343,-3.9498829709291106
8777,309.97499999999997,12.638427012952098,2444.3570987962053,184.92196839787715,1967.1579512136911,2543.5393142754706,97.77041218810038,69.00849979427902,146.42505932570862,7.139283065012616,1265,-3.3610563089927954,-3.9498829709291106
8778,309.985,12.638858973796495,2444.238287277511,184.913196203538,1967.1624078462357,2543.5391938959415,97.77036462159188,69.00675615631775,146.35680647565,7.139474437952244,1265,-3.3616031797057886,-3.9498829709291106
8779,309.995,12.639290394754124,2444.119657368539,184.90443739972125,1967.1668651006826,2543.5390735184305,97.77031705498831,69.00501503169701,146.28854420564357,7.139665805931678,1265,-3.3621492847632135,-3.9498829709291106
8780,310.005,12.639721276492285,2444.0012088010235,184.89569196657152,1967.1713229761438,2543.5389531429314,97.77026948828969,69.00327641682314,146.22027252933174,7.13985716895805,1265,-3.3626946246097638,-3.9498829709291106
8781,310.015,12.640151619678079,2443.8829413069507,184.8869598844957,1967.1757814717316,2543.5388327694445,97.77022192149599,69.00154030810545,146.15199146034948,7.140048527038483,1265,-3.3632391996991786,-3.9498829709291106
8782,310.025,12.640581424978523,2443.764854618553,184.87824113366256,1967.1802405865594,2543.538712397964,97.77017435460716,68.99980670195623,146.08370101232458,7.140239880180092,1265,-3.363783010494082,-3.9498829709291106
8783,310.03499999999997,12.641010693060412,2443.6469484683244,184.8695356944323,1967.1847003197406,2543.5385920284857,97.77012678762324,68.99807559479075,146.01540119887702,7.140431228389977,1265,-3.364326057465837,-3.9498829709291106
8784,310.04499999999996,12.641439424590391,2443.529222589008,184.8608435471298,1967.1891606703894,2543.5384716610097,97.7700792205442,68.99634698302728,145.94709203361907,7.14062257167523,1265,-3.3648683410943985,-3.9498829709291106
8785,310.055,12.641867620234937,2443.4116767136047,184.85216467206834,1967.1936216376184,2543.53835129553,97.77003165337004,68.99462086308718,145.87877353015512,7.140813910042937,1265,-3.3654098618681605,-3.9498829709291106
8786,310.065,12.642295280660342,2443.2943105753834,184.84349904968497,1967.1980832205456,2543.538230932043,97.76998408610072,68.99289723139485,145.8104457020813,7.141005243500168,1265,-3.3659506202838134,-3.9498829709291106
8787,310.075,12.642722406532652,2443.1771239078644,184.8348466602822,1967.202545418285,2543.5381105705465,97.76993651873622,68.99117608437783,145.74210856298544,7.141196572053987,1265,-3.3664906168462094,-3.9498829709291106
8788,310.085,12.64314899851773,2443.0601164448367,184.82620748428073,1967.2070082299522,2543.5379902110376,97.76988895127656,68.9894574184668,145.67376212644686,7.141387895711446,1265,-3.367029852068211,-3.9498829709291106
8789,310.09499999999997,12.643575057281343,2442.9432879203555,184.81758150210484,1967.2114716546655,2543.537869853512,97.76984138372173,68.98774123009558,145.60540640603634,7.141579214479589,1265,-3.367568326470559,-3.9498829709291106
8790,310.105,12.644000583488857,2442.8266380687364,184.8089686941928,1967.2159356915397,2543.537749497967,97.76979381607165,68.98602751570117,145.53704141531566,7.141770528365448,1265,-3.3681060405817376,-3.9498829709291106
8791,310.115,12.644425577805542,2442.710166624575,184.80036904100405,1967.2204003396948,2543.5376291443986,97.7697462483264,68.9843162717238,145.4686671678377,7.141961837376044,1265,-3.368642994937836,-3.9498829709291106
8792,310.125,12.644850040896378,2442.5938733227263,184.791782523029,1967.2248655982482,2543.5375087928037,97.76969868048589,68.98260749460692,145.4002836771462,7.142153141518394,1265,-3.3691791900824195,-3.9498829709291106
8793,310.135,12.645273973426148,2442.477757898321,184.78320912075938,1967.2293314663204,2543.5373884431788,97.76965111255015,68.98090118079726,145.33189095677557,7.142344440799498,1265,-3.3697146265664,-3.9498829709291106
8794,310.145,12.645697376059355,2442.361820086768,184.77464881469012,1967.2337979430288,2543.537268095521,97.76960354451916,68.97919732674484,145.26348902025066,7.14253573522635,1265,-3.370249304947904,-3.9498829709291106
8795,310.155,12.646120249460258,2442.246059623744,184.76610158539924,1967.2382650274947,2543.5371477498256,97.7695559763929,68.97749592890294,145.19507788108686,7.142727024805932,1265,-3.37078322579215,-3.9498829709291106
8796,310.16499999999996,12.646542594292841,2442.130476245208,184.75756741343164,1967.2427327188386,2543.537027406092,97.76950840817136,68.97579698372826,145.1266575527897,7.14291830954522,1265,-3.3713163896713234,-3.9498829709291106
8797,310.17499999999995,12.646964411220889,2442.0150696873966,184.74904627934944,1967.2472010161832,2543.536907064314,97.76946083985453,68.97410048768074,145.05822804885483,7.143109589451176,1265,-3.3718487971644504,-3.9498829709291106
8798,310.185,12.647385700907819,2441.8998396868255,184.74053816375158,1967.2516699186497,2543.536786724491,97.7694132714424,68.97240643722381,144.98978938276784,7.143300864530752,1265,-3.3723804488572844,-3.9498829709291106
8799,310.195,12.647806464016844,2441.7847859802887,184.73204304731627,1967.2561394253605,2543.536666386617,97.76936570293495,68.9707148288242,144.92134156800407,7.143492134790892,1265,-3.3729113453421795,-3.9498829709291106
8800,310.205,12.648226701210875,2441.669908304866,184.72356091061243,1967.2606095354408,2543.536546050691,97.76931813433217,68.96902565895216,144.85288461802855,7.143683400238532,1265,-3.373441487217976,-3.9498829709291106
8801,310.215,12.648646413152479,2441.555206397926,184.71509173432054,1967.2650802480125,2543.536425716707,97.76927056563403,68.96733892408129,144.7844185462959,7.143874660880594,1265,-3.3739708750898885,-3.9498829709291106
8802,310.22499999999997,12.649065600504006,2441.4406799971116,184.70663549915798,1967.2695515622027,2543.536305384665,97.76922299684054,68.9656546206887,144.71594336625006,7.144065916723991,1265,-3.3744995095693873,-3.9498829709291106
8803,310.235,12.649484263927462,2441.326328840362,184.69819218580875,1967.274023477136,2543.536185054559,97.7691754279517,68.96397274525495,144.6474590913242,7.1442571677756295,1265,-3.3750273912740862,-3.9498829709291106
8804,310.245,12.649902404084527,2441.212152665902,184.68976177497004,1967.278495991938,2543.5360647263874,97.76912785896745,68.96229329426416,144.5789657349407,7.144448414042401,1265,-3.375554520827638,-3.9498829709291106
8805,310.255,12.65032002163659,2441.098151212243,184.68134424743022,1967.282969105737,2543.535944400145,97.76908028988781,68.96061626420388,144.51046331051091,7.144639655531191,1265,-3.376080898859619,-3.9498829709291106
8806,310.265,12.65073711724474,2440.984324218193,184.6729395839226,1967.2874428176601,2543.5358240758314,97.76903272071277,68.9589416515653,144.441951831435,7.1448308922488755,1265,-3.3766065260054234,-3.9498829709291106
8807,310.275,12.651153691569672,2440.870671422847,184.66454776528118,1967.2919171268354,2543.53570375344,97.76898515144231,68.9572694528431,144.37343131110197,7.145022124202317,1265,-3.3771314029061608,-3.9498829709291106
8808,310.28499999999997,12.651569745271809,2440.7571925655943,184.65616877227046,1967.2963920323914,2543.53558343297,97.7689375820764,68.95559966453555,144.30490176288944,7.145213351398372,1265,-3.3776555302085502,-3.9498829709291106
8809,310.29499999999996,12.651985279011216,2440.6438873861202,184.647802585761,1967.3008675334606,2543.535463114418,97.76889001261505,68.95393228314454,144.23636320016354,7.1454045738438845,1265,-3.3781789085648155,-3.9498829709291106
8810,310.305,12.652400293447622,2440.5307556244006,184.63944918655258,1967.3053436291723,2543.535342797779,97.76884244305825,68.95226730517554,144.16781563627876,7.14559579154569,1265,-3.378701538632589,-3.9498829709291106
8811,310.315,12.652814789240384,2440.4177970207184,184.6311085555883,1967.3098203186566,2543.5352224830503,97.76879487340597,68.95060472713766,144.09925908457794,7.145787004510613,1265,-3.379223421074807,-3.9498829709291106
8812,310.325,12.653228767048532,2440.3050113156446,184.62278067372284,1967.3142976010474,2543.5351021702304,97.76874730365822,68.94894454554367,144.03069355839202,7.145978212745471,1265,-3.379744556559616,-3.9498829709291106
8813,310.335,12.653642227530737,2440.1923982500543,184.61446552188963,1967.3187754754772,2543.5349818593127,97.76869973381494,68.94728675690995,143.9621190710401,7.14616941625707,1265,-3.3802649457602723,-3.9498829709291106
8814,310.34499999999997,12.65405517134525,2440.0799575651154,184.6061630810306,1967.3232539410794,2543.5348615502967,97.76865216387618,68.94563135775664,143.89353563582915,7.146360615052204,1265,-3.3807845893550525,-3.9498829709291106
8815,310.355,12.654467599150054,2439.9676890023047,184.59787333208354,1967.3277329969892,2543.5347412431784,97.76860459384189,68.9439783446075,143.8249432660541,7.146551809137661,1265,-3.381303488027153,-3.9498829709291106
8816,310.365,12.654879511602667,2439.855592303401,184.58959625608534,1967.332212642341,2543.5346209379545,97.76855702371205,68.94232771399007,143.75634197499747,7.146742998520218,1265,-3.381821642464601,-3.9498829709291106
8817,310.375,12.655290909360279,2439.7436672104795,184.58133183401526,1967.336692876273,2543.5345006346224,97.76850945348669,68.94067946243555,143.68773177592954,7.146934183206641,1265,-3.3823390533601674,-3.9498829709291106
8818,310.385,12.655701793079661,2439.631913465923,184.57308004687377,1967.3411736979194,2543.5343803331775,97.76846188316574,68.9390335864789,143.61911268210815,7.147125363203687,1265,-3.382855721411268,-3.9498829709291106
8819,310.395,12.656112163417212,2439.5203308124233,184.5648408757706,1967.3456551064194,2543.534260033616,97.76841431274924,68.93739008265885,143.55048470677852,7.147316538518104,1265,-3.3833716473198856,-3.9498829709291106
8820,310.405,12.656522021028966,2439.4089189929696,184.55661430172927,1967.3501371009122,2543.5341397359366,97.76836674223715,68.9357489475179,143.48184786317327,7.1475077091566295,1265,-3.3838868317924744,-3.9498829709291106
8821,310.41499999999996,12.656931366570497,2439.2976777508634,184.54840030588824,1967.3546196805357,2543.534019440135,97.76831917162944,68.93411017760228,143.41320216451223,7.147698875125992,1265,-3.3844012755398816,-3.9498829709291106
8822,310.42499999999995,12.657340200697044,2439.1866068297127,184.54019886934793,1967.3591028444314,2543.533899146209,97.76827160092614,68.93247376946209,143.34454762400244,7.147890036432909,1265,-3.384914979277256,-3.9498829709291106
8823,310.435,12.657748524063404,2439.075705973432,184.53200997323984,1967.3635865917402,2543.5337788541524,97.76822403012721,68.9308397196512,143.27588425483805,7.14808119308409,1265,-3.3854279437239705,-3.9498829709291106
8824,310.445,12.658156337323911,2438.9649749262494,184.52383359873585,1967.368070921603,2543.5336585639666,97.76817645923266,68.9292080247273,143.20721207020014,7.148272345086234,1265,-3.385940169603538,-3.9498829709291106
8825,310.455,12.658563641132597,2438.8544134326976,184.51566972707457,1967.3725558331637,2543.533538275644,97.76812888824244,68.92757868125193,143.13853108325668,7.1484634924460275,1265,-3.3864516576435304,-3.9498829709291106
8826,310.465,12.65897043614301,2438.744021237624,184.5075183393778,1967.3770413255656,2543.5334179891843,97.76808131715657,68.92595168579047,143.06984130716253,7.148654635170154,1265,-3.386962408575501,-3.9498829709291106
8827,310.47499999999997,12.659376723008242,2438.6337980861863,184.4993794169587,1967.3815273979535,2543.5332977045828,97.76803374597503,68.92432703491214,143.00114275505916,7.148845773265282,1265,-3.387472423134903,-3.9498829709291106
8828,310.485,12.659782502381017,2438.5237437238557,184.49125294103223,1967.3860140494724,2543.5331774218357,97.76798617469781,68.92270472519004,142.93243544007487,7.149036906738072,1265,-3.3879817020610155,-3.9498829709291106
8829,310.495,12.660187774913616,2438.413857896413,184.48313889286158,1967.3905012792684,2543.533057140942,97.7679386033249,68.92108475320121,142.86371937532434,7.149228035595174,1265,-3.3884902460968664,-3.9498829709291106
8830,310.505,12.660592541257856,2438.30414034996,184.47503725379337,1967.394989086489,2543.5329368618964,97.76789103185625,68.91946711552649,142.79499457390887,7.149419159843229,1265,-3.388998055989157,-3.9498829709291106
8831,310.515,12.660996802065117,2438.194590830901,184.46694800515812,1967.399477470282,2543.5328165846977,97.76784346029189,68.91785180875068,142.7262610489161,7.149610279488871,1265,-3.38950513248819,-3.9498829709291106
8832,310.525,12.661400557986385,2438.085209085969,184.45887112820492,1967.4039664297964,2543.53269630934,97.76779588863181,68.9162388294625,142.65751881342004,7.149801394538719,1265,-3.3900114763477935,-3.9498829709291106
8833,310.53499999999997,12.66180380967213,2437.975994862205,184.45080660444526,1967.4084559641824,2543.532576035823,97.76774831687597,68.91462817425456,142.588767880481,7.149992504999387,1265,-3.390517088325255,-3.9498829709291106
8834,310.54499999999996,12.662206557772409,2437.866947906964,184.4427544151674,1967.4129460725892,2543.53245576414,97.76770074502437,68.91301983972345,142.52000826314543,7.150183610877477,1265,-3.3910219691812458,-3.9498829709291106
8835,310.555,12.662608802936829,2437.7580679679277,184.43471454189086,1967.4174367541696,2543.5323354942902,97.76765317307701,68.91141382246968,142.45123997444588,7.150374712179583,1265,-3.3915261196797535,-3.9498829709291106
8836,310.565,12.66301054581451,2437.649354793087,184.42668696596502,1967.4219280080758,2543.532215226271,97.76760560103386,68.90981011909773,142.3824630274011,7.150565808912287,1265,-3.3920295405880148,-3.9498829709291106
8837,310.575,12.663411787054123,2437.5408081307555,184.41867166890395,1967.4264198334622,2543.5320949600773,97.76755802889492,68.90820872621602,142.31367743501556,7.150756901082164,1265,-3.3925322326764444,-3.9498829709291106
8838,310.585,12.663812527303882,2437.4324277295614,184.41066863215988,1967.4309122294815,2543.531974695707,97.76751045666016,68.90660964043698,142.24488321027988,7.15094798869578,1265,-3.393034196718575,-3.9498829709291106
8839,310.59499999999997,12.664212767211543,2437.3242133384597,184.4026778372703,1967.4354051952891,2543.531854433157,97.76746288432959,68.90501285837702,142.17608036617045,7.151139071759688,1265,-3.393535433490985,-3.9498829709291106
8840,310.605,12.664612507424367,2437.2161647067164,184.39469926575228,1967.4398987300428,2543.531734172423,97.76741531190319,68.9034183766565,142.10726891564943,7.151330150280434,1265,-3.3940359437732406,-3.9498829709291106
8841,310.615,12.665011748589107,2437.1082815839236,184.38673289922195,1967.4443928328974,2543.5316139135043,97.76736773938094,68.90182619189986,142.03844887166474,7.151521224264554,1265,-3.394535728347826,-3.9498829709291106
8842,310.625,12.665410491352146,2437.0005637199947,184.37877871921197,1967.4488875030124,2543.531493656395,97.76732016676284,68.90023630073546,141.96962024714992,7.1517122937185755,1265,-3.3950347880000873,-3.9498829709291106
8843,310.635,12.665808736359233,2436.893010865164,184.37083670731508,1967.453382739546,2543.5313734010933,97.76727259404888,68.89864869979574,141.90078305502414,7.151903358649014,1265,-3.395533123518166,-3.9498829709291106
8844,310.645,12.666206484255781,2436.78562276998,184.36290684517488,1967.4578785416597,2543.5312531475947,97.76722502123903,68.89706338571716,141.8319373081921,7.1520944190623785,1265,-3.39603073569294,-3.9498829709291106
8845,310.655,12.666603735686616,2436.6783991853245,184.35498911447624,1967.4623749085122,2543.531132895898,97.76717744833327,68.89548035514021,141.763083019544,7.152285474965165,1265,-3.3965276253179657,-3.9498829709291106
8846,310.66499999999996,12.667000491296092,2436.5713398624,184.34708349685403,1967.4668718392668,2543.531012645999,97.76712987533163,68.8938996047094,141.69422020195552,7.1524765263638646,1265,-3.3970237931894176,-3.9498829709291106
8847,310.67499999999995,12.667396751728084,2436.4644445527274,184.33918997400366,1967.471369333084,2543.5308923978932,97.76708230223406,68.89232113107334,141.62534886828763,7.152667573264954,1265,-3.397519240106029,-3.9498829709291106
8848,310.685,12.667792517626,2436.3577130081558,184.3313085277321,1967.4758673891308,2543.530772151581,97.76703472904057,68.89074493088462,141.55646903138665,7.152858615674905,1265,-3.398013966869039,-3.9498829709291106
8849,310.695,12.668187789632647,2436.2511449808544,184.3234391396893,1967.4803660065695,2543.530651907055,97.76698715575114,68.88917100079998,141.48758070408422,7.153049653600177,1265,-3.398507974282131,-3.9498829709291106
8850,310.705,12.668582568390446,2436.1447402233207,184.3155817917106,1967.484865184566,2543.5305316643157,97.76693958236575,68.88759933748015,141.4186838991971,7.15324068704722,1265,-3.3990012631513826,-3.9498829709291106
8851,310.715,12.668976854541214,2436.038498488375,184.30773646556003,1967.4893649222875,2543.5304114233572,97.76689200888438,68.88602993759002,141.34977862952735,7.153431716022478,1265,-3.3994938342852072,-3.9498829709291106
8852,310.72499999999997,12.669370648726352,2435.9324195291656,184.2999031430165,1967.4938652189014,2543.5302911841777,97.76684443530706,68.88446279779849,141.28086490786202,7.153622740532381,1265,-3.3999856884943047,-3.9498829709291106
8853,310.735,12.669763951586667,2435.8265030991615,184.29208180603365,1967.4983660735754,2543.530170946775,97.76679686163375,68.88289791477858,141.2119427469733,7.153813760583352,1265,-3.4004768265916017,-3.9498829709291106
8854,310.745,12.670156763762504,2435.720748952159,184.28427243637967,1967.5028674854802,2543.5300507111438,97.76674928786443,68.88133528520743,141.14301215961842,7.1540047761818055,1265,-3.400967249392205,-3.9498829709291106
8855,310.755,12.670549085893642,2435.6151568422856,184.27647501602812,1967.5073694537848,2543.529930477281,97.76670171399911,68.87977490576623,141.07407315853956,7.154195787334144,1265,-3.4014569577133513,-3.9498829709291106
8856,310.765,12.670940918619404,2435.5097265239883,184.26868952686513,1967.5118719776615,2543.529810245186,97.76665414003774,68.87821677314031,141.00512575646383,7.154386794046764,1265,-3.4019459523743514,-3.9498829709291106
8857,310.775,12.671332262578543,2435.404457752045,184.2609159507587,1967.516375056283,2543.5296900148533,97.76660656598037,68.8766608840191,140.93616996610325,7.154577796326049,1265,-3.402434234196544,-3.9498829709291106
8858,310.78499999999997,12.671723118409293,2435.299350281562,184.25315426974961,1967.5208786888234,2543.529569786282,97.76655899182694,68.87510723509617,140.86720580015466,7.154768794178375,1265,-3.4029218040032463,-3.9498829709291106
8859,310.79499999999996,12.672113486749385,2435.194403867968,184.24540446580332,1967.5253828744544,2543.5294495594662,97.76651141757743,68.87355582306918,140.79823327129978,7.15495978761011,1265,-3.403408662619705,-3.9498829709291106
8860,310.805,12.672503368236011,2435.089618267023,184.23766652097135,1967.5298876123538,2543.5293293344057,97.76646384323188,68.87200664463995,140.729252392205,7.155150776627611,1265,-3.4038948108730493,-3.9498829709291106
8861,310.815,12.672892763505796,2434.984993234815,184.22994041720335,1967.5343929016972,2543.529209111094,97.76641626879022,68.87045969651443,140.66026317552155,7.155341761237225,1265,-3.404380249592245,-3.9498829709291106
8862,310.825,12.673281673194872,2434.880528527756,184.22222613665517,1967.5388987416611,2543.5290888895306,97.76636869425248,68.86891497540266,140.59126563388526,7.155532741445292,1265,-3.4048649796080444,-3.9498829709291106
8863,310.835,12.67367009793883,2434.776223902592,184.2145236613436,1967.5434051314248,2543.5289686697115,97.76632111961862,68.86737247801888,140.5222597799166,7.155723717258141,1265,-3.4053490017529477,-3.9498829709291106
8864,310.84499999999997,12.6740580383727,2434.672079116399,184.20683297339698,1967.5479120701682,2543.528848451634,97.76627354488866,68.86583220108146,140.45324562622073,7.155914688682092,1265,-3.405832316861151,-3.9498829709291106
8865,310.855,12.674445495130994,2434.5680939265694,184.19915405494498,1967.5524195570704,2543.5287282352942,97.76622597006256,68.8642941413129,140.38422318538738,7.156105655723456,1265,-3.406314925768508,-3.9498829709291106
8866,310.865,12.674832468847676,2434.4642680908364,184.19148688814195,1967.5569275913135,2543.5286080206906,97.76617839514032,68.86275829543987,140.31519246999076,7.156296618388535,1265,-3.4067968293124826,-3.9498829709291106
8867,310.875,12.675218960156133,2434.3606013672606,184.18383145519812,1967.5614361720798,2543.528487807818,97.76613082012192,68.86122466019322,140.24615349258966,7.156487576683622,1265,-3.40727802833211,-3.9498829709291106
8868,310.885,12.675604969689243,2434.25709351423,184.17618773828252,1967.5659452985517,2543.528367596675,97.76608324500734,68.8596932323079,140.17710626572733,7.156678530615,1265,-3.4077585236679484,-3.9498829709291106
8869,310.895,12.675990498079356,2434.153744290458,184.1685557196304,1967.5704549699153,2543.528247387258,97.76603566979661,68.85816400852309,140.10805080193145,7.156869480188944,1265,-3.408238316162046,-3.9498829709291106
8870,310.905,12.676375545958214,2434.050553454997,184.1609353815108,1967.5749651853546,2543.528127179562,97.76598809448969,68.85663698558211,140.03898711371414,7.157060425411717,1265,-3.4087174066578934,-3.9498829709291106
8871,310.91499999999996,12.676760113956977,2433.9475207672203,184.15332670621714,1967.5794759440564,2543.5280069735877,97.76594051908656,68.85511216023247,139.9699152135719,7.157251366289575,1265,-3.409195796000387,-3.9498829709291106
8872,310.92499999999995,12.677144202706373,2433.8446459868383,184.14572967598193,1967.583987245209,2543.52788676933,97.76589294358722,68.85358952922583,139.90083511398558,7.157442302828766,1265,-3.4096734850357864,-3.9498829709291106
8873,310.935,12.677527812836464,2433.7419288738843,184.13814427317178,1967.5884990880004,2543.527766566786,97.76584536799166,68.85206908931804,139.83174682742035,7.157633235035527,1265,-3.410150474611679,-3.9498829709291106
8874,310.945,12.677910944976789,2433.639369188725,184.13057048017222,1967.5930114716189,2543.527646365952,97.76579779229986,68.85055083726911,139.7626503663257,7.157824162916086,1265,-3.410626765576939,-3.9498829709291106
8875,310.955,12.678293599756342,2433.5369666920587,184.1230082793175,1967.5975243952557,2543.5275261668253,97.76575021651183,68.84903476984329,139.6935457431354,7.158015086476661,1265,-3.41110235878169,-3.9498829709291106
8876,310.965,12.678675777803496,2433.4347211449135,184.11545765302023,1967.6020378581031,2543.5274059694034,97.76570264062754,68.84752088380898,139.62443297026743,7.158206005723464,1265,-3.4115772550772694,-3.9498829709291106
8877,310.97499999999997,12.67905747974614,2433.3326323086494,184.10791858368682,1967.6065518593537,2543.527285773683,97.76565506464698,68.84600917593875,139.55531206012404,7.158396920662695,1265,-3.4120514553161905,-3.9498829709291106
8878,310.985,12.679438706211549,2433.230699944949,184.10039105376245,1967.6110663981997,2543.5271655796605,97.76560748857013,68.8444996430094,139.48618302509166,7.1585878313005455,1265,-3.412524960352105,-3.9498829709291106
8879,310.995,12.679819457826396,2433.128923815833,184.09287504573732,1967.6155814738356,2543.5270453873336,97.765559912397,68.8429922818019,139.4170458775409,7.158778737643198,1265,-3.4129977710397688,-3.9498829709291106
8880,311.005,12.68019973521687,2433.027303683653,184.08537054211507,1967.6200970854588,2543.5269251966993,97.76551233612754,68.84148708910142,139.34790062982646,7.158969639696826,1265,-3.4134698882350096,-3.9498829709291106
8881,311.015,12.680579539008532,2432.925839311086,184.07787752540088,1967.624613232265,2543.526805007753,97.7654647597618,68.83998406169734,139.27874729428726,7.159160537467594,1265,-3.413941312794688,-3.9498829709291106
8882,311.025,12.680958869826352,2432.8245304611437,184.07039597811684,1967.6291299134516,2543.5266848204933,97.7654171832997,68.83848319638321,139.20958588324626,7.1593514309616575,1265,-3.4144120455766642,-3.9498829709291106
8883,311.03499999999997,12.681337728294766,2432.723376897166,184.0629258828447,1967.6336471282175,2543.526564634917,97.76536960674129,68.83698448995682,139.1404164090106,7.159542320185163,1265,-3.4148820874397687,-3.9498829709291106
8884,311.04499999999996,12.681716115037629,2432.622378382826,184.05546722223445,1967.6381648757624,2543.526444451021,97.76532203008652,68.83548793922013,139.07123888387136,7.159733205144248,1265,-3.4153514392437643,-3.9498829709291106
8885,311.055,12.682094030678199,2432.521534682129,184.04801997884127,1967.6426831552878,2543.526324268801,97.7652744533354,68.83399354097934,139.00205332010376,7.1599240858450415,1265,-3.4158201018493175,-3.9498829709291106
8886,311.065,12.68247147583915,2432.4208455594044,184.04058413530123,1967.6472019659948,2543.5262040882567,97.76522687648789,68.83250129204481,138.93285972996696,7.160114962293663,1265,-3.4162880761179633,-3.9498829709291106
8887,311.075,12.682848451142588,2432.320310779317,184.03315967430424,1967.6517213070874,2543.526083909382,97.765179299544,68.83101118923115,138.86365812570426,7.160305834496221,1265,-3.416755362912076,-3.9498829709291106
8888,311.085,12.683224957210081,2432.2199301068613,184.0257465785405,1967.6562411777677,2543.5259637321756,97.76513172250372,68.82952322935714,138.79444851954284,7.1604967024588175,1265,-3.4172219630948395,-3.9498829709291106
8889,311.09499999999997,12.683600994662484,2432.1197033073654,184.01834483071315,1967.6607615772414,2543.525843556635,97.76508414536703,68.82803740924581,138.7252309236939,7.160687566187545,1265,-3.4176878775302106,-3.9498829709291106
8890,311.105,12.683976564120202,2432.0196301464825,184.0109544135983,1967.665282504715,2543.5257233827574,97.76503656813392,68.82655372572438,138.6560053503526,7.160878425688487,1265,-3.4181531070828974,-3.9498829709291106
8891,311.115,12.684351666203007,2431.9197103902025,184.00357530988114,1967.669803959395,2543.525603210537,97.7649889908044,68.82507217562429,138.58677181169801,7.161069280967718,1265,-3.418617652618326,-3.9498829709291106
8892,311.125,12.68472630153006,2431.819943804842,183.99620750242676,1967.6743259404896,2543.525483039974,97.76494141337842,68.82359275578115,138.51753031989318,7.161260132031303,1265,-3.4190815150026075,-3.9498829709291106
8893,311.135,12.685100470719915,2431.720330157046,183.9888509739983,1967.678848447209,2543.525362871063,97.764893835856,68.82211546303483,138.44828088708505,7.1614509788852985,1265,-3.419544695102517,-3.9498829709291106
8894,311.145,12.685474174390615,2431.6208692137966,183.98150570743752,1967.6833714787613,2543.525242703802,97.76484625823711,68.8206402942294,138.37902352540445,7.161641821535754,1265,-3.420007193785458,-3.9498829709291106
8895,311.155,12.685847413159559,2431.5215607423997,183.97417168565053,1967.6878950343591,2543.52512253819,97.76479868052176,68.81916724621314,138.30975824696614,7.161832659988706,1265,-3.4204690119194403,-3.9498829709291106
8896,311.16499999999996,12.686220187643537,2431.422404510496,183.96684889150407,1967.6924191132155,2543.52500237422,97.76475110270992,68.81769631583856,138.24048506386868,7.1620234942501835,1265,-3.420930150373049,-3.9498829709291106
8897,311.17499999999995,12.686592498458754,2431.3234002860586,183.95953730781216,1967.6969437145412,2543.5248822118915,97.76470352480159,68.81622749996235,138.17120398819455,7.16221432432621,1265,-3.421390610015422,-3.9498829709291106
8898,311.185,12.686964346220837,2431.2245478373848,183.9522369176555,1967.701468837553,2543.5247620512023,97.76465594679674,68.81476079544547,138.10191503201008,7.162405150222796,1265,-3.4218503917162164,-3.9498829709291106
8899,311.195,12.68733573154483,2431.1258469331,183.94494770389002,1967.705994481466,2543.524641892148,97.76460836869538,68.813296199153,138.03261820736543,7.162595971945945,1265,-3.4223094963455893,-3.9498829709291106
8900,311.205,12.687706655045124,2431.0272973421716,183.9376696495145,1967.710520645496,2543.524521734725,97.76456079049748,68.81183370795435,137.96331352629457,7.1627867895016495,1265,-3.4227679247741674,-3.9498829709291106
8901,311.215,12.68807711733556,2430.9288988338867,183.93040273754897,1967.7150473288605,2543.524401578932,97.76451321220306,68.81037331872307,137.8940010008153,7.162977602895898,1265,-3.423225677873027,-3.9498829709291106
8902,311.22499999999997,12.68844711902934,2430.8306511778637,183.92314695105745,1967.7195745307781,2543.5242814247654,97.76446563381207,68.80891502833693,137.8246806429293,7.163168412134666,1265,-3.423682756513661,-3.9498829709291106
8903,311.235,12.68881666073908,2430.732554144057,183.91590227304206,1967.7241022504686,2543.524161272221,97.76441805532453,68.80745883367796,137.75535246462195,7.16335921722392,1265,-3.4241391615679633,-3.9498829709291106
8904,311.245,12.689185743076841,2430.634607502739,183.9086686865972,1967.728630487152,2543.5240411212985,97.76437047674041,68.80600473163233,137.68601647786244,7.163550018169621,1265,-3.4245948939081994,-3.9498829709291106
8905,311.255,12.68955436665401,2430.5368110245267,183.90144617480541,1967.7331592400517,2543.523920971994,97.7643228980597,68.8045527190905,137.61667269460384,7.163740814977718,1265,-3.425049954406981,-3.9498829709291106
8906,311.265,12.689922532081386,2430.439164480352,183.89423472085002,1967.7376885083906,2543.523800824303,97.76427531928242,68.80310279294709,137.54732112678283,7.163931607654153,1265,-3.425504343937251,-3.9498829709291106
8907,311.275,12.690290239969169,2430.3416676414836,183.88703430779157,1967.7422182913901,2543.5236806782236,97.7642277404085,68.80165495010094,137.4779617863201,7.164122396204857,1265,-3.425958063372249,-3.9498829709291106
8908,311.28499999999997,12.690657490926984,2430.244320279522,183.8798449188807,1967.7467485882773,2543.5235605337534,97.76418016143799,68.80020918745512,137.40859468511985,7.164313180635756,1265,-3.426411113585498,-3.9498829709291106
8909,311.29499999999996,12.691024285563774,2430.1471221663896,183.87266653733434,1967.751279398277,2543.523440390889,97.76413258237085,68.79876550191693,137.33921983507022,7.164503960952763,1265,-3.4268634954507786,-3.9498829709291106
8910,311.305,12.691390624487946,2430.050073074343,183.86549914630262,1967.755810720616,2543.523320249627,97.76408500320706,68.7973238903978,137.26983724804305,7.164694737161786,1265,-3.4273152098421056,-3.9498829709291106
8911,311.315,12.691756508307254,2429.953172775962,183.8583427290563,1967.7603425545244,2543.5232001099653,97.76403742394662,68.79588434981348,137.2004469358939,7.164885509268722,1265,-3.4277662576337087,-3.9498829709291106
8912,311.325,12.6921219376289,2429.856421044162,183.8511972689016,1967.764874899229,2543.523079971901,97.76398984458952,68.7944468770838,137.1310489104621,7.16507627727946,1265,-3.4282166397000102,-3.9498829709291106
8913,311.335,12.692486913059376,2429.75981765218,183.844062749079,1967.7694077539613,2543.5229598354304,97.76394226513574,68.79301146913292,137.06164318357077,7.16526704119988,1265,-3.4286663569156044,-3.9498829709291106
8914,311.34499999999997,12.692851435204638,2429.6633623735856,183.83693915298255,1967.773941117953,2543.5228397005517,97.7638946855853,68.79157812288912,136.99222976702663,7.165457801035854,1265,-3.4291154101552372,-3.9498829709291106
8915,311.355,12.693215504670004,2429.567054982275,183.82982646389132,1967.7784749904354,2543.52271956726,97.76384710593815,68.79014683528494,136.9228086726203,7.1656485567932435,1265,-3.429563800293784,-3.9498829709291106
8916,311.365,12.693579122060173,2429.4708952524734,183.82272466518546,1967.7830093706407,2543.5225994355546,97.76379952619429,68.78871760325708,136.85337991212603,7.165839308477905,1265,-3.4300115282062333,-3.9498829709291106
8917,311.375,12.69394228797925,2429.3748829587325,183.8156337402699,1967.7875442578063,2543.5224793054313,97.76375194635372,68.78729042374647,136.7839434973018,7.166030056095681,1265,-3.4304585947676633,-3.9498829709291106
8918,311.385,12.694305003030689,2429.279017875931,183.80855367256893,1967.7920796511653,2543.522359176888,97.76370436641643,68.78586529369822,136.71449943988938,7.16622079965241,1265,-3.4309050008532256,-3.9498829709291106
8919,311.395,12.69466726781738,2429.1832997792712,183.8014844455055,1967.796615549956,2543.522239049921,97.7636567863824,68.78444221006167,136.64504775161424,7.166411539153922,1265,-3.431350747338123,-3.9498829709291106
8920,311.405,12.695029082941543,2429.087728444294,183.79442604255487,1967.8011519534139,2543.522118924529,97.76360920625163,68.78302116979035,136.5755884441855,7.166602274606032,1265,-3.431795835097594,-3.9498829709291106
8921,311.41499999999996,12.695390449004817,2428.9923036468576,183.78737844717486,1967.8056888607798,2543.5219988007066,97.76356162602409,68.78160216984193,136.50612152929617,7.166793006014555,1265,-3.432240265006892,-3.9498829709291106
8922,311.42499999999995,12.695751366608201,2428.897025163146,183.78034164291464,1967.8102262712914,2543.521878678453,97.76351404569978,68.78018520717835,136.43664701862278,7.166983733385291,1265,-3.432684037941269,-3.9498829709291106
8923,311.435,12.696111836352097,2428.8018927696744,183.77331561332758,1967.8147641841917,2543.5217585577657,97.7634664652787,68.77877027876572,136.36716492382573,7.167174456724035,1265,-3.4331271547759563,-3.9498829709291106
8924,311.445,12.696471858836219,2428.706906243287,183.76630034193664,1967.8193025987216,2543.5216384386395,97.76341888476082,68.77735738157433,136.2976752565491,7.167365176036572,1265,-3.433569616386146,-3.9498829709291106
8925,311.455,12.69683143465977,2428.612065361145,183.75929581230068,1967.823841514123,2543.521518321073,97.76337130414615,68.77594651257866,136.2281780284207,7.1675558913286785,1265,-3.434011423646977,-3.9498829709291106
8926,311.465,12.697190564421225,2428.5173699007396,183.75230200810378,1967.8283809296404,2543.5213982050636,97.76332372343465,68.77453766875736,136.15867325105205,7.167746602606123,1265,-3.4344525774335155,-3.9498829709291106
8927,311.47499999999997,12.697549248718545,2428.422819639891,183.74531891290792,1967.83292084452,2543.5212780906077,97.76327614262634,68.77313084709333,136.08916093603838,7.167937309874665,1265,-3.434893078620739,-3.9498829709291106
8928,311.485,12.69790748814896,2428.328414356741,183.73834651038695,1967.8374612580062,2543.521157977703,97.76322856172119,68.77172604457357,136.01964109495873,7.168128013140054,1265,-3.4353329280835188,-3.9498829709291106
8929,311.495,12.698265283309164,2428.2341538297587,183.73138478427066,1967.8420021693476,2543.5210378663455,97.76318098071921,68.77032325818931,135.9501137393758,7.168318712408033,1265,-3.435772126696605,-3.9498829709291106
8930,311.505,12.698622634795152,2428.1400378377334,183.72443371820876,1967.8465435777912,2543.520917756535,97.76313339962036,68.76892248493596,135.88057888083603,7.168509407684338,1265,-3.4362106753346118,-3.9498829709291106
8931,311.515,12.698979543202348,2428.0460661597863,183.71749329594132,1967.8510854825863,2543.5207976482657,97.76308581842464,68.76752372181308,135.81103653086964,7.168700098974693,1265,-3.4366485748719966,-3.9498829709291106
8932,311.525,12.699336009125526,2427.952238575356,183.7105635012271,1967.8556278829833,2543.5206775415368,97.76303823713206,68.76612696582443,135.74148670099052,7.1688907862848135,1265,-3.4370858261830515,-3.9498829709291106
8933,311.53499999999997,12.699692033158872,2427.8585548642113,183.70364431781178,1967.860170778235,2543.5205574363436,97.76299065574258,68.76473221397795,135.67192940269638,7.1690814696204095,1265,-3.437522430141883,-3.9498829709291106
8934,311.54499999999996,12.70004761589591,2427.7650148064427,183.6967357295642,1967.8647141675924,2543.5204373326856,97.76294307425623,68.7633394632857,135.60236464746862,7.16927214898718,1265,-3.4379583876223987,-3.9498829709291106
8935,311.555,12.700402757929519,2427.67161818246,183.6898377202342,1967.8692580503093,2543.5203172305582,97.76289549267295,68.76194871076397,135.53279244677245,7.169462824390818,1265,-3.4383936994982935,-3.9498829709291106
8936,311.565,12.70075745985199,2427.578364773003,183.68295027368904,1967.8738024256395,2543.52019712996,97.76284791099276,68.7605599534332,135.46321281205672,7.169653495837006,1265,-3.438828366643033,-3.9498829709291106
8937,311.575,12.70111172225499,2427.4852543591305,183.67607337382103,1967.8783472928399,2543.5200770308857,97.76280032921562,68.75917318831794,135.3936257547542,7.169844163331419,1265,-3.4392623899298416,-3.9498829709291106
8938,311.585,12.701465545729537,2427.392286722227,183.66920700450302,1967.8828926511662,2543.519956933335,97.76275274734158,68.75778841244697,135.32403128628133,7.170034826879723,1265,-3.439695770231686,-3.9498829709291106
8939,311.59499999999997,12.701818930865997,2427.299461643997,183.66235114967358,1967.8874384998762,2543.519836837304,97.76270516537056,68.75640562285318,135.25442941803826,7.170225486487575,1265,-3.4401285084212647,-3.9498829709291106
8940,311.605,12.702171878254166,2427.2067789064718,183.65550579325802,1967.891984838229,2543.5197167427914,97.7626575833026,68.75502481657364,135.18482016140908,7.170416142160626,1265,-3.4405606053709903,-3.9498829709291106
8941,311.615,12.702524388483175,2427.114238291996,183.64867091923279,1967.8965316654853,2543.519596649791,97.76261000113766,68.75364599064956,135.1152035277615,7.170606793904516,1265,-3.440992061952981,-3.9498829709291106
8942,311.625,12.702876462141521,2427.0218395832435,183.64184651157277,1967.901078980904,2543.519476558303,97.76256241887573,68.75226914212634,135.04557952844715,7.170797441724877,1265,-3.441422879039041,-3.9498829709291106
8943,311.635,12.703228099817098,2426.9295825632094,183.63503255428245,1967.9056267837482,2543.519356468325,97.76251483651681,68.75089426805344,134.97594817480137,7.170988085627336,1265,-3.4418530575006545,-3.9498829709291106
8944,311.645,12.703579302097124,2426.837467015207,183.62822903141523,1967.91017507328,2543.5192363798515,97.76246725406091,68.74952136548457,134.90630947814336,7.171178725617506,1265,-3.442282598208969,-3.9498829709291106
8945,311.655,12.703930069568248,2426.7454927228723,183.62143592703407,1967.9147238487642,2543.5191162928813,97.76241967150798,68.74815043147748,134.836663449776,7.1713693617009975,1265,-3.442711502034783,-3.9498829709291106
8946,311.66499999999996,12.704280402816439,2426.6536594701597,183.61465322518225,1967.9192731094658,2543.518996207411,97.76237208885804,68.74678146309415,134.7670101009862,7.171559993883407,1265,-3.443139769848537,-3.9498829709291106
8947,311.67499999999995,12.704630302427034,2426.561967041349,183.60788091004875,1967.923822854652,2543.5188761234385,97.76232450611107,68.74541445740063,134.6973494430445,7.171750622170327,1265,-3.4435674025202943,-3.9498829709291106
8948,311.685,12.70497976898479,2426.4704152210343,183.6011189656937,1967.9283730835875,2543.518756040963,97.76227692326704,68.74404941146713,134.6276814872053,7.171941246567339,1265,-3.4439944009197365,-3.9498829709291106
8949,311.695,12.705328803073758,2426.379003794132,183.59436737629653,1967.932923795542,2543.518635959977,97.76222934032596,68.74268632236799,134.55800624470697,7.17213186708002,1265,-3.444420765916149,-3.9498829709291106
8950,311.705,12.705677405277427,2426.2877325458808,183.58762612603144,1967.9374749897854,2543.5185158804816,97.76218175728782,68.74132518718166,134.4883237267716,7.172322483713933,1265,-3.4448464983784097,-3.9498829709291106
8951,311.715,12.70602557617859,2426.1966012618323,183.58089519910797,1967.9420266655861,2543.5183958024722,97.76213417415259,68.73996600299073,134.41863394460518,7.172513096474638,1265,-3.4452715991749745,-3.9498829709291106
8952,311.72499999999997,12.706373316359466,2426.1056097278647,183.5741745796881,1967.946578822218,2543.518275725947,97.7620865909203,68.73860876688192,134.34893690939754,7.1727037053676845,1265,-3.4456960691738727,-3.9498829709291106
8953,311.735,12.706720626401593,2426.014757730166,183.56746425212796,1967.9511314589517,2543.5181556509033,97.7620390075909,68.73725347594603,134.2792326323224,7.172894310398613,1265,-3.44611990924269,-3.9498829709291106
8954,311.745,12.707067506885886,2425.924045055249,183.56076420063567,1967.955684575061,2543.5180355773364,97.7619914241644,68.73590012727803,134.20952112453733,7.173084911572957,1265,-3.4465431202485606,-3.9498829709291106
8955,311.755,12.707413958392667,2425.8334714899433,183.5540744094796,1967.9602381698207,2543.5179155052465,97.7619438406408,68.73454871797695,134.13980239718384,7.173275508896241,1265,-3.446965703058157,-3.9498829709291106
8956,311.765,12.707759981501574,2425.743036821394,183.54739486302358,1967.9647922425058,2543.5177954346286,97.76189625702006,68.73319924514593,134.07007646138734,7.1734661023739825,1265,-3.4473876585376786,-3.9498829709291106
8957,311.775,12.70810557679163,2425.652740837067,183.54072554560148,1967.9693467923937,2543.5176753654814,97.76184867330218,68.73185170589225,134.00034332825712,7.173656692011688,1265,-3.447808987552841,-3.9498829709291106
8958,311.78499999999997,12.708450744841217,2425.5625833247404,183.5340664416011,1967.973901818762,2543.517555297801,97.76180108948716,68.73050609732728,133.93060300888638,7.173847277814859,1265,-3.4482296909688657,-3.9498829709291106
8959,311.79499999999996,12.708795486228077,2425.4725640725155,183.52741753535975,1967.9784573208894,2543.517435231585,97.76175350557497,68.72916241656647,133.86085551435224,7.17403785978899,1265,-3.448649769650473,-3.9498829709291106
8960,311.805,12.709139801529336,2425.3826828687993,183.5207788112941,1967.9830132980542,2543.517315166832,97.76170592156564,68.72782066072935,133.79110085571583,7.17422843793956,1265,-3.44906922446187,-3.9498829709291106
8961,311.815,12.709483691321498,2425.2929395023284,183.51415025388107,1967.9875697495395,2543.5171951035386,97.76165833745912,68.7264808269396,133.72133904402216,7.1744190122720495,1265,-3.4494880562667403,-3.9498829709291106
8962,311.825,12.709827156180369,2425.2033337621456,183.50753184752176,1967.992126674626,2543.517075041701,97.76161075325541,68.72514291232494,133.65157009030023,7.174609582791923,1265,-3.4499062659282367,-3.9498829709291106
8963,311.835,12.710170196681185,2425.1138654376123,183.50092357676223,1967.9966840725965,2543.5169549813168,97.76156316895451,68.7238069140172,133.58179400556298,7.174800149504643,1265,-3.45032385430897,-3.9498829709291106
8964,311.84499999999997,12.710512813398527,2425.024534318405,183.49432542604143,1968.0012419427349,2543.5168349223836,97.7615155845564,68.72247282915225,133.51201080080745,7.174990712415657,1265,-3.4507408222710017,-3.9498829709291106
8965,311.855,12.710855006906302,2424.9353401945145,183.4877373798886,1968.0058002843275,2543.5167148648998,97.76146800006109,68.72114065487007,133.44222048701448,7.175181271530411,1265,-3.4511571706758346,-3.9498829709291106
8966,311.865,12.711196777777857,2424.846282856244,183.4811594229229,1968.0103590966573,2543.516594808861,97.76142041546854,68.71981038831471,133.37242307514907,7.17537182685434,1265,-3.4515729003844022,-3.9498829709291106
8967,311.875,12.711538126585816,2424.7573620942153,183.47459153965715,1968.0149183790143,2543.5164747542653,97.76137283077875,68.71848202663429,133.3026185761602,7.17556237839287,1265,-3.4519880122570625,-3.9498829709291106
8968,311.885,12.711879053902244,2424.6685776993613,183.46803371471313,1968.0194781306861,2543.51635470111,97.76132524599171,68.71715556698099,133.23280700098084,7.17575292615142,1265,-3.452402507153589,-3.9498829709291106
8969,311.895,12.7122195602985,2424.5799294629282,183.46148593268617,1968.0240383509604,2543.5162346493917,97.76127766110743,68.71583100651107,133.16298836052806,7.175943470135402,1265,-3.4528163859331604,-3.9498829709291106
8970,311.905,12.712559646345372,2424.491417176475,183.4549481782536,1968.0285990391285,2543.516114599109,97.76123007612588,68.71450834238479,133.09316266570295,7.176134010350218,1265,-3.453229649454355,-3.9498829709291106
8971,311.91499999999996,12.71289931261298,2424.403040631873,183.44842043605507,1968.0331601944808,2543.5159945502587,97.76118249104704,68.71318757176654,133.02332992739062,7.176324546801263,1265,-3.4536422985751423,-3.9498829709291106
8972,311.92499999999995,12.71323855967079,2424.314799621308,183.44190269078044,1968.037721816311,2543.5158745028375,97.76113490587092,68.71186869182473,132.95349015646036,7.1765150794939245,1265,-3.4540543341528727,-3.9498829709291106
8973,311.935,12.713577388087643,2424.226693937274,183.43539492715402,1968.0422839039097,2543.5157544568438,97.76108732059751,68.71055169973182,132.8836433637655,7.176705608433581,1265,-3.4544657570442725,-3.9498829709291106
8974,311.945,12.713915798431799,2424.1387233725845,183.4288971298773,1968.0468464565743,2543.515634412273,97.76103973522679,68.70923659266431,132.8137895601434,7.176896133625602,1265,-3.4548765681054348,-3.9498829709291106
8975,311.955,12.714253791270783,2424.050887720354,183.42240928377373,1968.0514094735993,2543.5155143691254,97.76099214975874,68.70792336780274,132.74392875641567,7.177086655075352,1265,-3.4552867681918134,-3.9498829709291106
8976,311.965,12.714591367171545,2423.963186774018,183.4159313735298,1968.0559729542795,2543.5153943273963,97.76094456419338,68.70661202233167,132.67406096338797,7.177277172788185,1265,-3.4556963581582116,-3.9498829709291106
8977,311.97499999999997,12.714928526700378,2423.8756203273124,183.40946338402986,1968.0605368979138,2543.515274287083,97.76089697853068,68.70530255343971,132.60418619185015,7.177467686769448,1265,-3.4561053388587815,-3.9498829709291106
8978,311.985,12.715265270422982,2423.78818817429,183.40300530004862,1968.0651013038,2543.5151542481835,97.76084939277064,68.70399495831953,132.53430445257612,7.1776581970244795,1265,-3.4565137111470094,-3.9498829709291106
8979,311.995,12.715601598904342,2423.700890109314,183.39655710647705,1968.069666171237,2543.5150342106954,97.76080180691325,68.70268923416775,132.4644157563241,7.17784870355861,1265,-3.456921475875716,-3.9498829709291106
8980,312.005,12.715937512708868,2423.613725927055,183.39011878812306,1968.074231499527,2543.514914174614,97.76075422095846,68.7013853781851,132.39452011383634,7.1780392063771625,1265,-3.457328633897043,-3.9498829709291106
8981,312.015,12.71627301240029,2423.526695422492,183.38369032994285,1968.0787972879702,2543.5147941399405,97.76070663490633,68.70008338757623,132.32461753583945,7.178229705485454,1265,-3.457735186062452,-3.9498829709291106
8982,312.025,12.716608098541759,2423.4397983909143,183.37727171683517,1968.08336353587,2543.5146741066687,97.7606590487568,68.69878325954988,132.2547080330441,7.178420200888789,1265,-3.4581411332227128,-3.9498829709291106
8983,312.03499999999997,12.716942771695717,2423.35303462792,183.3708629337568,1968.0879302425283,2543.5145540747976,97.76061146250989,68.69748499131877,132.18479161614528,7.178610692592469,1265,-3.4585464762279017,-3.9498829709291106
8984,312.04499999999996,12.717277032424029,2423.2664039294136,183.3644639656306,1968.0924974072523,2543.514434044325,97.76056387616556,68.69618858009963,132.1148682958222,7.178801180601783,1265,-3.4589512159273923,-3.9498829709291106
8985,312.055,12.717610881287879,2423.1799060916114,183.35807479745063,1968.0970650293455,2543.5143140152463,97.76051628972382,68.69489402311316,132.04493808273827,7.178991664922016,1265,-3.459355353169848,-3.9498829709291106
8986,312.065,12.717944318847843,2423.093540911031,183.35169541419873,1968.1016331081148,2543.5141939875607,97.76046870318467,68.69360131758411,131.97500098754125,7.1791821455584435,1265,-3.459758888803219,-3.9498829709291106
8987,312.075,12.718277345663873,2423.007308184501,183.34532580094478,1968.1062016428689,2543.514073961266,97.76042111654807,68.69231046074117,131.90505702086315,7.179372622516333,1265,-3.460161823674736,-3.9498829709291106
8988,312.085,12.718609962295222,2422.921207709156,183.33896594277428,1968.1107706329155,2543.513953936357,97.76037352981403,68.69102144981706,131.83510619332029,7.179563095800944,1265,-3.4605641586308993,-3.9498829709291106
8989,312.09499999999997,12.718942169300549,2422.8352392824354,183.33261582467938,1968.1153400775654,2543.5138339128343,97.76032594298253,68.68973428204845,131.76514851551323,7.179753565417529,1265,-3.4609658945174804,-3.9498829709291106
8990,312.105,12.719273967237887,2422.749402702087,183.32627543180936,1968.1199099761277,2543.5137138906925,97.76027835605358,68.68844895467602,131.69518399802698,7.17994403137133,1265,-3.4613670321795116,-3.9498829709291106
8991,312.115,12.71960535666464,2422.663697766164,183.31994474928388,1968.1244803279155,2543.5135938699314,97.76023076902713,68.6871654649444,131.6252126514308,7.180134493667587,1265,-3.461767572461281,-3.9498829709291106
8992,312.125,12.719936338137522,2422.578124273022,183.31362376219735,1968.129051132241,2543.513473850546,97.76018318190322,68.68588381010223,131.5552344862783,7.180324952311525,1265,-3.4621675162063266,-3.9498829709291106
8993,312.135,12.720266912212656,2422.492682021326,183.3073124557678,1968.1336223884189,2543.513353832536,97.76013559468181,68.68460398740206,131.48524951310753,7.180515407308367,1265,-3.4625668642574343,-3.9498829709291106
8994,312.145,12.720597079445508,2422.407370810041,183.30101081517225,1968.1381940957626,2543.5132338158965,97.7600880073629,68.68332599410046,131.4152577424409,7.180705858663326,1265,-3.4629656174566263,-3.9498829709291106
8995,312.155,12.720926840390891,2422.3221904384377,183.29471882561825,1968.1427662535884,2543.5131138006277,97.76004041994646,68.68204982745793,131.34525918478522,7.180896306381605,1265,-3.4633637766451626,-3.9498829709291106
8996,312.16499999999996,12.721256195603058,2422.2371407060896,183.28843647231216,1968.1473388612142,2543.5129937867237,97.75999283243254,68.68077548473893,131.27525385063169,7.1810867504684035,1265,-3.4637613426635303,-3.9498829709291106
8997,312.17499999999995,12.72158514563552,2422.1522214128795,183.28216374050686,1968.1519119179559,2543.512873774185,97.75994524482107,68.67950296321185,131.205241750456,7.18127719092891,1265,-3.4641583163514427,-3.9498829709291106
8998,312.185,12.721913691041243,2422.0674323589797,183.27590061555568,1968.156485423134,2543.5127537630083,97.75989765711205,68.67823226014906,131.13522289471823,7.181467627768307,1265,-3.4645546985478326,-3.9498829709291106
8999,312.195,12.722241832372472,2421.9827733448797,183.26964708263804,1968.1610593760672,2543.512633753189,97.75985006930549,68.67696337282688,131.065197293863,7.181658060991769,1265,-3.4649504900908474,-3.9498829709291106
9000,312.205,12.722569570180886,2421.898244171365,183.26340312719137,1968.1656337760764,2543.512513744727,97.75980248140137,68.6756962985255,130.99516495831938,7.1818484906044615,1265,-3.4653456918178445,-3.9498829709291106
9001,312.215,12.72289690501752,2421.8138446395205,183.25716873445248,1968.1702086224852,2543.512393737619,97.75975489339967,68.67443103452912,130.92512589850088,7.182038916611544,1265,-3.465740304565386,-3.9498829709291106
9002,312.22499999999997,12.723223837432755,2421.729574550737,183.25094388985613,1968.174783914615,2543.5122737318607,97.75970730530041,68.67316757812584,130.85508012480562,7.182229339018168,1265,-3.466134329169237,-3.9498829709291106
9003,312.235,12.723550367976301,2421.6454337067034,183.24472857875568,1968.17935965179,2543.512153727451,97.75965971710356,68.67190592660769,130.7850276476162,7.182419757829474,1265,-3.4665277664643557,-3.9498829709291106
9004,312.245,12.723876497197294,2421.5614219094114,183.23852278657648,1968.1839358333345,2543.5120337243893,97.7596121288091,68.67064607727059,130.71496847729975,7.182610173050601,1265,-3.4669206172848956,-3.9498829709291106
9005,312.255,12.72420222564422,2421.4775389611505,183.232326498771,1968.1885124585751,2543.5119137226698,97.75956454041705,68.66938802741443,130.64490262420802,7.182800584686675,1265,-3.467312882464195,-3.9498829709291106
9006,312.265,12.7245275538649,2421.3937846645135,183.22613970076284,1968.1930895268395,2543.5117937222903,97.75951695192737,68.66813177434295,130.5748300986773,7.182990992742819,1265,-3.467704562834777,-3.9498829709291106
9007,312.275,12.724852482406533,2421.310158822388,183.21996237802364,1968.197667037453,2543.5116737232515,97.75946936334006,68.66687731536386,130.50475091102848,7.183181397224142,1265,-3.468095659228345,-3.9498829709291106
9008,312.28499999999997,12.725177011815727,2421.226661237964,183.2137945160563,1968.202244989747,2543.5115537255474,97.75942177465512,68.66562464778873,130.4346650715671,7.183371798135751,1265,-3.468486172475776,-3.9498829709291106
9009,312.29499999999996,12.725501142638395,2421.14329171473,183.20763610037906,1968.2068233830512,2543.5114337291766,97.75937418587255,68.66437376893305,130.3645725905833,7.183562195482745,1265,-3.4688761034071187,-3.9498829709291106
9010,312.305,12.725824875419846,2421.0600500564774,183.20148711657316,1968.2114022166952,2543.511313734138,97.75932659699231,68.66312467611617,130.29447347835182,7.183752589270211,1265,-3.4692654528515887,-3.9498829709291106
9011,312.315,12.726148210704727,2420.976936067283,183.19534755010474,1968.2159814900126,2543.5111937404263,97.75927900801442,68.66187736666139,130.22436774513216,7.183942979503233,1265,-3.4696542216375668,-3.9498829709291106
9012,312.325,12.726471149037092,2420.8939495515347,183.18921738666884,1968.2205612023347,2543.51107374804,97.75923141893882,68.66063183789583,130.15425540116843,7.184133366186885,1265,-3.4700424105925918,-3.9498829709291106
9013,312.335,12.726793690960331,2420.8110903139095,183.18309661178657,1968.2251413529955,2543.510953756978,97.75918382976559,68.65938808715055,130.08413645668946,7.184323749326235,1265,-3.470430020543359,-3.9498829709291106
9014,312.34499999999997,12.727115837017209,2420.7283581593865,183.17698521116014,1968.2297219413306,2543.5108337672364,97.75913624049464,68.65814611176043,130.01401092190883,7.184514128926341,1265,-3.4708170523157174,-3.9498829709291106
9015,312.355,12.727437587749877,2420.645752893235,183.17088317037772,1968.2343029666758,2543.5107137788127,97.75908865112598,68.65690590906428,129.94387880702482,7.184704504992256,1265,-3.471203506734663,-3.9498829709291106
9016,312.365,12.727758943699815,2420.5632743210253,183.164790475162,1968.2388844283682,2543.5105937917056,97.75904106165963,68.65566747640473,129.8737401222204,7.1848948775290244,1265,-3.4715893846243397,-3.9498829709291106
9017,312.375,12.728079905407883,2420.480922248622,183.15870711117108,1968.2434663257447,2543.5104738059113,97.75899347209554,68.6544308111283,129.80359487766341,7.185085246541682,1265,-3.471974686808032,-3.9498829709291106
9018,312.385,12.728400473414327,2420.3986964821847,183.1526330641354,1968.2480486581455,2543.5103538214275,97.75894588243375,68.65319591058532,129.73344308350647,7.1852756120352606,1265,-3.472359414108163,-3.9498829709291106
9019,312.395,12.728720648258717,2420.3165968281705,183.14656831977703,1968.2526314249096,2543.5102338382535,97.75889829267419,68.65196277213008,129.66328474988694,7.185465974014779,1265,-3.4727435673462916,-3.9498829709291106
9020,312.405,12.729040430480087,2420.234623093325,183.1405128638926,1968.2572146253776,2543.510113856383,97.7588507028169,68.65073139312061,129.593119886927,7.185656332485253,1265,-3.4731271473431113,-3.9498829709291106
9021,312.41499999999996,12.72935982061669,2420.1527750846917,183.13446668222804,1968.2617982588913,2543.5099938758167,97.75880311286184,68.64950177091882,129.5229485047337,7.18584668745169,1265,-3.4735101549184426,-3.9498829709291106
9022,312.42499999999995,12.729678819206319,2420.0710526096095,183.128429760587,1968.2663823247954,2543.509873896552,97.75875552280903,68.6482739028905,129.45277061339897,7.18603703891909,1265,-3.4738925908912313,-3.9498829709291106
9023,312.435,12.729997426785927,2419.989455475711,183.12240208481145,1968.2709668224306,2543.509753918585,97.75870793265842,68.64704778640521,129.38258622299958,7.186227386892442,1265,-3.4742744560795504,-3.9498829709291106
9024,312.445,12.730315643892057,2419.907983490916,183.11638364073337,1968.2755517511441,2543.509633941913,97.75866034241005,68.64582341883637,129.31239534359716,7.186417731376734,1265,-3.4746557513005896,-3.9498829709291106
9025,312.455,12.730633471060466,2419.826636463439,183.11037441422442,1968.2801371102807,2543.509513966536,97.75861275206388,68.64460079756127,129.24219798523828,7.1866080723769405,1265,-3.475036477370659,-3.9498829709291106
9026,312.465,12.730950908826381,2419.7454142017923,183.10437439114696,1968.2847228991877,2543.5093939924495,97.75856516161991,68.64337991996096,129.17199415795446,7.186798409898032,1265,-3.475416635105181,-3.9498829709291106
9027,312.47499999999997,12.73126795772426,2419.6643165147716,183.0983835574516,1968.2893091172116,2543.50927401965,97.75851757107813,68.64216078342032,129.10178387176214,7.18698874394497,1265,-3.4757962253186916,-3.9498829709291106
9028,312.485,12.731584618288114,2419.583343211471,183.0924018990764,1968.2938957637027,2543.5091540481367,97.75846998043852,68.64094338532807,129.03156713666272,7.18717907452271,1265,-3.476175248824836,-3.9498829709291106
9029,312.495,12.731900891051145,2419.502494101273,183.08642940192905,1968.2984828380088,2543.5090340779084,97.75842238970108,68.6397277230767,128.96134396264253,7.1873694016362,1265,-3.4765537064363654,-3.9498829709291106
9030,312.505,12.732216776546057,2419.4217689938487,183.0804660520031,1968.3030703394827,2543.508914108961,97.75837479886582,68.63851379406256,128.89111435967303,7.187559725290378,1265,-3.4769315989651375,-3.9498829709291106
9031,312.515,12.732532275304878,2419.341167699162,183.0745118353392,1968.3076582674744,2543.5087941412908,97.75832720793268,68.63730159568573,128.82087833771058,7.187750045490178,1265,-3.4773089272221083,-3.9498829709291106
9032,312.525,12.732847387858975,2419.260690027462,183.06856673786442,1968.312246621337,2543.5086741748974,97.75827961690172,68.63609112535013,128.7506359066966,7.187940362240525,1265,-3.4776856920173365,-3.9498829709291106
9033,312.53499999999997,12.733162114739123,2419.180335789297,183.06263074568076,1968.316835400424,2543.5085542097786,97.75823202577286,68.63488238046347,128.68038707655757,7.1881306755463354,1265,-3.478061894159975,-3.9498829709291106
9034,312.54499999999996,12.733476456475453,2419.1001047954946,183.056703844845,1968.3214246040898,2543.5084342459304,97.75818443454615,68.63367535843722,128.6101318572051,7.188320985412521,1265,-3.4784375344582736,-3.9498829709291106
9035,312.555,12.733790413597493,2419.0199968571737,183.05078602139142,1968.3260142316901,2543.5083142833514,97.75813684322155,68.63247005668663,128.53987025853576,7.1885112918439855,1265,-3.478812613719574,-3.9498829709291106
9036,312.565,12.73410398663414,2418.940011785744,183.04487726149847,1968.3306042825825,2543.508194322039,97.75808925179903,68.63126647263077,128.46960229043137,7.188701594845623,1265,-3.479187132750306,-3.9498829709291106
9037,312.575,12.73441717611359,2418.8601493929,183.0389775512157,1968.3351947561218,2543.5080743619897,97.75804166027864,68.63006460369242,128.39932796275878,7.188891894422324,1265,-3.4795610923559903,-3.9498829709291106
9038,312.585,12.734729982563511,2418.780409490628,183.03308687673476,1968.3397856516697,2543.5079544032033,97.75799406866032,68.6288644472982,128.32904728537002,7.189082190578967,1265,-3.4799344933412324,-3.9498829709291106
9039,312.59499999999997,12.735042406510859,2418.700791891193,183.02720522418295,1968.3443769685828,2543.5078344456747,97.75794647694408,68.6276660008784,128.25876026810226,7.189272483320428,1265,-3.48030733650972,-3.9498829709291106
9040,312.605,12.735354448482045,2418.621296407155,183.02133257974427,1968.3489687062224,2543.5077144894035,97.75789888512992,68.62646926186716,128.18846692077787,7.189462772651573,1265,-3.480679622664225,-3.9498829709291106
9041,312.615,12.735666109002793,2418.5419228513606,183.01546892969222,1968.3535608639497,2543.507594534388,97.75785129321781,68.62527422770229,128.11816725320443,7.189653058577259,1265,-3.481051352606598,-3.9498829709291106
9042,312.625,12.735977388598206,2418.4626710369303,183.00961426021163,1968.3581534411273,2543.5074745806223,97.75780370120776,68.62408089582541,128.04786127517474,7.189843341102343,1265,-3.4814225271377683,-3.9498829709291106
9043,312.635,12.7362882877928,2418.383540777285,183.00376855752495,1968.362746437119,2543.5073546281064,97.75775610909976,68.62288926368187,127.9775489964668,7.190033620231666,1265,-3.4817931470577403,-3.9498829709291106
9044,312.645,12.73659880711042,2418.3045318861214,182.99793180798466,1968.3673398512876,2543.507234676839,97.75770851689379,68.62169932872072,127.90723042684388,7.190223895970067,1265,-3.4821632131655935,-3.9498829709291106
9045,312.655,12.736908947074307,2418.2256441774243,182.99210399775097,1968.3719336829997,2543.5071147268154,97.75766092458984,68.62051108839479,127.83690557605455,7.190414168322374,1265,-3.4825327262594796,-3.9498829709291106
9046,312.66499999999996,12.737218708207067,2418.1468774654627,182.9862851132567,1968.3765279316196,2543.5069947780335,97.75761333218792,68.61932454016062,127.76657445383265,7.1906044372934135,1265,-3.482901687136621,-3.9498829709291106
9047,312.67499999999995,12.737528091030713,2418.0682315647864,182.98047514076046,1968.381122596516,2543.5068748304925,97.75756573968799,68.61813968147847,127.69623706989734,7.190794702887999,1265,-3.48327009659331,-3.9498829709291106
9048,312.685,12.737837096066562,2417.989706290233,182.97467406667192,1968.385717677056,2543.506754884188,97.75751814709007,68.61695650981234,127.62589343395312,7.19098496511094,1265,-3.483637955424905,-3.9498829709291106
9049,312.695,12.738145723835398,2417.9113014569207,182.96888187733688,1968.3903131726086,2543.50663493912,97.75747055439413,68.61577502262992,127.55554355568982,7.191175223967037,1265,-3.484005264425832,-3.9498829709291106
9050,312.705,12.73845397485729,2417.8330168802504,182.96309855912332,1968.3949090825452,2543.5065149952843,97.75742296160018,68.61459521740262,127.48518744478265,7.191365479461086,1265,-3.48437202438958,-3.9498829709291106
9051,312.715,12.738761849651786,2417.7548523759065,182.95732409848927,1968.3995054062345,2543.5063950526783,97.7573753687082,68.61341709160557,127.41482511089222,7.191555731597872,1265,-3.484738236108702,-3.9498829709291106
9052,312.72499999999997,12.739069348737686,2417.676807759852,182.95155848185274,1968.4041021430487,2543.506275111301,97.75732777571818,68.61224064271757,127.3444565636645,7.191745980382177,1265,-3.485103900374811,-3.9498829709291106
9053,312.735,12.739376472633282,2417.5988828483382,182.94580169569252,1968.4086992923617,2543.506155171149,97.75728018263011,68.61106586822115,127.27408181273094,7.191936225818772,1265,-3.485469017978581,-3.9498829709291106
9054,312.745,12.739683221856165,2417.52107745789,182.94005372648368,1968.413296853547,2543.506035232221,97.757232589444,68.60989276560251,127.20370086770842,7.1921264679124235,1265,-3.485833589709745,-3.9498829709291106
9055,312.755,12.739989596923362,2417.4433914053157,182.93431456068078,1968.4178948259787,2543.5059152945137,97.75718499615982,68.60872133235154,127.13331373819925,7.19231670666789,1265,-3.4861976163570922,-3.9498829709291106
9056,312.765,12.740295598351224,2417.365824507707,182.92858418486742,1968.4224932090324,2543.505795358025,97.75713740277757,68.6075515659618,127.06292043379123,7.192506942089923,1265,-3.4865610987084685,-3.9498829709291106
9057,312.775,12.740601226655512,2417.288376582427,182.9228625855559,1968.427092002085,2543.505675422751,97.75708980929724,68.60638346393058,126.99252096405773,7.192697174183266,1265,-3.4869240375507746,-3.9498829709291106
9058,312.78499999999997,12.740906482351377,2417.211047447133,182.91714974929297,1968.4316912045135,2543.505555488694,97.75704221571883,68.60521702375878,126.92211533855753,7.192887402952658,1265,-3.4872864336699645,-3.9498829709291106
9059,312.79499999999996,12.741211365953305,2417.1338369197433,182.91144566263264,1968.4362908156968,2543.5054355558464,97.7569946220423,68.60405224295098,126.85170356683506,7.193077628402826,1265,-3.487648287851044,-3.9498829709291106
9060,312.805,12.741515877975203,2417.056744818468,182.90575031224833,1968.4408908350147,2543.5053156242075,97.75694702826767,68.60288911901547,126.7812856584202,7.193267850538496,1265,-3.4880096008780708,-3.9498829709291106
9061,312.815,12.741820018930364,2416.9797709617924,182.9000636847387,1968.4454912618464,2543.505195693777,97.75689943439492,68.60172764946414,126.7108616228285,7.193458069364382,1265,-3.4883703735341522,-3.9498829709291106
9062,312.825,12.74212378933138,2416.902915168477,182.89438576671895,1968.4500920955734,2543.5050757645495,97.75685184042406,68.60056783181255,126.64043146956105,7.193648284885194,1265,-3.488730606601445,-3.9498829709291106
9063,312.835,12.74242718969034,2416.826177257563,182.88871654489265,1968.454693335579,2543.504955836525,97.75680424635507,68.59940966357995,126.56999520810459,7.1938384971056335,1265,-3.489090300861154,-3.9498829709291106
9064,312.84499999999997,12.742730220518663,2416.7495570483647,182.8830560059028,1968.4592949812454,2543.5048359097004,97.75675665218793,68.59825314228918,126.49955284793144,7.1940287060303945,1265,-3.4894494570935306,-3.9498829709291106
9065,312.855,12.743032882327064,2416.673054360481,182.87740413649854,1968.4638970319554,2543.504715984073,97.75670905792265,68.59709826546673,126.42910439849965,7.194218911664166,1265,-3.4898080760778707,-3.9498829709291106
9066,312.865,12.743335175625823,2416.596669013773,182.87176092330006,1968.468499487097,2543.504596059641,97.75666146355918,68.59594503064275,126.35864986925287,7.194409114011628,1265,-3.4901661585925194,-3.9498829709291106
9067,312.875,12.743637100924424,2416.520400828393,182.86612635319193,1968.4731023460536,2543.504476136401,97.75661386909756,68.59479343535101,126.2881892696205,7.194599313077455,1265,-3.4905237054148612,-3.9498829709291106
9068,312.885,12.743938658731837,2416.444249624764,182.86050041286967,1968.477705608213,2543.504356214352,97.75656627453778,68.59364347712888,126.21772260901763,7.194789508866313,1265,-3.4908807173213274,-3.9498829709291106
9069,312.895,12.744239849556378,2416.3682152235747,182.8548830891046,1968.4823092729628,2543.5042362934914,97.75651867987979,68.5924951535174,126.14724989684504,7.194979701382861,1265,-3.4912371950873897,-3.9498829709291106
9070,312.905,12.744540673905759,2416.292297445805,182.84927436874955,1968.486913339691,2543.504116373817,97.75647108512362,68.59134846206118,126.07677114248935,7.195169890631753,1265,-3.491593139487562,-3.9498829709291106
9071,312.91499999999996,12.744841132287084,2416.2164961126928,182.84367423856608,1968.4915178077895,2543.503996455326,97.75642349026926,68.59020340030845,126.00628635532286,7.195360076617635,1265,-3.4919485512954,-3.9498829709291106
9072,312.92499999999995,12.745141225206783,2416.1408110457614,182.83808268543413,1968.4961226766454,2543.503876538016,97.75637589531667,68.58905996581107,125.93579554470371,7.195550259345144,1265,-3.4923034312834975,-3.9498829709291106
9073,312.935,12.74544095317076,2416.065242066803,182.83249969627505,1968.5007279456531,2543.503756621886,97.75632830026588,68.58791815612446,125.86529871997581,7.195740438818914,1265,-3.4926577802234893,-3.9498829709291106
9074,312.945,12.745740316684262,2415.989788997884,182.82692525787937,1968.505333614205,2543.503636706933,97.75628070511684,68.5867779688077,125.79479589046896,7.19593061504357,1265,-3.4930115988860497,-3.9498829709291106
9075,312.955,12.746039316251872,2415.9144516613424,182.82135935718452,1968.5099396816925,2543.5035167931533,97.75623310986957,68.58563940142339,125.72428706549873,7.196120788023728,1265,-3.4933648880408885,-3.9498829709291106
9076,312.965,12.74633795237763,2415.839229879788,182.81580198113542,1968.5145461475104,2543.5033968805456,97.75618551452406,68.58450245153776,125.65377225436659,7.196310957764001,1265,-3.4937176484567556,-3.9498829709291106
9077,312.97499999999997,12.746636225564956,2415.7641234761045,182.81025311668014,1968.5191530110535,2543.503276969109,97.7561379190803,68.58336711672064,125.58325146635991,7.196501124268992,1265,-3.494069880901435,-3.9498829709291106
9078,312.985,12.746934136316602,2415.68913227345,182.80471275075445,1968.5237602717202,2543.503157058839,97.75609032353827,68.58223339454537,125.51272471075193,7.196691287543299,1265,-3.49442158614175,-3.9498829709291106
9079,312.995,12.747231685134754,2415.6142560952458,182.79918087038013,1968.528367928905,2543.503037149735,97.75604272789798,68.58110128258893,125.44219199680182,7.196881447591513,1265,-3.4947727649435585,-3.9498829709291106
9080,313.005,12.74752887252097,2415.5394947651903,182.79365746254012,1968.5329759820067,2543.5029172417935,97.75599513215941,68.57997077843184,125.37165333375474,7.197071604418215,1265,-3.4951234180717514,-3.9498829709291106
9081,313.015,12.747825698976214,2415.4648481072504,182.78814251425732,1968.537584430424,2543.502797335013,97.75594753632255,68.5788418796582,125.30110873084175,7.1972617580279845,1265,-3.495473546290259,-3.9498829709291106
9082,313.025,12.748122165000806,2415.3903159456613,182.78263601255526,1968.5421932735564,2543.50267742939,97.75589994038741,68.57771458385562,125.23055819727992,7.197451908425391,1265,-3.495823150362041,-3.9498829709291106
9083,313.03499999999997,12.74841827109449,2415.3158981049305,182.77713794457327,1968.546802510805,2543.502557524924,97.75585234435394,68.57658888861532,125.16000174227234,7.197642055614996,1265,-3.496172231049094,-3.9498829709291106
9084,313.04499999999996,12.748714017756367,2415.2415944098348,182.77164829732038,1968.5514121415704,2543.502437621613,97.75580474822218,68.57546479153206,125.08943937500806,7.197832199601356,1265,-3.496520789112448,-3.9498829709291106
9085,313.055,12.74900940548491,2415.1674046854196,182.76616705795186,1968.5560221652568,2543.502317719452,97.75575715199209,68.57434229020411,125.01887110466222,7.198022340389022,1265,-3.496868825312164,-3.9498829709291106
9086,313.065,12.74930443477808,2415.093328756993,182.7606942135608,1968.5606325812662,2543.502197818441,97.75570955566367,68.57322138223334,124.94829694039602,7.198212477982533,1265,-3.497216340407338,-3.9498829709291106
9087,313.075,12.749599106133086,2415.0193664501385,182.75522975130627,1968.5652433890032,2543.5020779185784,97.75566195923692,68.57210206522508,124.8777168913567,7.198402612386429,1265,-3.4975633351560975,-3.9498829709291106
9088,313.085,12.749893420046646,2414.945517590705,182.74977365836773,1968.5698545878743,2543.501958019859,97.75561436271181,68.57098433678824,124.80713096667762,7.198592743605236,1265,-3.497909810315601,-3.9498829709291106
9089,313.09499999999997,12.750187377014804,2414.8717820048087,182.74432592188137,1968.574466177283,2543.5018381222835,97.75556676608835,68.56986819453526,124.73653917547827,7.198782871643477,1265,-3.4982557666420413,-3.9498829709291106
9090,313.105,12.750480977533034,2414.7981595188303,182.73888652910773,1968.5790781566375,2543.5017182258484,97.75551916936654,68.56875363608205,124.66594152686426,7.198972996505667,1265,-3.49860120489064,-3.9498829709291106
9091,313.115,12.750774222096164,2414.724649959417,182.7334554672304,1968.5836905253454,2543.5015983305507,97.75547157254634,68.56764065904811,124.59533802992735,7.1991631181963145,1265,-3.4989461258156522,-3.9498829709291106
9092,313.125,12.751067111198456,2414.6512531534877,182.728032723492,1968.5883032828167,2543.5014784363893,97.75542397562778,68.56652926105637,124.52472869374546,7.199353236719921,1265,-3.499290530170363,-3.9498829709291106
9093,313.135,12.751359645333501,2414.5779689282203,182.72261828518504,1968.592916428459,2543.501358543362,97.75537637861082,68.56541943973335,124.45411352738277,7.199543352080984,1265,-3.499634418707089,-3.9498829709291106
9094,313.145,12.751651824994358,2414.504797111063,182.71721213955013,1968.5975299616853,2543.501238651466,97.75532878149546,68.56431119270903,124.38349253988962,7.199733464283989,1265,-3.4999777921771758,-3.9498829709291106
9095,313.155,12.751943650673464,2414.431737529726,182.71181427392443,1968.6021438819055,2543.5011187606983,97.7552811842817,68.56320451761684,124.31286574030256,7.199923573333419,1265,-3.500320651331001,-3.9498829709291106
9096,313.16499999999996,12.752235122862583,2414.358790012182,182.70642467561115,1968.6067581885325,2543.5009988710594,97.75523358696955,68.5620994120938,124.24223313764443,7.200113679233749,1265,-3.5006629969179737,-3.9498829709291106
9097,313.17499999999995,12.752526242052946,2414.2859543866684,182.70104333194863,1968.611372880979,2543.500878982545,97.75518598955895,68.56099587378034,124.17159474092436,7.200303781989446,1265,-3.5010048296865315,-3.9498829709291106
9098,313.185,12.752817008735182,2414.2132304816946,182.69567023030604,1968.6159879586596,2543.5007590951536,97.75513839204993,68.55989390032042,124.10095055913773,7.200493881604974,1265,-3.5013461503841423,-3.9498829709291106
9099,313.195,12.753107423399236,2414.140618126024,182.69030535804785,1968.6206034209888,2543.5006392088817,97.75509079444248,68.55879348936145,124.03030060126622,7.2006839780847836,1265,-3.5016869597573055,-3.9498829709291106
9100,313.205,12.753397486534547,2414.0681171486826,182.68494870258078,1968.6252192673835,2543.500519323729,97.7550431967366,68.55769463855432,123.95964487627792,7.200874071433326,1265,-3.502027258551549,-3.9498829709291106
9101,313.215,12.753687198629867,2413.995727378967,182.67960025131939,1968.629835497259,2543.500399439691,97.75499559893224,68.5565973455534,123.88898339312716,7.201064161655042,1265,-3.502367047511432,-3.9498829709291106
9102,313.22499999999997,12.753976560173413,2413.9234486464284,182.67425999172343,1968.6344521100355,2543.5002795567684,97.75494800102942,68.5555016080165,123.81831616075472,7.201254248754367,1265,-3.502706327380545,-3.9498829709291106
9103,313.235,12.754265571652752,2413.851280780881,182.66892791121418,1968.6390691051292,2543.5001596749576,97.75490040302815,68.55440742360491,123.74764318808774,7.201444332735727,1265,-3.503045098901505,-3.9498829709291106
9104,313.245,12.754554233554854,2413.7792236124037,182.66360399728973,1968.6436864819607,2543.5000397942545,97.75485280492838,68.5533147899834,123.67696448403974,7.201634413603546,1265,-3.5033833628159625,-3.9498829709291106
9105,313.255,12.754842546366115,2413.7072769713373,182.65828823742584,1968.6483042399504,2543.499919914659,97.75480520673014,68.55222370482012,123.60628005751074,7.201824491362238,1265,-3.5037211198645957,-3.9498829709291106
9106,313.265,12.755130510572323,2413.6354406882706,182.6529806191465,1968.6529223785192,2543.4998000361693,97.7547576084334,68.55113416578672,123.53558991738713,7.202014566016211,1265,-3.504058370787116,-3.9498829709291106
9107,313.275,12.755418126658629,2413.563714594073,182.64768112996876,1968.657540897088,2543.499680158783,97.75471001003815,68.55004617055828,123.46489407254178,7.202204637569866,1265,-3.5043951163222617,-3.9498829709291106
9108,313.28499999999997,12.755705395109628,2413.4920985198573,182.64238975750652,1968.6621597950818,2543.499560282497,97.75466241154442,68.54895971681329,123.39419253183407,7.202394706027599,1265,-3.5047313572078043,-3.9498829709291106
9109,313.29499999999996,12.75599231640929,2413.420592297003,182.6371064892203,1968.6667790719248,2543.4994404073086,97.75461481295214,68.54787480223371,123.32348530410984,7.2025847713937985,1265,-3.505067094180544,-3.9498829709291106
9110,313.305,12.75627889104098,2413.349195757146,182.63183131282233,1968.6713987270402,2543.499320533217,97.75456721426134,68.54679142450492,123.25277239820153,7.202774833672846,1265,-3.5054023279763133,-3.9498829709291106
9111,313.315,12.756565119487473,2413.2779087321833,182.626564215843,1968.676018759853,2543.49920066022,97.75451961547202,68.54570958131568,123.18205382292803,7.202964892869117,1265,-3.505737059329974,-3.9498829709291106
9112,313.325,12.75685100223098,2413.2067310542657,182.62130518593528,1968.680639169792,2543.499080788315,97.75447201658415,68.54462927035821,123.11132958709487,7.20315494898698,1265,-3.5060712889754204,-3.9498829709291106
9113,313.335,12.75713653975305,2413.1356625558087,182.61605421071144,1968.6852599562837,2543.4989609175,97.75442441759775,68.54355048932814,123.04059969949412,7.203345002030797,1265,-3.506405017645576,-3.9498829709291106
9114,313.34499999999997,12.757421732534647,2413.064703069478,182.61081127788106,1968.689881118756,2543.498841047773,97.75437681851275,68.54247323592448,122.96986416890444,7.203535052004924,1265,-3.506738246072398,-3.9498829709291106
9115,313.355,12.757706581056203,2412.9938524282006,182.60557637512312,1968.6945026566364,2543.4987211791304,97.75432921932922,68.54139750784967,122.89912300409111,7.203725098913711,1265,-3.5070709749868736,-3.9498829709291106
9116,313.365,12.75799108579747,2412.923110465161,182.60034949011867,1968.699124569358,2543.498601311572,97.7542816200471,68.54032330280953,122.8283762138061,7.2039151427615,1265,-3.507403205119023,-3.9498829709291106
9117,313.375,12.758275247237668,2412.852477013796,182.59513061064067,1968.7037468563508,2543.4984814450954,97.7542340206664,68.5392506185133,122.75762380678799,7.204105183552626,1265,-3.5077349371978976,-3.9498829709291106
9118,313.385,12.758559065855367,2412.7819519078034,182.58991972435115,1968.7083695170454,2543.4983615796973,97.7541864211871,68.53817945267356,122.68686579176205,7.204295221291419,1265,-3.5080661719515813,-3.9498829709291106
9119,313.395,12.758842542128555,2412.7115349811343,182.58471681903583,1968.712992550874,2543.4982417153765,97.75413882160922,68.53710980300632,122.6161021774402,7.204485255982203,1265,-3.5083969101071917,-3.9498829709291106
9120,313.405,12.759125676534671,2412.641226067993,182.57952188253626,1968.717615957272,2543.49812185213,97.75409122193273,68.53604166723095,122.54533297252117,7.204675287629294,1265,-3.5087271523908776,-3.9498829709291106
9121,313.41499999999996,12.759408469550518,2412.571025002838,182.5743349026112,1968.7222397356725,2543.4980019899567,97.75404362215761,68.5349750430702,122.47455818569034,7.204865316237002,1265,-3.509056899527822,-3.9498829709291106
9122,313.42499999999995,12.759690921652293,2412.5009316203877,182.56915586705213,1968.726863885511,2543.4978821288532,97.75399602228387,68.53390992825021,122.40377782561988,7.205055341809631,1265,-3.509386152242241,-3.9498829709291106
9123,313.435,12.75997303331563,2412.430945755613,182.56398476370572,1968.7314884062243,2543.4977622688184,97.75394842231152,68.53284632050043,122.33299190096874,7.2052453643514776,1265,-3.509714911257386,-3.9498829709291106
9124,313.445,12.760254805015542,2412.3610672437335,182.55882158046046,1968.736113297247,2543.497642409851,97.75390082224051,68.5317842175537,122.26220042038264,7.205435383866834,1265,-3.510043177295541,-3.9498829709291106
9125,313.455,12.760536237226512,2412.2912959202245,182.55366630512825,1968.7407385580195,2543.497522551947,97.75385322207086,68.53072361714626,122.19140339249412,7.205625400359983,1265,-3.5103709510780248,-3.9498829709291106
9126,313.465,12.76081733042231,2412.2216316208173,182.54851892563744,1968.7453641879783,2543.497402695105,97.75380562180256,68.52966451701764,122.12060082592257,7.205815413835203,1265,-3.5106982333251917,-3.9498829709291106
9127,313.47499999999997,12.761098085076277,2412.152074181492,182.54337942990216,1968.7499901865644,2543.4972828393234,97.7537580214356,68.52860691491072,122.0497927292742,7.206005424296765,1265,-3.511025024756431,-3.9498829709291106
9128,313.485,12.761378501660998,2412.082623438484,182.53824780582462,1968.7546165532178,2543.497162984599,97.75371042096998,68.52755080857177,121.97897911114208,7.206195431748935,1265,-3.511351326090169,-3.9498829709291106
9129,313.495,12.761658580648584,2412.0132792282757,182.5331240413896,1968.7592432873787,2543.4970431309303,97.75366282040568,68.52649619575037,121.90815998010622,7.206385436195971,1265,-3.5116771380438667,-3.9498829709291106
9130,313.505,12.761938322510481,2411.9440413876073,182.52800812454333,1968.7638703884904,2543.4969232783155,97.75361521974267,68.52544307419942,121.83733534473346,7.206575437642126,1265,-3.5120024613340224,-3.9498829709291106
9131,313.515,12.76221772771762,2411.8749097534655,182.52290004324152,1968.7684978559944,2543.4968034267513,97.75356761898098,68.52439144167515,121.76650521357763,7.206765436091644,1265,-3.5123272966761703,-3.9498829709291106
9132,313.525,12.76249679674029,2411.8058841630886,182.51779978553583,1968.773125689336,2543.496683576238,97.7535200181206,68.52334129593714,121.69566959517951,7.206955431548768,1265,-3.5126516447848837,-3.9498829709291106
9133,313.53499999999997,12.762775530048202,2411.7369644539613,182.51270733941956,1968.7777538879586,2543.4965637267705,97.7534724171615,68.52229263474827,121.62482849806679,7.207145424017727,1265,-3.512975506373773,-3.9498829709291106
9134,313.54499999999996,12.76305392811046,2411.668150463831,182.5076226929328,1968.7823824513089,2543.4964438783495,97.75342481610369,68.52124545587472,121.55398193075416,7.207335413502751,1265,-3.513298882155487,-3.9498829709291106
9135,313.555,12.763331991395642,2411.599442030674,182.50254583412863,1968.7870113788324,2543.4963240309717,97.75337721494715,68.52019975708602,121.48312990174335,7.207525400008059,1265,-3.5136217728417143,-3.9498829709291106
9136,313.565,12.763609720371644,2411.5308389927372,182.49747675109631,1968.7916406699755,2543.4962041846343,97.75332961369188,68.51915553615497,121.41227241952306,7.207715383537865,1265,-3.513944179143181,-3.9498829709291106
9137,313.575,12.763887115505879,2411.4623411885036,182.4924154319508,1968.796270324187,2543.496084339336,97.75328201233788,68.51811279085769,121.34140949256908,7.207905364096378,1265,-3.514266101769656,-3.9498829709291106
9138,313.585,12.7641641772651,2411.3939484567045,182.48736186472212,1968.8009003409159,2543.4959644950745,97.75323441088511,68.51707151897357,121.27054112934421,7.208095341687798,1265,-3.514587541429946,-3.9498829709291106
9139,313.59499999999997,12.76444090611548,2411.325660636324,182.48231603761852,1968.805530719611,2543.4958446518476,97.7531868093336,68.5160317182853,121.19966733829835,7.2082853163163225,1265,-3.5149084988318986,-3.9498829709291106
9140,313.605,12.764717302522655,2411.2574775665917,182.47727793877442,1968.8101614597235,2543.495724809653,97.75313920768333,68.51499338657891,121.1287881278685,7.208475287986138,1265,-3.515228974682404,-3.9498829709291106
9141,313.615,12.764993366951638,2411.1893990869853,182.47224755632848,1968.814792560704,2543.49560496849,97.75309160593429,68.51395652164364,121.05790350647878,7.208665256701428,1265,-3.515548969687396,-3.9498829709291106
9142,313.625,12.765269099866833,2411.121425037226,182.46722487851295,1968.8194240220062,2543.4954851283555,97.75304400408645,68.51292112127202,120.98701348254045,7.208855222466369,1265,-3.5158684845518473,-3.9498829709291106
9143,313.635,12.765544501732128,2411.0535552572856,182.4622098934923,1968.824055843081,2543.4953652892473,97.75299640213984,68.51188718325989,120.91611806445187,7.20904518528513,1265,-3.516187519979778,-3.9498829709291106
9144,313.645,12.765819573010809,2410.98578958738,182.45720258945943,1968.828688023384,2543.4952454511636,97.75294880009444,68.51085470540632,120.84521726059866,7.209235145161876,1265,-3.516506076674246,-3.9498829709291106
9145,313.655,12.766094314165496,2410.9181278679703,182.4522029547542,1968.8333205623692,2543.4951256141007,97.75290119795024,68.50982368551367,120.77431107935357,7.209425102100764,1265,-3.5168241553373605,-3.9498829709291106
9146,313.66499999999996,12.766368725658358,2410.8505699397665,182.447210977529,1968.8379534594908,2543.495005778061,97.75285359570722,68.50879412138754,120.70339952907656,7.209615056105945,1265,-3.517141756670271,-3.9498829709291106
9147,313.67499999999995,12.766642807950875,2410.783115643719,182.44222664609293,1968.8425867142073,2543.494885943038,97.7528059933654,68.5077660108368,120.63248261811485,7.209805007181566,1265,-3.517458881373174,-3.9498829709291106
9148,313.685,12.766916561503992,2410.7157648210264,182.43724994880947,1968.847220325975,2543.4947661090314,97.75275839092474,68.50673935167357,120.56156035480291,7.209994955331763,1265,-3.517775530145312,-3.9498829709291106
9149,313.695,12.767189986778067,2410.6485173131277,182.4322808738897,1968.851854294252,2543.494646276039,97.75271078838526,68.5057141417132,120.49063274746246,7.21018490056067,1265,-3.518091703684974,-3.9498829709291106
9150,313.705,12.767463084232913,2410.5813729617093,182.427319409702,1968.856488618496,2543.4945264440585,97.75266318574694,68.50469037877427,120.41969980440247,7.210374842872414,1265,-3.5184074026894963,-3.9498829709291106
9151,313.715,12.767735854327691,2410.5143316086974,182.42236554457816,1968.8611232981682,2543.4944066130884,97.75261558300976,68.50366806067865,120.34876153391927,7.210564782271114,1265,-3.518722627855264,-3.9498829709291106
9152,313.72499999999997,12.768008297521034,2410.447393096268,182.41741926693018,1968.8657583327283,2543.494286783125,97.75256798017374,68.50264718525138,120.27781794429652,7.210754718760886,1265,-3.519037379877711,-3.9498829709291106
9153,313.735,12.768280414270983,2410.3805572668343,182.41248056511566,1968.8703937216385,2543.49416695417,97.75252037723885,68.50162775032076,120.20686904380516,7.2109446523458365,1265,-3.519351659451319,-3.9498829709291106
9154,313.745,12.768552205034975,2410.313823963048,182.4075494274826,1968.8750294643585,2543.4940471262175,97.75247277420509,68.50060975371832,120.13591484070353,7.211134583030067,1265,-3.5196654672696215,-3.9498829709291106
9155,313.755,12.768823670269946,2410.247193027816,182.40262584250516,1968.8796655603537,2543.493927299268,97.75242517107245,68.49959319327878,120.06495534323737,7.211324510817674,1265,-3.5199788040252007,-3.9498829709291106
9156,313.765,12.769094810432149,2410.180664304274,182.39770979863155,1968.8843020090876,2543.4938074733172,97.75237756784092,68.49857806684008,119.9939905596398,7.211514435712745,1265,-3.5202916704096925,-3.9498829709291106
9157,313.775,12.76936562597736,2410.114237635804,182.3928012843352,1968.8889388100235,2543.493687648365,97.75232996451051,68.49756437224339,119.92302049813131,7.211704357719366,1265,-3.520604067113784,-3.9498829709291106
9158,313.78499999999997,12.769636117360715,2410.047912866028,182.38790028799193,1968.8935759626281,2543.493567824408,97.75228236108119,68.49655210733306,119.8520451669199,7.211894276841612,1265,-3.520915994827213,-3.9498829709291106
9159,313.79499999999996,12.769906285036752,2409.9816898388112,182.38300679816803,1968.8982134663654,2543.493448001446,97.75223475755297,68.49554126995666,119.78106457420097,7.212084193083555,1265,-3.521227454238774,-3.9498829709291106
9160,313.805,12.770176129459557,2409.9155683982553,182.37812080335755,1968.9028513207052,2543.493328179475,97.75218715392583,68.49453185796494,119.71007872815743,7.212274106449259,1265,-3.521538446036314,-3.9498829709291106
9161,313.815,12.770445651082492,2409.849548388707,182.37324229207044,1968.9074895251142,2543.4932083584945,97.75213955019977,68.49352386921184,119.63908763695969,7.212464016942784,1265,-3.5218489709067344,-3.9498829709291106
9162,313.825,12.770714850358422,2409.783629654745,182.36837125287354,1968.9121280790603,2543.4930885385,97.75209194637478,68.49251730155451,119.56809130876562,7.2126539245681816,1265,-3.5221590295359944,-3.9498829709291106
9163,313.835,12.77098372773964,2409.717812041191,182.36350767431696,1968.916766982015,2543.4929687194935,97.75204434245084,68.49151215285325,119.49708975172064,7.2128438293295,1265,-3.5224686226091064,-3.9498829709291106
9164,313.84499999999997,12.771252283677859,2409.6520953931076,182.35865154495167,1968.9214062334456,2543.4928489014706,97.75199673842798,68.49050842097155,119.42608297395773,7.2130337312307775,1265,-3.522777750810143,-3.9498829709291106
9165,313.855,12.771520518624186,2409.5864795557927,182.35380285340634,1968.9260458328258,2543.492729084429,97.75194913430616,68.48950610377608,119.35507098359744,7.21322363027605,1265,-3.523086414822232,-3.9498829709291106
9166,313.865,12.771788433029213,2409.5209643747826,182.34896158825444,1968.9306857796255,2543.4926092683672,97.75190153008538,68.48850519913667,119.28405378874787,7.213413526469346,1265,-3.523394615327562,-3.9498829709291106
9167,313.875,12.7720560273429,2409.4555496958546,182.34412773819227,1968.9353260733185,2543.4924894532833,97.75185392576562,68.48750570492632,119.21303139750476,7.213603419814687,1265,-3.5237023530073786,-3.9498829709291106
9168,313.885,12.772323302014676,2409.390235365016,182.33930129181726,1968.939966713379,2543.4923696391743,97.7518063213469,68.48650761902118,119.14200381795148,7.21379331031609,1265,-3.5240096285419913,-3.9498829709291106
9169,313.895,12.772590257493414,2409.325021228518,182.33448223779675,1968.9446076992801,2543.4922498260407,97.7517587168292,68.48551093930055,119.07097105815897,7.213983197977565,1265,-3.524316442610766,-3.9498829709291106
9170,313.905,12.77285689422736,2409.259907132847,182.32967056484344,1968.949249030497,2543.492130013878,97.7517111122125,68.48451566364692,118.99993312618591,7.214173082803116,1265,-3.5246227958921326,-3.9498829709291106
9171,313.91499999999996,12.773123212664222,2409.19489292472,182.32486626163518,1968.9538907065053,2543.4920102026863,97.75166350749681,68.48352178994587,118.9288900300786,7.2143629647967416,1265,-3.524928689063586,-3.9498829709291106
9172,313.92499999999995,12.773389213251152,2409.1299784510993,182.32006931687295,1968.9585327267835,2543.4918903924613,97.75161590268212,68.48252931608616,118.85784177787107,7.2145528439624345,1265,-3.525234122801677,-3.9498829709291106
9173,313.935,12.773654896434731,2409.065163559173,182.31527971931715,1968.963175090807,2543.491770583203,97.75156829776842,68.48153823995965,118.78678837758505,7.21474272030418,1265,-3.5255390977820293,-3.9498829709291106
9174,313.945,12.773920262660926,2409.0004480963703,182.3104974576882,1968.9678177980552,2543.491650774909,97.75152069275568,68.4805485594614,118.71572983722999,7.214932593825958,1265,-3.5258436146793253,-3.9498829709291106
9175,313.955,12.774185312375202,2408.9358319103553,182.30572252084968,1968.972460848007,2543.491530967576,97.75147308764393,68.47956027248951,118.64466616480313,7.215122464531745,1265,-3.5261476741673152,-3.9498829709291106
9176,313.965,12.774450046022421,2408.871314849021,182.30095489744642,1968.9771042401421,2543.4914111612043,97.75142548243313,68.47857337694526,118.57359736828941,7.215312332425507,1265,-3.526451276918816,-3.9498829709291106
9177,313.97499999999997,12.774714464046893,2408.806896760504,182.2961945764204,1968.9817479739409,2543.491291355789,97.7513778771233,68.47758787073306,118.50252345566163,7.215502197511207,1265,-3.526754423605711,-3.9498829709291106
9178,313.985,12.774978566892322,2408.742577493163,182.29144154648935,1968.9863920488858,2543.4911715513313,97.75133027171444,68.4766037517604,118.43144443488035,7.215692059792802,1265,-3.527057114898953,-3.9498829709291106
9179,313.995,12.77524235500189,2408.678356895598,182.28669579652532,1968.9910364644588,2543.491051747828,97.7512826662065,68.47562101793785,118.36036031389396,7.215881919274242,1265,-3.527359351468563,-3.9498829709291106
9180,314.005,12.775505828818213,2408.6142348166377,182.28195731538923,1968.9956812201428,2543.490931945276,97.75123506059951,68.47463966717918,118.28927110063873,7.216071775959471,1265,-3.52766113398363,-3.9498829709291106
9181,314.015,12.775768988783339,2408.55021110535,182.27722609197338,1969.0003263154217,2543.490812143675,97.75118745489345,68.47365969740119,118.21817680303873,7.216261629852429,1265,-3.527962463112318,-3.9498829709291106
9182,314.025,12.776031835338719,2408.4862856110267,182.27250211512947,1969.0049717497802,2543.4906923430226,97.7511398490883,68.4726811065238,118.14707742900595,7.216451480957047,1265,-3.5282633395218586,-3.9498829709291106
9183,314.03499999999997,12.776294368925269,2408.4224581831954,182.2677853737612,1969.0096175227031,2543.4905725433155,97.75109224318408,68.47170389247,118.07597298644025,7.216641329277253,1265,-3.528563763878558,-3.9498829709291106
9184,314.04499999999996,12.776556589983349,2408.358728671617,182.26307585683577,1969.014263633678,2543.4904527445533,97.75104463718077,68.47072805316591,118.00486348322944,7.216831174816967,1265,-3.528863736847793,-3.9498829709291106
9185,314.055,12.776818498952723,2408.29509692628,182.25837355324208,1969.0189100821901,2543.490332946734,97.75099703107836,68.46975358654069,117.9337489272492,7.217021017580104,1265,-3.5291632590940183,-3.9498829709291106
9186,314.065,12.777080096272643,2408.231562797407,182.2536784519774,1969.023556867729,2543.4902131498543,97.75094942487684,68.4687804905266,117.86262932636322,7.217210857570574,1265,-3.52946233128076,-3.9498829709291106
9187,314.075,12.777341382381776,2408.168126135446,182.24899054202544,1969.028203989782,2543.4900933539143,97.75090181857621,68.46780876305898,117.79150468842315,7.217400694792279,1265,-3.529760954070621,-3.9498829709291106
9188,314.085,12.777602357718196,2408.1047867910806,182.24430981234426,1969.0328514478394,2543.489973558911,97.75085421217645,68.46683840207623,117.72037502126861,7.217590529249118,1265,-3.530059128125283,-3.9498829709291106
9189,314.09499999999997,12.777863022719472,2408.0415446152215,182.23963625195105,1969.0374992413895,2543.4898537648414,97.75080660567758,68.46586940551983,117.64924033272723,7.21778036094498,1265,-3.530356854105501,-3.9498829709291106
9190,314.105,12.778123377822572,2407.97839945901,182.23496984988995,1969.042147369926,2543.4897339717068,97.75075899907957,68.46490177133428,117.57810063061467,7.2179701898837525,1265,-3.530654132671114,-3.9498829709291106
9191,314.115,12.77838342346393,2407.915351173814,182.2303105951626,1969.046795832938,2543.4896141795016,97.75071139238241,68.4639354974672,117.50695592273462,7.218160016069314,1265,-3.5309509644810344,-3.9498829709291106
9192,314.125,12.778643160079403,2407.852399611234,182.22565847684137,1969.0514446299203,2543.489494388225,97.75066378558613,68.46297058186921,117.43580621687886,7.2183498395055405,1265,-3.5312473501932597,-3.9498829709291106
9193,314.135,12.778902588104279,2407.7895446230937,182.22101348405258,1969.0560937603643,2543.4893745978766,97.75061617869066,68.46200702249402,117.3646515208272,7.218539660196299,1265,-3.5315432904648656,-3.9498829709291106
9194,314.145,12.779161707973337,2407.726786061452,182.21637560581868,1969.0607432237648,2543.4892548084526,97.75056857169604,68.46104481729834,117.29349184234756,7.218729478145452,1265,-3.531838785952011,-3.9498829709291106
9195,314.155,12.779420520120764,2407.664123778587,182.2117448312902,1969.0653930196163,2543.489135019953,97.75052096460225,68.46008396424195,117.222327189196,7.218919293356855,1265,-3.5321338373099382,-3.9498829709291106
9196,314.16499999999996,12.779679024980188,2407.60155762701,182.2071211495889,1969.0700431474145,2543.4890152323737,97.75047335740929,68.45912446128767,117.15115756911666,7.21910910583436,1265,-3.532428445192971,-3.9498829709291106
9197,314.17499999999995,12.779937222984682,2407.5390874594564,182.20250454984486,1969.0746936066562,2543.488895445715,97.75042575011713,68.45816630640134,117.07998298984188,7.2192989155818115,1265,-3.5327226102545204,-3.9498829709291106
9198,314.185,12.78019511456678,2407.4767131288922,182.19789502123444,1969.0793443968375,2543.4887756599724,97.7503781427258,68.4572094975518,117.00880345909216,7.219488722603048,1265,-3.533016333147082,-3.9498829709291106
9199,314.195,12.780452700158444,2407.4144344885044,182.19329255292098,1969.0839955174572,2543.4886558751464,97.75033053523524,68.45625403271096,116.93761898457615,7.2196785269019035,1265,-3.5333096145222385,-3.9498829709291106
9200,314.205,12.780709980191093,2407.3522513917064,182.1886971340859,1969.0886469680136,2543.488536091234,97.75028292764549,68.45529990985372,116.86642957399073,7.219868328482207,1265,-3.53360245503066,-3.9498829709291106
9201,314.215,12.780966955095577,2407.290163692142,182.18410875396452,1969.0932987480062,2543.4884163082334,97.75023531995653,68.454347126958,116.79523523502101,7.2200581273477775,1265,-3.533894855322103,-3.9498829709291106
9202,314.22499999999997,12.781223625302212,2407.228171243676,182.1795274017774,1969.0979508569353,2543.4882965261436,97.75018771216834,68.45339568200473,116.72403597534031,7.220247923502433,1265,-3.534186816045417,-3.9498829709291106
9203,314.235,12.781479991240747,2407.1662739004005,182.1749530667423,1969.1026032943012,2543.48817674496,97.75014010428093,68.45244557297785,116.65283180261022,7.220437716949984,1265,-3.5344783378485385,-3.9498829709291106
9204,314.245,12.781736053340374,2407.104471516629,182.17038573814662,1969.107256059607,2543.488056964685,97.7500924962943,68.45149679786428,116.5816227244806,7.220627507694235,1265,-3.5347694213784977,-3.9498829709291106
9205,314.255,12.781991812029766,2407.0427639469,182.16582540526545,1969.1119091523533,2543.4879371853135,97.75004488820842,68.45054935465397,116.5104087485896,7.220817295738984,1265,-3.5350600672814148,-3.9498829709291106
9206,314.265,12.782247267737013,2406.9811510459795,182.16127205735856,1969.1165625720448,2543.4878174068454,97.74999728002328,68.44960324133983,116.43918988256368,7.2210070810880245,1265,-3.5353502762025037,-3.9498829709291106
9207,314.275,12.78250242088963,2406.919632668853,182.15672568377323,1969.121216318185,2543.487697629276,97.74994967173889,68.44865845591777,116.36796613401762,7.221196863745145,1265,-3.5356400487860746,-3.9498829709291106
9208,314.28499999999997,12.78275727191464,2406.858208670732,182.15218627382458,1969.1258703902781,2543.487577852607,97.74990206335525,68.4477149963867,116.29673751055456,7.221386643714126,1265,-3.5359293856755296,-3.9498829709291106
9209,314.29499999999996,12.7830118212385,2406.796878907045,182.14765381684086,1969.1305247878306,2543.4874580768355,97.74985445487233,68.44677286074847,116.225504019766,7.221576420998745,1265,-3.536218287513368,-3.9498829709291106
9210,314.305,12.783266069287073,2406.735643233452,182.1431283021517,1969.1351795103476,2543.4873383019576,97.74980684629014,68.44583204700793,116.15426566923183,7.221766195602772,1265,-3.5365067549411853,-3.9498829709291106
9211,314.315,12.783520016485749,2406.6745015058254,182.1386097192508,1969.1398345573368,2543.487218527972,97.74975923760867,68.44489255317292,116.08302246652029,7.221955967529971,1265,-3.536794788599677,-3.9498829709291106
9212,314.325,12.783773663259318,2406.6134535802676,182.13409805737314,1969.1444899283072,2543.487098754879,97.74971162882792,68.44395437725423,116.0117744191881,7.222145736784102,1265,-3.5370823891286345,-3.9498829709291106
9213,314.335,12.78402701003201,2406.5524993130994,182.12959330600336,1969.1491456227643,2543.4869789826757,97.74966401994786,68.44301751726557,115.94052153478034,7.222335503368919,1265,-3.537369557166951,-3.9498829709291106
9214,314.34499999999997,12.784280057227537,2406.491638560859,182.12509545456615,1969.1538016402203,2543.4868592113603,97.7496164109685,68.44208197122369,115.86926382083061,7.222525267288169,1265,-3.5376562933526197,-3.9498829709291106
9215,314.355,12.784532805269068,2406.430871180311,182.12060449252422,1969.1584579801836,2543.4867394409293,97.74956880188984,68.44114773714821,115.79800128486093,7.222715028545593,1265,-3.5379425983227346,-3.9498829709291106
9216,314.365,12.784785254579237,2406.370197028438,182.11612040925834,1969.163114642166,2543.4866196713833,97.74952119271184,68.44021481306176,115.72673393438181,7.22290478714493,1265,-3.5382284727134943,-3.9498829709291106
9217,314.375,12.785037405580075,2406.3096159624424,182.1116431942985,1969.1677716256781,2543.4864999027186,97.74947358343454,68.43928319698988,115.6554617768923,7.2230945430899105,1265,-3.5385139171602,-3.9498829709291106
9218,314.385,12.785289258693117,2406.249127839746,182.10717283713305,1969.172428930233,2543.4863801349347,97.7494259740579,68.43835288696108,115.58418481987992,7.223284296384258,1265,-3.538798932297257,-3.9498829709291106
9219,314.395,12.785540814339342,2406.1887325179896,182.10270932722878,1969.177086555343,2543.486260368029,97.74937836458191,68.43742388100678,115.51290307082074,7.2234740470316945,1265,-3.539083518758177,-3.9498829709291106
9220,314.405,12.785792072939175,2406.1284298550363,182.09825265413562,1969.1817445005215,2543.4861406019995,97.7493307550066,68.43649617716133,115.44161653717941,7.223663795035933,1265,-3.539367677175577,-3.9498829709291106
9221,314.41499999999996,12.78604303491252,2406.0682197089645,182.0938028073322,1969.1864027652848,2543.486020836846,97.74928314533193,68.43556977346205,115.37032522640915,7.2238535404006825,1265,-3.5396514081811836,-3.9498829709291106
9222,314.42499999999995,12.78629370067873,2406.008101938069,182.08935977647167,1969.191061349145,2543.4859010725645,97.7492355355579,68.43464466794913,115.29902914595174,7.224043283129646,1265,-3.539934712405831,-3.9498829709291106
9223,314.435,12.78654407065658,2405.9480764008704,182.08492355105784,1969.1957202516217,2543.4857813091535,97.7491879256845,68.43372085866571,115.22772830323755,7.22423302322652,1265,-3.540217590479461,-3.9498829709291106
9224,314.445,12.78679414526439,2405.8881429560997,182.08049412067433,1969.20037947223,2543.4856615466124,97.74914031571173,68.43279834365785,115.15642270568566,7.224422760694997,1265,-3.54050004303113,-3.9498829709291106
9225,314.455,12.787043924919832,2405.8283014627073,182.07607147494903,1969.2050390104866,2543.485541784939,97.74909270563958,68.43187712097449,115.08511236070369,7.224612495538764,1265,-3.540782070689001,-3.9498829709291106
9226,314.465,12.7872934100401,2405.768551779865,182.07165560348992,1969.209698865911,2543.4854220241295,97.74904509546806,68.43095718866752,115.013797275688,7.224802227761501,1265,-3.5410636740803536,-3.9498829709291106
9227,314.47499999999997,12.787542601041846,2405.7088937669523,182.06724649587952,1969.2143590380215,2543.4853022641846,97.74899748519714,68.43003854479171,114.94247745802356,7.224991957366882,1265,-3.5413448538315784,-3.9498829709291106
9228,314.485,12.787791498341159,2405.649327283573,182.06284414186925,1969.2190195263372,2543.4851825051032,97.74894987482682,68.42912118740472,114.87115291508407,7.22518168435858,1265,-3.541625610568182,-3.9498829709291106
9229,314.495,12.788040102353609,2405.5898521895433,182.0584485310241,1969.2236803303808,2543.4850627468804,97.7489022643571,68.42820511456709,114.79982365423196,7.225371408740256,1265,-3.5419059449147854,-3.9498829709291106
9230,314.505,12.788288413494229,2405.5304683448953,182.05405965308992,1969.2283414496708,2543.4849429895157,97.74885465378796,68.42729032434232,114.7284896828183,7.225561130515571,1265,-3.542185857495126,-3.9498829709291106
9231,314.515,12.788536432177477,2405.471175609878,182.04967749771137,1969.2330028837291,2543.4848232330082,97.74880704311938,68.42637681479671,114.65715100818302,7.225750849688176,1265,-3.5424653489320588,-3.9498829709291106
9232,314.525,12.788784158817343,2405.4119738449554,182.04530205459818,1969.2376646320815,2543.4847034773557,97.7487594323514,68.42546458399951,114.58580763765471,7.225940566261721,1265,-3.5427444198475575,-3.9498829709291106
9233,314.53499999999997,12.789031593827211,2405.3528629108014,182.04093331352658,1969.2423266942476,2543.4845837225553,97.748711821484,68.4245536300228,114.51445957855083,7.226130280239846,1265,-3.543023070862716,-3.9498829709291106
9234,314.54499999999996,12.789278737619957,2405.293842668312,182.03657126423295,1969.2469890697528,2543.484463968607,97.74866421051715,68.42364395094155,114.44310683817754,7.226319991626189,1265,-3.543301302597747,-3.9498829709291106
9235,314.555,12.789525590607948,2405.2349129785903,182.0322158964547,1969.2516517581234,2543.484344215508,97.74861659945083,68.42273554483361,114.37174942382991,7.226509700424382,1265,-3.543579115671986,-3.9498829709291106
9236,314.565,12.789772153202952,2405.1760737029576,182.02786719999716,1969.256314758883,2543.484224463256,97.74856898828509,68.42182840977969,114.30038734279177,7.2266994066380486,1265,-3.5438565107038897,-3.9498829709291106
9237,314.575,12.790018425816244,2405.117324702946,182.02352516457242,1969.2609780715582,2543.484104711849,97.74852137701987,68.42092254386337,114.22902060233581,7.22688911027081,1265,-3.5441334883110405,-3.9498829709291106
9238,314.585,12.790264408858588,2405.0586658403035,182.0191897800438,1969.2656416956765,2543.4839849612868,97.74847376565519,68.42001794517104,114.15764920972359,7.227078811326282,1265,-3.5444100491101427,-3.9498829709291106
9239,314.59499999999997,12.790510102740145,2405.0000969769867,182.01486103625686,1969.2703056307664,2543.4838652115677,97.74842615419107,68.419114611792,114.08627317220557,7.227268509808074,1265,-3.5446861937170273,-3.9498829709291106
9240,314.605,12.79075550787062,2404.941617975169,182.01053892301465,1969.2749698763537,2543.4837454626877,97.74837854262742,68.41821254181838,114.01489249702105,7.227458205719788,1265,-3.5449619227466527,-3.9498829709291106
9241,314.615,12.791000624659135,2404.88322869723,182.00622343017352,1969.2796344319704,2543.483625714646,97.74833093096433,68.41731173334514,113.94350719139833,7.227647899065024,1265,-3.545237236813103,-3.9498829709291106
9242,314.625,12.791245453514295,2404.8249290057715,182.00191454763936,1969.284299297145,2543.483505967443,97.74828331920172,68.4164121844701,113.87211726255457,7.227837589847376,1265,-3.545512136529593,-3.9498829709291106
9243,314.635,12.791489994844131,2404.7667187635907,181.99761226519777,1969.2889644714076,2543.483386221073,97.74823570733962,68.4155138932939,113.8007227176959,7.228027278070431,1265,-3.545786622508463,-3.9498829709291106
9244,314.645,12.791734249056242,2404.7085978337127,181.9933165728665,1969.2936299542903,2543.483266475538,97.748188095378,68.41461685792002,113.72932356401745,7.228216963737771,1265,-3.5460606953611897,-3.9498829709291106
9245,314.655,12.791978216557629,2404.650566079362,181.98902746048392,1969.298295745325,2543.483146730833,97.74814048331689,68.41372107645479,113.65791980870326,7.228406646852973,1265,-3.5463343556983773,-3.9498829709291106
9246,314.66499999999996,12.792221897754736,2404.5926233639752,181.98474491798768,1969.3029618440441,2543.483026986959,97.74809287115625,68.41282654700731,113.58651145892642,7.228596327419608,1265,-3.5466076041297634,-3.9498829709291106
9247,314.67499999999995,12.792465293053548,2404.5347695512064,181.9804689353657,1969.307628249982,2543.482907243912,97.74804525889607,68.41193326768953,113.51509852184904,7.228786005441243,1265,-3.5468804412642196,-3.9498829709291106
9248,314.685,12.792708402859462,2404.4770045049113,181.97619950255245,1969.312294962671,2543.4827875016917,97.74799764653639,68.41104123661627,113.44368100462223,7.22897568092144,1265,-3.547152867709753,-3.9498829709291106
9249,314.695,12.792951227577404,2404.4193280891573,181.97193660949986,1969.316961981648,2543.482667760297,97.74795003407716,68.41015045190505,113.37225891438615,7.2291653538637535,1265,-3.5474248840735045,-3.9498829709291106
9250,314.705,12.793193767611696,2404.3617401682213,181.96768024626022,1969.3216293064474,2543.482548019724,97.74790242151839,68.40926091167627,113.30083225827006,7.229355024271733,1265,-3.5476964909617528,-3.9498829709291106
9251,314.715,12.793436023366231,2404.3042406065924,181.96343040278623,1969.3262969366062,2543.482428279972,97.74785480886005,68.40837261405315,113.22940104339227,7.229544692148925,1265,-3.547967688979915,-3.9498829709291106
9252,314.72499999999997,12.793677995244261,2404.2468292689587,181.9591870691735,1969.3309648716606,2543.482308541039,97.74780719610217,68.40748555716164,113.15796527686021,7.229734357498867,1265,-3.5482384787325465,-3.9498829709291106
9253,314.735,12.793919683648598,2404.1895060202273,181.9549502353236,1969.3356331111497,2543.482188802924,97.74775958324473,68.40659973913056,113.08652496577041,7.229924020325094,1265,-3.5485088608233406,-3.9498829709291106
9254,314.745,12.794161088981506,2404.1322707255063,181.9507198914368,1969.3403016546097,2543.4820690656247,97.74771197028771,68.40571515809145,113.01508011720856,7.230113680631136,1265,-3.5487788358551344,-3.9498829709291106
9255,314.755,12.794402211644726,2404.0751232501143,181.94649602753188,1969.344970501582,2543.4819493291384,97.74766435723112,68.40483181217871,112.94363073824942,7.230303338420513,1265,-3.549048404429905,-3.9498829709291106
9256,314.765,12.79464305203944,2404.0180634595763,181.94227863366083,1969.349639651605,2543.481829593466,97.74761674407493,68.40394969952946,112.87217683595703,7.230492993696747,1265,-3.549317567148773,-3.9498829709291106
9257,314.775,12.794883610566364,2403.961091219625,181.9380676999162,1969.3543091042197,2543.4817098586036,97.74756913081916,68.40306881828363,112.80071841738454,7.2306826464633485,1265,-3.549586324612003,-3.9498829709291106
9258,314.78499999999997,12.79512388762564,2403.9042063961956,181.93386321649717,1969.3589788589668,2543.4815901245497,97.7475215174638,68.40218916658394,112.72925548957431,7.2308722967238275,1265,-3.549854677419004,-3.9498829709291106
9259,314.79499999999996,12.795363883616902,2403.847408855434,181.92966517345408,1969.3636489153894,2543.4814703913025,97.74747390400883,68.40131074257583,112.65778805955792,7.231061944481684,1265,-3.550122626168332,-3.9498829709291106
9260,314.805,12.795603598939282,2403.7906984636916,181.92547356095827,1969.3683192730293,2543.4813506588607,97.74742629045426,68.40043354440758,112.58631613435614,7.231251589740416,1265,-3.550390171457688,-3.9498829709291106
9261,314.815,12.795843033991382,2403.7340750875233,181.92128836921853,1969.3729899314296,2543.481230927224,97.74737867680005,68.39955757023016,112.51483972097908,7.231441232503516,1265,-3.550657313883924,-3.9498829709291106
9262,314.825,12.796082189171244,2403.6775385936917,181.91710958827895,1969.3776608901353,2543.481111196387,97.74733106304625,68.39868281819734,112.44335882642604,7.2316308727744705,1265,-3.5509240540430382,-3.9498829709291106
9263,314.835,12.796321064876436,2403.621088849163,181.91293720845215,1969.3823321486907,2543.480991466352,97.7472834491928,68.39780928646564,112.37187345768561,7.2318205105567595,1265,-3.5511903925301804,-3.9498829709291106
9264,314.84499999999997,12.796559661503995,2403.5647257211067,181.9087712198764,1969.387003706641,2543.480871737115,97.74723583523972,68.39693697319434,112.3003836217357,7.2320101458538595,1265,-3.551456329939651,-3.9498829709291106
9265,314.855,12.79679797945045,2403.5084490768963,181.90461161284404,1969.3916755635335,2543.4807520086742,97.747188221187,68.39606587654544,112.2288893255435,7.232199778669242,1265,-3.551721866864904,-3.9498829709291106
9266,314.865,12.797036019111763,2403.4522587841147,181.9004583775077,1969.396347718912,2543.480632281029,97.74714060703462,68.39519599468369,112.15739057606558,7.232389409006371,1265,-3.5519870038985446,-3.9498829709291106
9267,314.875,12.797273780883412,2403.3961547105437,181.89631150418475,1969.401020172328,2543.4805125541766,97.7470929927826,68.39432732577659,112.08588738024781,7.23257903686871,1265,-3.5522517416323334,-3.9498829709291106
9268,314.885,12.797511265160352,2403.3401367241686,181.89217098309132,1969.405692923327,2543.480392828116,97.74704537843093,68.3934598679944,112.01437974502544,7.232768662259712,1265,-3.5525160806571856,-3.9498829709291106
9269,314.895,12.797748472337037,2403.28420469318,181.88803680451866,1969.4103659714583,2543.4802731028453,97.74699776397956,68.39259361951002,111.94286767732308,7.2329582851828285,1265,-3.5527800215631737,-3.9498829709291106
9270,314.905,12.797985402807372,2403.228358485966,181.88390895881935,1969.4150393162722,2543.4801533783634,97.74695014942854,68.39172857849921,111.87135118405477,7.233147905641502,1265,-3.5530435649395273,-3.9498829709291106
9271,314.91499999999996,12.798222056964777,2403.1725979711277,181.87978743622284,1969.4197129573186,2543.480033654667,97.74690253477785,68.39086474314036,111.79983027212396,7.2333375236391735,1265,-3.553306711374633,-3.9498829709291106
9272,314.92499999999995,12.798458435202114,2403.116923017456,181.8756722270957,1969.4243868941483,2543.4799139317565,97.74685492002746,68.39000211161458,111.72830494842347,7.2335271391792775,1265,-3.553569461456039,-3.9498829709291106
9273,314.935,12.798694537911787,2403.0613334939508,181.87156332175468,1969.4290611263136,2543.4797942096284,97.74680730517737,68.38914068210572,111.65677521983562,7.233716752265242,1265,-3.5538318157704523,-3.9498829709291106
9274,314.945,12.798930365485653,2403.0058292698127,181.8674607105956,1969.4337356533656,2543.4796744882815,97.7467596902276,68.38828045280037,111.58524109323218,7.233906362900493,1265,-3.5540937749037425,-3.9498829709291106
9275,314.955,12.799165918315023,2402.9504102144456,181.86336438396637,1969.4384104748594,2543.4795547677154,97.74671207517811,68.38742142188778,111.5137025754744,7.234095971088448,1265,-3.554355339440941,-3.9498829709291106
9276,314.965,12.79940119679073,2402.8950761974443,181.8592743322484,1969.4430855903456,2543.479435047926,97.74666446002892,68.38656358755992,111.44215967341296,7.234285576832521,1265,-3.5546165099662432,-3.9498829709291106
9277,314.97499999999997,12.799636201303148,2402.8398270886164,181.85519054581877,1969.447760999382,2543.479315328915,97.74661684478001,68.38570694801145,111.37061239388811,7.234475180136121,1265,-3.5548772870630096,-3.9498829709291106
9278,314.985,12.799870932242007,2402.7846627579647,181.851113015099,1969.4524367015222,2543.4791956106774,97.74656922943137,68.38485150143973,111.29906074372965,7.234664781002651,1265,-3.555137671313765,-3.9498829709291106
9279,314.995,12.800105389996645,2402.7295830756884,181.8470417305781,1969.457112696321,2543.4790758932127,97.746521613983,68.38399724604484,111.22750472975684,7.234854379435512,1265,-3.5553976633002016,-3.9498829709291106
9280,315.005,12.800339574955824,2402.6745879121927,181.84297668265873,1969.4617889833362,2543.4789561765197,97.7464739984349,68.3831441800295,111.15594435877856,7.235043975438094,1265,-3.5556572636031802,-3.9498829709291106
9281,315.015,12.800573487507805,2402.6196771380783,181.83891786173695,1969.4664655621245,2543.478836460597,97.74642638278705,68.38229230159915,111.0843796375932,7.235233569013786,1265,-3.5559164728027297,-3.9498829709291106
9282,315.025,12.800807128040356,2402.5648506241455,181.83486525837614,1969.471142432244,2543.4787167454415,97.74637876703946,68.3814416089619,111.01281057298884,7.235423160165973,1265,-3.5561752914780476,-3.9498829709291106
9283,315.03499999999997,12.801040496940738,2402.510108241392,181.8308188630368,1969.475819593252,2543.4785970310522,97.7463311511921,68.3805921003285,110.94123717174305,7.2356127488980295,1265,-3.5564337202075054,-3.9498829709291106
9284,315.04499999999996,12.80127359459568,2402.455449861019,181.8267786662144,1969.480497044709,2543.4784773174274,97.746283535245,68.37974377391244,110.8696594406231,7.235802335213331,1265,-3.5566917595686434,-3.9498829709291106
9285,315.055,12.801506421391347,2402.400875354421,181.82274465844213,1969.4851747861737,2543.4783576045666,97.74623591919813,68.37889662792983,110.79807738638583,7.2359919191152455,1265,-3.556949410138176,-3.9498829709291106
9286,315.065,12.80173897771358,2402.3463845931897,181.81871683021058,1969.4898528172068,2543.478237892466,97.74618830305147,68.37805066059947,110.72649101577775,7.236181500607135,1265,-3.5572066724919926,-3.9498829709291106
9287,315.075,12.801971263947491,2402.291977449117,181.8146951720884,1969.4945311373708,2543.478118181126,97.74614068680503,68.37720587014277,110.6549003355351,7.236371079692356,1265,-3.557463547205156,-3.9498829709291106
9288,315.085,12.802203280477842,2402.2376537941896,181.81067967465887,1969.4992097462268,2543.4779984705438,97.74609307045881,68.37636225478388,110.58330535238373,7.236560656374262,1265,-3.5577200348519065,-3.9498829709291106
9289,315.09499999999997,12.802435027688814,2402.1834135005956,181.80667032846748,1969.5038886433365,2543.477878760717,97.74604545401282,68.37551981274954,110.51170607303922,7.236750230656202,1265,-3.5579761360056605,-3.9498829709291106
9290,315.105,12.80266650596409,2402.1292564407167,181.80266712409014,1969.508567828264,2543.4777590516464,97.74599783746702,68.37467854226915,110.44010250420686,7.236939802541516,1265,-3.5582318512390123,-3.9498829709291106
9291,315.115,12.802897715686862,2402.075182487128,181.79867005217676,1969.5132473005726,2543.477639343328,97.7459502208214,68.37383844157476,110.36849465258166,7.237129372033545,1265,-3.558487181123737,-3.9498829709291106
9292,315.125,12.803128657239796,2402.0211915126033,181.7946791033189,1969.5179270598264,2543.477519635762,97.74590260407598,68.37299950890106,110.29688252484837,7.237318939135617,1265,-3.5587421262307886,-3.9498829709291106
9293,315.135,12.803359331005083,2401.9672833901122,181.7906942681563,1969.5226071055924,2543.4773999289446,97.74585498723076,68.37216174248537,110.22526612768158,7.237508503851063,1265,-3.5589966871303025,-3.9498829709291106
9294,315.145,12.80358973736441,2401.913457992825,181.78671553733957,1969.5272874374346,2543.477280222877,97.74580737028569,68.37132514056768,110.15364546774553,7.237698066183204,1265,-3.5592508643915974,-3.9498829709291106
9295,315.155,12.803819876698919,2401.8597151940926,181.78274290150307,1969.5319680549203,2543.4771605175547,97.7457597532408,68.37048970139054,110.08202055169433,7.237887626135357,1265,-3.5595046585831738,-3.9498829709291106
9296,315.16499999999996,12.804049749389273,2401.8060548674734,181.77877635136096,1969.536648957616,2543.477040812978,97.74571213609609,68.36965542319919,110.01039138617189,7.2380771837108355,1265,-3.5597580702727187,-3.9498829709291106
9297,315.17499999999995,12.804279355815666,2401.7524768867165,181.77481587754426,1969.541330145091,2543.476921109143,97.74566451885153,68.36882230424146,109.93875797781196,7.238266738912946,1265,-3.560011100027102,-3.9498829709291106
9298,315.185,12.804508696357715,2401.698981125766,181.77086147080365,1969.5460116169122,2543.4768014060514,97.74561690150712,68.36799034276781,109.86712033323809,7.238456291744992,1265,-3.560263748412382,-3.9498829709291106
9299,315.195,12.804737771394594,2401.6455674587573,181.766913121882,1969.5506933726497,2543.4766817036993,97.74556928406285,68.3671595370313,109.7954784590637,7.23864584221027,1265,-3.5605160159938043,-3.9498829709291106
9300,315.205,12.804966581304983,2401.5922357600216,181.76297082146633,1969.5553754118735,2543.4765620020853,97.74552166651873,68.36632988528763,109.7238323618921,7.238835390312074,1265,-3.5607679033358024,-3.9498829709291106
9301,315.215,12.805195126467023,2401.53898590408,181.75903456031102,1969.5600577341531,2543.4764423012075,97.74547404887474,68.36550138579507,109.65218204831645,7.23902493605369,1265,-3.5610194110019995,-3.9498829709291106
9302,315.22499999999997,12.805423407258344,2401.4858177656533,181.75510432916528,1969.5647403390592,2543.4763226010655,97.7454264311309,68.36467403681452,109.58052752491987,7.239214479438402,1265,-3.5612705395552102,-3.9498829709291106
9303,315.235,12.805651424056133,2401.432731219648,181.75118011886846,1969.569423226166,2543.4762029016574,97.74537881328715,68.36384783660944,109.50886879827534,7.239404020469487,1265,-3.5615212895574397,-3.9498829709291106
9304,315.245,12.805879177237061,2401.3797261411664,181.74726192012352,1969.574106395044,2543.4760832029815,97.74533119534354,68.36302278344596,109.4372058749458,7.239593559150217,1265,-3.5617716615698876,-3.9498829709291106
9305,315.255,12.80610666717725,2401.3268024055033,181.74334972379364,1969.5787898452663,2543.475963505035,97.74528357730003,68.36219887559271,109.36553876148416,7.239783095483861,1265,-3.562021656152945,-3.9498829709291106
9306,315.265,12.806333894252415,2401.273959888141,181.7394435206932,1969.583473576408,2543.4758438078175,97.74523595915664,68.36137611132096,109.29386746443322,7.239972629473681,1265,-3.5622712738662,-3.9498829709291106
9307,315.275,12.806560858837651,2401.2211984647583,181.7355433016205,1969.5881575880421,2543.475724111327,97.74518834091333,68.3605544889046,109.22219199032583,7.240162161122936,1265,-3.5625205152684347,-3.9498829709291106
9308,315.28499999999997,12.806787561307678,2401.1685180112217,181.73164905743883,1969.5928418797444,2543.4756044155624,97.74514072257013,68.35973400661999,109.1505123456848,7.240351690434877,1265,-3.5627693809176293,-3.9498829709291106
9309,315.29499999999996,12.80701400203666,2401.1159184035932,181.72776077901204,1969.5975264510907,2543.4754847205213,97.74509310412701,68.35891466274617,109.07882853702299,7.240541217412755,1265,-3.563017871370961,-3.9498829709291106
9310,315.305,12.807240181398258,2401.0633995181206,181.7238784572403,1969.6022113016566,2543.475365026203,97.74504548558397,68.35809645556469,109.00714057084323,7.240730742059811,1265,-3.5632659871848076,-3.9498829709291106
9311,315.315,12.80746609976567,2401.010961231242,181.7200020829576,1969.6068964310189,2543.475245332604,97.744997866941,68.35727938335972,108.93544845363844,7.240920264379285,1265,-3.5635137289147445,-3.9498829709291106
9312,315.325,12.80769175751157,2400.9586034195863,181.71613164710988,1969.611581838757,2543.4751256397253,97.74495024819811,68.35646344441795,108.86375219189155,7.241109784374409,1265,-3.5637610971155507,-3.9498829709291106
9313,315.335,12.80791715500817,2400.906325959976,181.71226714054623,1969.6162675244477,2543.475005947563,97.74490262935527,68.35564863702865,108.7920517920756,7.241299302048413,1265,-3.5640080923412047,-3.9498829709291106
9314,315.34499999999997,12.808142292627148,2400.854128729419,181.7084085542964,1969.6209534876707,2543.474886256119,97.74485501041251,68.35483495948364,108.72034726065368,7.2414888174045196,1265,-3.56425471514489,-3.9498829709291106
9315,315.355,12.808367170739714,2400.8020116051102,181.7045558792355,1969.6256397280044,2543.474766565387,97.74480739136978,68.35402241007729,108.64863860407903,7.241678330445948,1265,-3.5645009660789935,-3.9498829709291106
9316,315.365,12.808591789716587,2400.749974464437,181.70070910633535,1969.6303262450301,2543.4746468753688,97.7447597722271,68.35321098710655,108.57692582879496,7.241867841175913,1265,-3.564746845695108,-3.9498829709291106
9317,315.375,12.808816149927992,2400.6980171849777,181.6968682265679,1969.6350130383291,2543.47452718606,97.74471215298446,68.3524006888709,108.50520894123491,7.242057349597624,1265,-3.5649923545440303,-3.9498829709291106
9318,315.385,12.80904025174367,2400.646139644493,181.69303323096293,1969.6397001074815,2543.4744074974637,97.74466453364185,68.35159151367233,108.43348794782254,7.242246855714283,1265,-3.565237493175767,-3.9498829709291106
9319,315.395,12.809264095532814,2400.5943417209305,181.68920411043965,1969.6443874520703,2543.474287809573,97.74461691419928,68.3507834598154,108.36176285497157,7.242436359529093,1265,-3.565482262139533,-3.9498829709291106
9320,315.405,12.80948768166423,2400.542623292436,181.68538085604686,1969.649075071678,2543.47416812239,97.74456929465673,68.34997652560722,108.29003366908599,7.242625861045247,1265,-3.5657266619837493,-3.9498829709291106
9321,315.41499999999996,12.809711010506154,2400.490984237329,181.68156345886004,1969.653762965889,2543.4740484359118,97.74452167501418,68.3491707093574,108.21830039655988,7.242815360265935,1265,-3.5659706932560504,-3.9498829709291106
9322,315.42499999999995,12.809934082426338,2400.4394244341283,181.67775190982272,1969.6584511342855,2543.4739287501366,97.74447405527165,68.34836600937808,108.14656304377763,7.24300485719434,1265,-3.566214356503281,-3.9498829709291106
9323,315.435,12.810156897792112,2400.3879437615296,181.67394620008983,1969.6631395764546,2543.4738090650617,97.74442643542913,68.34756242398394,108.07482161711381,7.2431943518336475,1265,-3.5664576522714992,-3.9498829709291106
9324,315.445,12.810379456970194,2400.3365420984205,181.6701463206391,1969.667828291979,2543.4736893806894,97.74437881548661,68.3467599514922,108.00307612293322,7.2433838441870275,1265,-3.566700581105975,-3.9498829709291106
9325,315.455,12.810601760326955,2400.285219323874,181.66635226265208,1969.6725172804468,2543.4735696970133,97.74433119544408,68.34595859022252,107.93132656759092,7.243573334257655,1265,-3.5669431435511934,-3.9498829709291106
9326,315.465,12.810823808228202,2400.2339753171477,181.66256401709705,1969.6772065414434,2543.4734500140357,97.74428357530154,68.34515833849717,107.8595729574322,7.2437628220486925,1265,-3.5671853401508553,-3.9498829709291106
9327,315.47499999999997,12.811045601039234,2400.1828099576846,181.65878157522218,1969.6818960745563,2543.4733303317535,97.74423595505897,68.34435919464083,107.78781529879271,7.243952307563304,1265,-3.5674271714478776,-3.9498829709291106
9328,315.485,12.81126713912494,2400.131723125117,181.65500492806524,1969.6865858793735,2543.4732106501647,97.74418833471637,68.34356115698078,107.71605359799835,7.244141790804644,1265,-3.5676686379843945,-3.9498829709291106
9329,315.495,12.811488422849669,2400.080714699255,181.6512340667622,1969.6912759554843,2543.4730909692685,97.74414071427375,68.34276422384676,107.64428786136531,7.244331271775866,1265,-3.5679097403017597,-3.9498829709291106
9330,315.505,12.811709452577247,2400.029784560103,181.64746898250357,1969.6959663024754,2543.4729712890626,97.7440930937311,68.34196839357097,107.57251809520017,7.244520750480115,1265,-3.5681504789405474,-3.9498829709291106
9331,315.515,12.81193022867114,2399.9789325878387,181.6437096664059,1969.70065691994,2543.4728516095465,97.7440454730884,68.34117366448817,107.50074430579978,7.244710226920534,1265,-3.568390854440549,-3.9498829709291106
9332,315.525,12.812150751494224,2399.9281586628344,181.6399561096871,1969.705347807466,2543.4727319307176,97.74399785234566,68.34038003493556,107.42896649945142,7.244899701100262,1265,-3.5686308673407807,-3.9498829709291106
9333,315.53499999999997,12.812371021408893,2399.87746266564,181.63620830352656,1969.7100389646453,2543.472612252576,97.74395023150285,68.33958750325287,107.35718468243266,7.245089173022428,1265,-3.5688705181794806,-3.9498829709291106
9334,315.54499999999996,12.812591038777114,2399.82684447699,181.63246623913383,1969.7147303910683,2543.472492575118,97.74390261055999,68.33879606778228,107.28539886101153,7.245278642690162,1265,-3.5691098074941094,-3.9498829709291106
9335,315.555,12.812810803960355,2399.776303977803,181.62872990772217,1969.7194220863294,2543.4723728983436,97.74385498951706,68.33800572686847,107.21360904144639,7.245468110106589,1265,-3.5693487358213543,-3.9498829709291106
9336,315.565,12.813030317319605,2399.725841049179,181.62499930047787,1969.7241140500203,2543.4722532222495,97.74380736837406,68.3372164788586,107.14181522998611,7.2456575752748265,1265,-3.569587303697126,-3.9498829709291106
9337,315.575,12.813249579215295,2399.675455572406,181.62127440872905,1969.7288062817331,2543.4721335468366,97.74375974713098,68.33642832210224,107.0700174328699,7.2458470381979865,1265,-3.569825511656565,-3.9498829709291106
9338,315.585,12.81346859000749,2399.625147428947,181.61755522369722,1969.7334987810652,2543.4720138721023,97.74371212578784,68.33564125495153,106.99821565632746,7.24603649887918,1265,-3.5700633602340366,-3.9498829709291106
9339,315.59499999999997,12.813687350055737,2399.574916500455,181.61384173661102,1969.738191547609,2543.471894198044,97.7436645043446,68.334855275761,106.92640990657894,7.246225957321511,1265,-3.570300849963135,-3.9498829709291106
9340,315.605,12.813905859719044,2399.5247626687556,181.6101339388203,1969.742884580961,2543.471774524661,97.74361688280125,68.33407038288766,106.85460018983497,7.246415413528079,1265,-3.5705379813766887,-3.9498829709291106
9341,315.615,12.814124119356018,2399.4746858158624,181.60643182159694,1969.747577880715,2543.471654851954,97.74356926115783,68.33328657469102,106.78278651229664,7.24660486750198,1265,-3.570774755006751,-3.9498829709291106
9342,315.625,12.814342129324734,2399.424685823974,181.60273537625272,1969.7522714464703,2543.4715351799173,97.74352163941428,68.33250384953298,106.71096888015559,7.246794319246304,1265,-3.5710111713846104,-3.9498829709291106
9343,315.635,12.814559889982856,2399.3747625754595,181.59904459412405,1969.7569652778243,2543.4714155085517,97.74347401757063,68.33172220577794,106.63914729959397,7.246983768764136,1265,-3.5712472310407892,-3.9498829709291106
9344,315.645,12.814777401687456,2399.324915952876,181.59535946653375,1969.761659374372,2543.4712958378555,97.74342639562687,68.3309416417927,106.5673217767844,7.247173216058559,1265,-3.5714829345050405,-3.9498829709291106
9345,315.655,12.814994664795268,2399.2751458389594,181.59167998485088,1969.7663537357143,2543.4711761678273,97.74337877358296,68.33016215594654,106.49549231789014,7.247362661132648,1265,-3.571718282306354,-3.9498829709291106
9346,315.66499999999996,12.815211679662436,2399.2254521166265,181.5880061404093,1969.771048361448,2543.4710564984657,97.74333115143895,68.32938374661119,106.42365892906494,7.2475521039894755,1265,-3.571953274972957,-3.9498829709291106
9347,315.67499999999995,12.815428446644662,2399.175834668974,181.58433792463788,1969.775743251176,2543.470936829768,97.7432835291948,68.32860641216075,106.35182161645315,7.247741544632109,1265,-3.572187913032311,-3.9498829709291106
9348,315.685,12.815644966097238,2399.1262933792755,181.58067532884886,1969.780438404496,2543.470817161735,97.74323590685051,68.32783015097185,106.27998038618975,7.24793098306361,1265,-3.572422197011117,-3.9498829709291106
9349,315.695,12.815861238374866,2399.076828130986,181.57701834453576,1969.7851338210103,2543.4706974943624,97.74318828440607,68.32705496142347,106.20813524440027,7.248120419287038,1265,-3.572656127435314,-3.9498829709291106
9350,315.705,12.816077263831845,2399.0274388077432,181.57336696304424,1969.789829500319,2543.470577827651,97.74314066186149,68.32628084189706,106.13628619720087,7.248309853305446,1265,-3.5728897048300823,-3.9498829709291106
9351,315.715,12.816293042822005,2398.978125293358,181.56972117587426,1969.794525442026,2543.470458161598,97.74309303921673,68.32550779077646,106.06443325069837,7.248499285121882,1265,-3.573122929719842,-3.9498829709291106
9352,315.72499999999997,12.816508575698684,2398.928887471821,181.56608097441682,1969.7992216457333,2543.4703384962017,97.74304541647184,68.32473580644798,105.9925764109902,7.248688714739391,1265,-3.5733558026282566,-3.9498829709291106
9353,315.735,12.816723862814762,2398.879725227306,181.56244635013982,1969.803918111043,2543.470218831461,97.74299779362677,68.32396488730028,105.92071568416445,7.248878142161012,1265,-3.5735883240782313,-3.9498829709291106
9354,315.745,12.816938904522578,2398.8306384441544,181.55881729454018,1969.808614837561,2543.4700991673744,97.74295017068152,68.32319503172447,105.84885107629995,7.249067567389781,1265,-3.5738204945919163,-3.9498829709291106
9355,315.755,12.817153701174103,2398.781627006898,181.55519379908674,1969.8133118248904,2543.4699795039423,97.7429025476361,68.32242623811406,105.77698259346619,7.2492569904287265,1265,-3.5740523146907055,-3.9498829709291106
9356,315.765,12.817368253120796,2398.7326908002365,181.55157585526285,1969.8180090726382,2543.46985984116,97.7428549244905,68.32165850486496,105.70511024172335,7.249446411280877,1265,-3.5742837848952407,-3.9498829709291106
9357,315.775,12.817582560713598,2398.683829709051,181.54796345455114,1969.822706580408,2543.469740179028,97.74280730124471,68.3208918303755,105.6332340271223,7.249635829949251,1265,-3.57451490572541,-3.9498829709291106
9358,315.78499999999997,12.817796624303039,2398.6350436183975,181.54435658854936,1969.8274043478075,2543.469620517545,97.7427596778987,68.32012621304638,105.56135395570472,7.249825246436869,1265,-3.574745677700349,-3.9498829709291106
9359,315.79499999999996,12.818010444239174,2398.586332413508,181.54075524876586,1969.8321023744434,2543.469500856707,97.74271205445251,68.31936165128072,105.48947003350298,7.250014660746739,1265,-3.574976101338443,-3.9498829709291106
9360,315.805,12.818224020871531,2398.5376959797986,181.53715942671877,1969.8368006599221,2543.469381196516,97.74266443090612,68.31859814348401,105.41758226654026,7.25020407288187,1265,-3.5752061771573276,-3.9498829709291106
9361,315.815,12.818437354549259,2398.4891342028513,181.5335691139968,1969.8414992038543,2543.469261536969,97.74261680725952,68.31783568806412,105.34569066083044,7.250393482845268,1265,-3.57543590567389,-3.9498829709291106
9362,315.825,12.818650445620976,2398.440646968428,181.52998430213395,1969.8461980058464,2543.4691418780635,97.74256918351269,68.31707428343135,105.27379522237828,7.250582890639929,1265,-3.575665287404268,-3.9498829709291106
9363,315.835,12.81886329443483,2398.392234162468,181.52640498279155,1969.850897065509,2543.4690222197987,97.74252155966565,68.31631392799832,105.20189595717932,7.250772296268847,1265,-3.575894322863853,-3.9498829709291106
9364,315.84499999999997,12.819075901338563,2398.343895671079,181.52283114751654,1969.8555963824513,2543.4689025621738,97.74247393571835,68.31555462018007,105.12999287121987,7.250961699735012,1265,-3.576123012567292,-3.9498829709291106
9365,315.855,12.819288266679369,2398.2956313805566,181.51926278791453,1969.860295956284,2543.468782905187,97.74242631167084,68.31479635839399,105.05808597047711,7.251151101041409,1265,-3.576351357028484,-3.9498829709291106
9366,315.865,12.819500390804029,2398.247441177355,181.51569989568895,1969.8649957866194,2543.4686632488365,97.74237868752309,68.31403914105985,104.98617526091908,7.25134050019102,1265,-3.576579356760589,-3.9498829709291106
9367,315.875,12.819712274058864,2398.1993249481143,181.51214246236162,1969.8696958730686,2543.468543593121,97.7423310632751,68.31328296659977,104.91426074850466,7.251529897186819,1265,-3.5768070122760185,-3.9498829709291106
9368,315.885,12.819923916789678,2398.151282579648,181.50859047970195,1969.8743962152441,2543.468423938039,97.74228343892686,68.31252783343827,104.84234243918361,7.251719292031778,1265,-3.577034324086446,-3.9498829709291106
9369,315.895,12.820135319341857,2398.103313958939,181.50504393927983,1969.879096812757,2543.468304283589,97.74223581447836,68.31177374000218,104.7704203388966,7.251908684728865,1265,-3.577261292702804,-3.9498829709291106
9370,315.905,12.82034648206033,2398.055418973145,181.50150283283153,1969.8837976652244,2543.4681846297703,97.7421881899296,68.31102068472072,104.69849445357517,7.252098075281042,1265,-3.577487918635282,-3.9498829709291106
9371,315.91499999999996,12.820557405289499,2398.007597509597,181.497967152004,1969.8884987722568,2543.4680649765805,97.74214056528058,68.31026866602542,104.62656478914178,7.252287463691267,1265,-3.5777142023933353,-3.9498829709291106
9372,315.92499999999995,12.82076808937339,2397.9598494558013,181.49443688855487,1969.893200133472,2543.467945324018,97.7420929405313,68.30951768235025,104.55463135150987,7.252476849962494,1265,-3.5779401444856767,-3.9498829709291106
9373,315.935,12.820978534655504,2397.912174699437,181.490912034171,1969.8979017484824,2543.467825672082,97.74204531568171,68.30876773213141,104.48269414658377,7.252666234097672,1265,-3.5781657454202844,-3.9498829709291106
9374,315.945,12.82118874147889,2397.864573128351,181.48739258054144,1969.9026036169064,2543.467706020771,97.74199769073185,68.30801881380752,104.41075318025878,7.2528556160997475,1265,-3.578391005704402,-3.9498829709291106
9375,315.955,12.82139871018618,2397.81704463057,181.48387851949173,1969.9073057383591,2543.467586370083,97.7419500656817,68.30727092581951,104.3388084584212,7.253044995971659,1265,-3.5786159258445354,-3.9498829709291106
9376,315.965,12.821608441119462,2397.7695890942837,181.48036984272042,1969.9120081124581,2543.467466720018,97.74190244053128,68.30652406661066,104.26685998694829,7.253234373716341,1265,-3.5788405063464586,-3.9498829709291106
9377,315.97499999999997,12.821817934620455,2397.7222064078633,181.47686654198674,1969.9167107388198,2543.467347070571,97.74185481528053,68.30577823462656,104.19490777170832,7.253423749336728,1265,-3.5790647477152113,-3.9498829709291106
9378,315.985,12.822027191030344,2397.6748964598432,181.47336860908922,1969.9214136170644,2543.467227421746,97.74180718992949,68.30503342831513,104.12295181856058,7.2536131228357466,1265,-3.579288650455103,-3.9498829709291106
9379,315.995,12.822236210689907,2397.6276591389324,181.46987603583813,1969.92611674681,2543.4671077735366,97.74175956447813,68.30428964612662,104.05099213335538,7.253802494216318,1265,-3.5795122150697107,-3.9498829709291106
9380,316.005,12.82244499393942,2397.5804943340136,181.46638881400227,1969.9308201276754,2543.4669881259447,97.74171193892649,68.30354688651364,103.97902872193407,7.253991863481361,1265,-3.5797354420618817,-3.9498829709291106
9381,316.015,12.822653541118754,2397.5334019341362,181.46290693540467,1969.935523759281,2543.4668684789667,97.74166431327448,68.30280514793104,103.90706159012908,7.254181230633789,1265,-3.5799583319337347,-3.9498829709291106
9382,316.025,12.822861852567279,2397.4863818285207,181.45943039188597,1969.9402276412484,2543.466748832601,97.74161668752218,68.30206442883605,103.83509074376387,7.254370595676514,1265,-3.580180885186661,-3.9498829709291106
9383,316.03499999999997,12.823069928623923,2397.4394339065598,181.45595917530062,1969.9449317731974,2543.4666291868493,97.74156906166954,68.30132472768817,103.76311618865303,7.254559958612439,1265,-3.580403102321325,-3.9498829709291106
9384,316.04499999999996,12.823277769627115,2397.3925580578125,181.45249327748292,1969.9496361547494,2543.4665095417067,97.74152143571655,68.30058604294925,103.6911379306022,7.254749319444463,1265,-3.5806249838376627,-3.9498829709291106
9385,316.055,12.823485375914936,2397.345754172011,181.44903269030107,1969.9543407855274,2543.4663898971726,97.74147380966323,68.29984837308338,103.61915597540816,7.254938678175486,1265,-3.580846530234888,-3.9498829709291106
9386,316.065,12.823692747824884,2397.2990221390564,181.4455774056635,1969.9590456651542,2543.466270253248,97.74142618350956,68.29911171655702,103.54717032885883,7.255128034808397,1265,-3.5810677420114887,-3.9498829709291106
9387,316.075,12.823899885694113,2397.252361849016,181.44212741540107,1969.9637507932541,2543.466150609928,97.74137855725554,68.2983760718389,103.47518099673322,7.255317389346085,1265,-3.581288619665232,-3.9498829709291106
9388,316.085,12.824106789859226,2397.2057731921304,181.43868271147605,1969.9684561694503,2543.4660309672126,97.74133093090117,68.2976414374,103.40318798480153,7.255506741791433,1265,-3.58150916369316,-3.9498829709291106
9389,316.09499999999997,12.824313460656448,2397.1592560588047,181.4352432857747,1969.9731617933676,2543.4659113251028,97.74128330444644,68.29690781171368,103.3311912988251,7.25569609214732,1265,-3.581729374591596,-3.9498829709291106
9390,316.105,12.824519898421489,2397.1128103396136,181.43180913026825,1969.9778676646308,2543.465791683593,97.74123567789132,68.29617519325551,103.2591909445565,7.255885440416621,1265,-3.5819492528561416,-3.9498829709291106
9391,316.115,12.824726103489663,2397.066435925302,181.42838023684138,1969.9825737828655,2543.465672042684,97.74118805123584,68.29544358050336,103.1871869277394,7.256074786602205,1265,-3.582168798981682,-3.9498829709291106
9392,316.125,12.824932076195791,2397.020132706779,181.42495659748215,1969.9872801476986,2543.4655524023738,97.74114042447998,68.29471297193741,103.11517925410877,7.256264130706938,1265,-3.5823880134623804,-3.9498829709291106
9393,316.135,12.82513781687428,2396.973900575123,181.42153820415098,1969.9919867587575,2543.4654327626617,97.74109279762374,68.29398336604011,103.04316792939076,7.256453472733683,1265,-3.5826068967916855,-3.9498829709291106
9394,316.145,12.82534332585901,2396.927739421583,181.4181250488252,1969.9966936156686,2543.4653131235464,97.7410451706671,68.29325476129614,102.97115295930274,7.256642812685295,1265,-3.5828254494623293,-3.9498829709291106
9395,316.155,12.825548603483512,2396.881649137568,181.4147171235003,1970.0014007180605,2543.4651934850253,97.74099754361009,68.2925271561925,102.89913434955335,7.256832150564629,1265,-3.583043671966329,-3.9498829709291106
9396,316.16499999999996,12.825753650080799,2396.83562961466,181.41131442015137,1970.006108065562,2543.4650738470978,97.74094991645266,68.29180054921845,102.82711210584247,7.257021486374533,1265,-3.5832615647949853,-3.9498829709291106
9397,316.17499999999995,12.82595846598345,2396.789680744604,181.4079169308396,1970.010815657802,2543.4649542097613,97.74090228919482,68.29107493886548,102.75508623386128,7.25721082011785,1265,-3.583479128438888,-3.9498829709291106
9398,316.185,12.826163051523581,2396.743802419313,181.40452464756592,1970.0155234944102,2543.464834573017,97.74085466183658,68.29035032362738,102.68305673929223,7.2574001517974205,1265,-3.583696363387914,-3.9498829709291106
9399,316.195,12.826367407032905,2396.6979945308644,181.40113756234496,1970.020231575017,2543.464714936862,97.74080703437792,68.28962670200018,102.61102362780905,7.2575894814160815,1265,-3.5839132701312297,-3.9498829709291106
9400,316.205,12.826571532842623,2396.652256971505,181.3977556673081,1970.0249398992532,2543.4645953012937,97.74075940681884,68.28890407248215,102.53898690507683,7.2577788089766635,1265,-3.5841298491572893,-3.9498829709291106
9401,316.215,12.82677542928355,2396.606589633639,181.39437895443547,1970.0296484667504,2543.4644756663124,97.74071177915935,68.28818243357384,102.46694657675194,7.257968134481994,1265,-3.584346100953838,-3.9498829709291106
9402,316.22499999999997,12.826979096686005,2396.5609924098458,181.39100741583843,1970.0343572771412,2543.464356031916,97.7406641513994,68.28746178377803,102.39490264848212,7.258157457934896,1265,-3.5845620260079145,-3.9498829709291106
9403,316.235,12.82718253537989,2396.5154651928656,181.38764104362673,1970.0390663300564,2543.464236398104,97.74061652353903,68.28674212159974,102.32285512590647,7.258346779338188,1265,-3.584777624805848,-3.9498829709291106
9404,316.245,12.82738574569464,2396.470007875598,181.38427982989504,1970.043775625131,2543.4641167648733,97.74056889557824,68.28602344554623,102.25080401465542,7.258536098694684,1265,-3.584992897833262,-3.9498829709291106
9405,316.255,12.827588727959279,2396.424620351119,181.3809237667117,1970.0484851619979,2543.4639971322254,97.74052126751698,68.28530575412702,102.17874932035082,7.258725416007195,1265,-3.585207845575074,-3.9498829709291106
9406,316.265,12.827791482502334,2396.379302512656,181.37757284623257,1970.053194940291,2543.463877500156,97.74047363935527,68.28458904585383,102.10669104860588,7.2589147312785265,1265,-3.5854224685154983,-3.9498829709291106
9407,316.275,12.827994009651924,2396.334054253608,181.37422706062762,1970.0579049596458,2543.4637578686647,97.7404260110931,68.28387331924066,102.03462920502525,7.25910404451148,1265,-3.5856367671380434,-3.9498829709291106
9408,316.28499999999997,12.828196309735725,2396.2888754675378,181.37088640196305,1970.0626152196978,2543.4636382377503,97.74037838273047,68.28315857280366,101.96256379520497,7.259293355708853,1265,-3.5858507419255177,-3.9498829709291106
9409,316.29499999999996,12.828398383080934,2396.2437660481664,181.36755086248974,1970.0673257200815,2543.463518607411,97.74033075426738,68.28244480506125,101.89049482473254,7.259482664873438,1265,-3.5860643933600267,-3.9498829709291106
9410,316.305,12.82860023001435,2396.198725889382,181.36422043434493,1970.0720364604354,2543.463398977646,97.74028312570383,68.2817320145341,101.81842229918686,7.259671972008026,1265,-3.586277721922974,-3.9498829709291106
9411,316.315,12.828801850862316,2396.153754885236,181.36089510970302,1970.076747440395,2543.4632793484543,97.74023549703978,68.28102019974504,101.74634622413836,7.259861277115401,1265,-3.5864907280950646,-3.9498829709291106
9412,316.325,12.829003245950709,2396.1088529299395,181.35757488076894,1970.0814586595989,2543.463159719833,97.74018786827524,68.28030935921917,101.6742666051489,7.260050580198342,1265,-3.5867034123563055,-3.9498829709291106
9413,316.335,12.829204415604984,2396.064019917872,181.35425973972423,1970.0861701176846,2543.4630400917827,97.74014023941022,68.27959949148375,101.6021834477718,7.260239881259627,1265,-3.5869157751860055,-3.9498829709291106
9414,316.34499999999997,12.829405360150155,2396.019255743569,181.35094967882765,1970.0908818142914,2543.4629204642997,97.74009261044472,68.27889059506828,101.53009675755192,7.260429180302029,1265,-3.5871278170627754,-3.9498829709291106
9415,316.355,12.829606079910805,2395.974560301728,181.34764469036486,1970.0955937490585,2543.4628008373847,97.74004498137872,68.27818266850441,101.45800654002562,7.260618477328315,1265,-3.5873395384645312,-3.9498829709291106
9416,316.365,12.829806575211043,2395.929933487213,181.34434476646456,1970.100305921624,2543.462681211035,97.73999735221221,68.2774757103261,101.38591280072079,7.260807772341248,1265,-3.5875509398684926,-3.9498829709291106
9417,316.375,12.830006846374568,2395.885375195046,181.34104989944106,1970.1050183316313,2543.462561585251,97.73994972294521,68.27676971906939,101.31381554515684,7.260997065343589,1265,-3.587762021751188,-3.9498829709291106
9418,316.385,12.830206893724633,2395.8408853204105,181.33776008159816,1970.109730978718,2543.462441960029,97.73990209357768,68.2760646932726,101.24171477884477,7.261186356338093,1265,-3.5879727845884495,-3.9498829709291106
9419,316.395,12.83040671758407,2395.796463758653,181.33447530515187,1970.1144438625295,2543.46232233537,97.73985446410963,68.2753606314762,101.16961050728708,7.261375645327512,1265,-3.5881832288554194,-3.9498829709291106
9420,316.405,12.8306063182752,2395.752110405277,181.33119556239714,1970.1191569827035,2543.4622027112705,97.73980683454107,68.27465753222285,101.0975027359779,7.261564932314592,1265,-3.588393355026548,-3.9498829709291106
9421,316.41499999999996,12.830805696120017,2395.7078251559483,181.32792084567203,1970.1238703388856,2543.4620830877298,97.73975920487197,68.2739553940574,101.02539147040292,7.261754217302077,1265,-3.588603163575596,-3.9498829709291106
9422,316.42499999999995,12.831004851440003,2395.6636079064956,181.32465114730172,1970.1285839307175,2543.4619634647474,97.73971157510233,68.2732542155269,100.95327671603948,7.2619435002927055,1265,-3.5888126549756327,-3.9498829709291106
9423,316.435,12.83120378455621,2395.619458552903,181.32138645960663,1970.1332977578436,2543.4618438423217,97.73966394523217,68.27255399518054,100.88115847835645,7.262132781289212,1265,-3.5890218296990426,-3.9498829709291106
9424,316.445,12.831402495789286,2395.5753769913167,181.31812677490177,1970.1380118199074,2543.4617242204517,97.73961631526146,68.27185473156972,100.80903676281443,7.262322060294329,1265,-3.5892306882175196,-3.9498829709291106
9425,316.455,12.831600985459408,2395.5313631180393,181.31487208558644,1970.1427261165552,2543.4616045991334,97.7395686851902,68.27115642324799,100.73691157486557,7.262511337310781,1265,-3.5894392310020726,-3.9498829709291106
9426,316.465,12.831799253886318,2395.48741682954,181.31162238394523,1970.1474406474297,2543.4614849783693,97.7395210550184,68.27045906877109,100.66478291995374,7.262700612341291,1265,-3.589647458523026,-3.9498829709291106
9427,316.47499999999997,12.831997301389375,2395.4435380224413,181.308377662426,1970.1521554121787,2543.461365358154,97.73947342474602,68.26976266669689,100.59265080351443,7.262889885388578,1265,-3.589855371250017,-3.9498829709291106
9428,316.485,12.832195128287449,2395.3997265935236,181.3051379133449,1970.1568704104482,2543.461245738491,97.73942579437309,68.26906721558547,100.52051523097485,7.263079156455356,1265,-3.5900629696520023,-3.9498829709291106
9429,316.495,12.832392734898988,2395.355982439726,181.3019031292139,1970.1615856418844,2543.461126119375,97.73937816389959,68.26837271399903,100.44837620775388,7.263268425544333,1265,-3.590270254197254,-3.9498829709291106
9430,316.505,12.832590121542053,2395.3123054581492,181.29867330233958,1970.1663011061362,2543.4610065008073,97.73933053332551,68.26767916050196,100.3762337392621,7.263457692658219,1265,-3.590477225353363,-3.9498829709291106
9431,316.515,12.832787288534162,2395.2686955460517,181.29544842514724,1970.17101680285,2543.4608868827836,97.73928290265086,68.26698655366076,100.30408783090182,7.263646957799711,1265,-3.5906838835872392,-3.9498829709291106
9432,316.525,12.832984236192534,2395.2251526008454,181.29222849011984,1970.1757327316752,2543.4607672653046,97.73923527187563,68.2662948920441,100.23193848806709,7.263836220971513,1265,-3.590890229365113,-3.9498829709291106
9433,316.53499999999997,12.833180964833884,2395.1816765201024,181.28901348971314,1970.1804488922608,2543.4606476483686,97.73918764099982,68.26560417422283,100.15978571614366,7.264025482176313,1265,-3.5910962631525365,-3.9498829709291106
9434,316.54499999999996,12.833377474774496,2395.1382672015507,181.28580341633915,1970.1851652842558,2543.460528031975,97.7391400100234,68.2649143987699,100.08762952050908,7.264214741416804,1265,-3.591301985414382,-3.9498829709291106
9435,316.555,12.833573766330222,2395.0949245430816,181.28259826246435,1970.18988190731,2543.460408416122,97.7390923789464,68.2642255642604,100.01546990653267,7.264403998695672,1265,-3.5915073966148467,-3.9498829709291106
9436,316.565,12.833769839816528,2395.05164844273,181.27939802057168,1970.1945987610757,2543.4602888008085,97.73904474776877,68.2635376692716,99.9433068795755,7.264593254015597,1265,-3.591712497217451,-3.9498829709291106
9437,316.575,12.833965695548406,2395.008438798703,181.2762026831958,1970.1993158452028,2543.460169186031,97.73899711649055,68.26285071238286,99.87114044499046,7.264782507379256,1265,-3.59191728768504,-3.9498829709291106
9438,316.585,12.834161333840422,2394.965295509354,181.27301224280495,1970.204033159345,2543.4600495717905,97.73894948511173,68.26216469217567,99.79897060812223,7.264971758789324,1265,-3.5921217684797844,-3.9498829709291106
9439,316.59499999999997,12.834356755006727,2394.9222184731916,181.26982669189636,1970.208750703151,2543.4599299580864,97.73890185363227,68.26147960723368,99.72679737430734,7.26516100824847,1265,-3.592325940063182,-3.9498829709291106
9440,316.605,12.834551959361072,2394.879207588885,181.26664602303575,1970.2134684762775,2543.4598103449157,97.73885422205221,68.26079545614265,99.6546207488741,7.265350255759359,1265,-3.592529802896059,-3.9498829709291106
9441,316.615,12.834746947216706,2394.8362627552597,181.2634702287153,1970.2181864783745,2543.4596907322766,97.73880659037151,68.26011223749045,99.5824407371427,7.265539501324654,1265,-3.592733357438568,-3.9498829709291106
9442,316.625,12.834941718886489,2394.7933838712897,181.2602993014888,1970.2229047090987,2543.45957112017,97.73875895859018,68.25942994986707,99.51025734442518,7.265728744947012,1265,-3.5929366041501924,-3.9498829709291106
9443,316.635,12.835136274682917,2394.7505708361127,181.2571332339779,1970.227623168102,2543.459451508593,97.7387113267082,68.25874859186462,99.43807057602548,7.265917986629085,1265,-3.593139543489748,-3.9498829709291106
9444,316.645,12.835330614917963,2394.707823549013,181.25397201870948,1970.232341855041,2543.4593318975444,97.73866369472559,68.25806816207735,99.36588043723934,7.266107226373523,1265,-3.593342175915378,-3.9498829709291106
9445,316.655,12.835524739903219,2394.6651419094337,181.25081564825612,1970.2370607695702,2543.459212287022,97.73861606264234,68.25738865910157,99.29368693335448,7.266296464182972,1265,-3.5935445018845606,-3.9498829709291106
9446,316.66499999999996,12.83571864994986,2394.6225258169757,181.24766411524504,1970.241779911347,2543.4590926770284,97.73856843045841,68.25671008153573,99.22149006965049,7.266485700060072,1265,-3.593746521854106,-3.9498829709291106
9447,316.67499999999995,12.835912345368602,2394.5799751713885,181.24451741222111,1970.2464992800258,2543.4589730675575,97.73852079817385,68.25603242798039,99.14928985139885,7.2666749340074634,1265,-3.59394823628016,-3.9498829709291106
9448,316.685,12.836105826469767,2394.5374898725763,181.24137553185125,1970.2512188752648,2543.45885345861,97.73847316578862,68.25535569703814,99.07708628386304,7.2668641660277755,1265,-3.5941496456182027,-3.9498829709291106
9449,316.695,12.836299093563284,2394.4950698205985,181.23823846674102,1970.2559386967225,2543.4587338501847,97.73842553330273,68.25467988731376,99.00487937229843,7.267053396123641,1265,-3.5943507503230485,-3.9498829709291106
9450,316.705,12.836492146958546,2394.4527149156643,181.2351062095815,1970.2606587440546,2543.4586142422813,97.73837790071617,68.25400499741404,98.93266912195237,7.267242624297684,1265,-3.5945515508488506,-3.9498829709291106
9451,316.715,12.836684986964684,2394.410425058142,181.2319787529584,1970.265379016922,2543.458494634897,97.73833026802892,68.25333102594796,98.86045553806417,7.267431850552527,1265,-3.5947520476490995,-3.9498829709291106
9452,316.72499999999997,12.836877613890254,2394.368200148551,181.22885608958083,1970.2700995149826,2543.458375028031,97.738282635241,68.25265797152647,98.78823862586513,7.267621074890787,1265,-3.594952241176625,-3.9498829709291106
9453,316.735,12.837070028043492,2394.326040087558,181.225738212054,1970.2748202378962,2543.4582554216818,97.7382350023524,68.2519858327627,98.71601839057853,7.267810297315077,1265,-3.5951521318835953,-3.9498829709291106
9454,316.745,12.83726222973216,2394.2839447759907,181.2226251131503,1970.2795411853233,2543.4581358158484,97.73818736936309,68.2513146082718,98.64379483741966,7.267999517828007,1265,-3.5953517202215197,-3.9498829709291106
9455,316.755,12.837454219263659,2394.241914114822,181.21951678552685,1970.2842623569245,2543.4580162105294,97.7381397362731,68.25064429667104,98.57156797159584,7.268188736432184,1265,-3.59555100664125,-3.9498829709291106
9456,316.765,12.837645996944856,2394.19994800518,181.2164132218454,1970.2889837523599,2543.457896605723,97.73809210308241,68.24997489657973,98.49933779830641,7.268377953130208,1265,-3.5957499915929785,-3.9498829709291106
9457,316.775,12.837837563082358,2394.158046348345,181.21331441491353,1970.2937053712924,2543.4577770014293,97.73804446979102,68.24930640661927,98.42710432274276,7.268567167924678,1265,-3.5959486755262424,-3.9498829709291106
9458,316.78499999999997,12.838028917982216,2394.116209045744,181.21022035736496,1970.2984272133845,2543.457657397645,97.7379968363989,68.24863882541312,98.35486755008831,7.2687563808181865,1265,-3.5961470588899225,-3.9498829709291106
9459,316.79499999999996,12.838220061950103,2394.074435998964,181.20713104200684,1970.3031492782986,2543.457537794371,97.7379492029061,68.24797215158681,98.2826274855186,7.268945591813326,1265,-3.5963451421322437,-3.9498829709291106
9460,316.805,12.838410995291328,2394.032727109733,181.20404646155677,1970.307871565698,2543.457418191606,97.73790156931256,68.24730638376795,98.21038413420118,7.26913480091268,1265,-3.5965429257007786,-3.9498829709291106
9461,316.815,12.838601718310718,2393.9910822799384,181.20096660880824,1970.312594075246,2543.457298589346,97.7378539356183,68.24664152058618,98.13813750129574,7.269324008118833,1265,-3.596740410042445,-3.9498829709291106
9462,316.825,12.838792231312697,2393.9495014116114,181.19789147653873,1970.3173168066062,2543.4571789875927,97.7378063018233,68.24597756067321,98.06588759195405,7.269513213434362,1265,-3.596937595603512,-3.9498829709291106
9463,316.835,12.838982534601312,2393.9079844069415,181.19482105748565,1970.3220397594448,2543.457059386343,97.73775866792758,68.24531450266284,97.99363441132003,7.269702416861842,1265,-3.597134482829593,-3.9498829709291106
9464,316.84499999999997,12.839172628480126,2393.8665311682594,181.19175534447845,1970.3267629334273,2543.4569397855967,97.73771103393112,68.24465234519081,97.92137796452968,7.269891618403843,1265,-3.5973310721656526,-3.9498829709291106
9465,316.855,12.83936251325233,2393.825141598052,181.18869433032305,1970.3314863282187,2543.4568201853526,97.73766339983392,68.24399108689505,97.84911825671118,7.270080818062931,1265,-3.597527364056008,-3.9498829709291106
9466,316.865,12.839552189220703,2393.783815598952,181.18563800783204,1970.3362099434867,2543.4567005856075,97.73761576563597,68.24333072641544,97.77685529298483,7.27027001584167,1265,-3.597723358944325,-3.9498829709291106
9467,316.875,12.83974165668759,2393.7425530737437,181.1825863698028,1970.340933778895,2543.456580986362,97.73756813133727,68.24267126239391,97.70458907846313,7.270459211742619,1265,-3.5979190572736237,-3.9498829709291106
9468,316.885,12.839930915954952,2393.7013539253585,181.17953940916942,1970.3456578341145,2543.456461387615,97.73752049693782,68.24201269347446,97.6323196182507,7.270648405768332,1265,-3.5981144594862764,-3.9498829709291106
9469,316.895,12.840119967324306,2393.6602180568816,181.17649711864166,1970.3503821088116,2543.4563417893646,97.73747286243758,68.24135501830312,97.56004691744441,7.270837597921361,1265,-3.5983095660240108,-3.9498829709291106
9470,316.905,12.840308811096747,2393.6191453715414,181.17345949121525,1970.3551066026541,2543.4562221916094,97.7374252278366,68.24069823552793,97.48777098113331,7.271026788204253,1265,-3.598504377327907,-3.9498829709291106
9471,316.91499999999996,12.840497447572998,2393.578135772715,181.170426519713,1970.3598313153116,2543.4561025943485,97.73737759313484,68.24004234379898,97.41549181439865,7.271215976619551,1265,-3.5986988938384044,-3.9498829709291106
9472,316.92499999999995,12.840685877053339,2393.5371891639347,181.16739819696826,1970.3645562464528,2543.4559829975815,97.73732995833231,68.23938734176836,97.34320942231389,7.271405163169795,1265,-3.5988931159952964,-3.9498829709291106
9473,316.935,12.840874099837643,2393.496305448872,181.16437451594078,1970.3692813957484,2543.455863401305,97.737282323429,68.23873322809023,97.27092380994475,7.271594347857522,1265,-3.599087044237737,-3.9498829709291106
9474,316.945,12.84106211622539,2393.455484531349,181.1613554695243,1970.374006762869,2543.45574380552,97.7372346884249,68.2380800014207,97.19863498234922,7.271783530685262,1265,-3.5992806790042353,-3.9498829709291106
9475,316.955,12.841249926515625,2393.41472631534,181.15834105060264,1970.3787323474846,2543.4556242102235,97.73718705332001,68.23742766041799,97.12634294457749,7.271972711655543,1265,-3.599474020732663,-3.9498829709291106
9476,316.965,12.841437531007015,2393.3740307049607,181.155331252158,1970.3834581492679,2543.455504615415,97.73713941811434,68.23677620374225,97.05404770167208,7.272161890770892,1265,-3.599667069860252,-3.9498829709291106
9477,316.97499999999997,12.841624929997765,2393.3333976044764,181.15232606707232,1970.388184167889,2543.455385021093,97.73709178280785,68.23612563005568,96.98174925866776,7.272351068033828,1265,-3.5998598268235926,-3.9498829709291106
9478,316.985,12.841812123785715,2393.292826918301,181.14932548833536,1970.3929104030221,2543.4552654272566,97.73704414740058,68.2354759380225,96.90944762059159,7.272540243446867,1265,-3.60005229205864,-3.9498829709291106
9479,316.995,12.841999112668283,2393.2523185509904,181.14632950886994,1970.3976368543385,2543.4551458339047,97.73699651189249,68.2348271263089,96.83714279246297,7.272729417012523,1265,-3.6002444660007127,-3.9498829709291106
9480,317.005,12.842185896942508,2393.211872407252,181.14333812168448,1970.402363521513,2543.4550262410353,97.73694887628358,68.23417919358309,96.7648347792936,7.2729185887333045,1265,-3.600436349084491,-3.9498829709291106
9481,317.015,12.842372476904952,2393.1714883919344,181.14035131975245,1970.4070904042187,2543.454906648648,97.73690124057387,68.23353213851529,96.69252358608749,7.273107758611717,1265,-3.6006279417440212,-3.9498829709291106
9482,317.025,12.84255885285184,2393.131166410039,181.1373690960255,1970.4118175021304,2543.454787056742,97.73685360476333,68.2328859597777,96.62020921784102,7.273296926650262,1265,-3.6008192444127176,-3.9498829709291106
9483,317.03499999999997,12.842745025078944,2393.0909063667027,181.1343914435782,1970.4165448149229,2543.4546674653147,97.73680596885197,68.23224065604452,96.54789167954294,7.273486092851437,1265,-3.601010257523357,-3.9498829709291106
9484,317.04499999999996,12.84293099388166,2393.050708167219,181.13141835534893,1970.4212723422709,2543.4545478743653,97.73675833283978,68.23159622599196,96.47557097617432,7.273675257217736,1265,-3.6012009815080854,-3.9498829709291106
9485,317.055,12.843116759554947,2393.0105717170204,181.12844982440268,1970.4260000838515,2543.454428283893,97.73671069672673,68.23095266829816,96.40324711270866,7.27386441975165,1265,-3.6013914167984193,-3.9498829709291106
9486,317.065,12.843302322393392,2392.9704969216855,181.12548584374423,1970.4307280393407,2543.454308693897,97.73666306051287,68.23030998164332,96.33092009411179,7.274053580455664,1265,-3.601581563825241,-3.9498829709291106
9487,317.075,12.843487682691155,2392.930483686937,181.12252640649527,1970.435456208414,2543.454189104374,97.73661542419815,68.22966816470955,96.25858992534198,7.274242739332262,1265,-3.601771423018806,-3.9498829709291106
9488,317.085,12.843672840742029,2392.890531918643,181.1195715056199,1970.440184590751,2543.454069515326,97.73656778778259,68.22902721618101,96.1862566113499,7.2744318963839225,1265,-3.601960994808738,-3.9498829709291106
9489,317.09499999999997,12.843857796839343,2392.8506415228208,181.1166211342572,1970.4449131860297,2543.453949926749,97.73652015126618,68.22838713474378,96.11392015707868,7.274621051613121,1265,-3.6021502796240354,-3.9498829709291106
9490,317.105,12.844042551276052,2392.8108124056216,181.11367528541234,1970.4496419939255,2543.4538303386425,97.7364725146489,68.22774791908594,96.04158056746382,7.2748102050223284,1265,-3.6023392778930683,-3.9498829709291106
9491,317.115,12.84422710434472,2392.7710444733516,181.11073395222712,1970.4543710141197,2543.453710751005,97.73642487793076,68.22710956789753,95.96923784743333,7.274999356614012,1265,-3.6025279900435794,-3.9498829709291106
9492,317.125,12.844411456337507,2392.7313376324523,181.10779712779177,1970.459100246292,2543.4535911638377,97.73637724111175,68.22647207987055,95.89689200190764,7.275188506390637,1265,-3.6027164165026875,-3.9498829709291106
9493,317.135,12.844595607546154,2392.691691789512,181.1048648052259,1970.4638296901207,2543.4534715771365,97.73632960419188,68.22583545369899,95.82454303579966,7.275377654354664,1265,-3.6029045576968857,-3.9498829709291106
9494,317.145,12.844779558262024,2392.6521068512616,181.1019369776181,1970.4685593452875,2543.4533519909014,97.73628196717112,68.22519968807877,95.75219095401482,7.275566800508548,1265,-3.6030924140520444,-3.9498829709291106
9495,317.155,12.844963308776032,2392.6125827245774,181.09901363809195,1970.4732892114712,2543.453232405131,97.73623433004948,68.22456478170781,95.67983576145097,7.275755944854742,1265,-3.6032799859934097,-3.9498829709291106
9496,317.16499999999996,12.845146859378735,2392.5731193164784,181.09609477984037,1970.4780192883547,2543.4531128198246,97.73618669282698,68.22393073328594,95.60747746299853,7.275945087395696,1265,-3.6034672739456073,-3.9498829709291106
9497,317.17499999999995,12.845330210360311,2392.5337165341193,181.09318039597386,1970.4827495756208,2543.45299323498,97.73613905550357,68.22329754151497,95.53511606354041,7.276134228133857,1265,-3.603654278332641,-3.9498829709291106
9498,317.185,12.845513362010484,2392.494374284807,181.0902704796326,1970.4874800729494,2543.4528736505977,97.73609141807927,68.22266520509864,95.46275156795207,7.2763233670716625,1265,-3.6038409995778946,-3.9498829709291106
9499,317.195,12.845696314618623,2392.455092475982,181.0873650240883,1970.4922107800242,2543.452754066674,97.73604378055406,68.22203372274265,95.39038398110145,7.276512504211555,1265,-3.6040274381041324,-3.9498829709291106
9500,317.205,12.845879068473653,2392.4158710152356,181.08446402239966,1970.4969416965296,2543.4526344832093,97.73599614292796,68.22140309315466,95.31801330784911,7.276701639555965,1265,-3.6042135943335007,-3.9498829709291106
9501,317.215,12.84606162386413,2392.376709810295,181.08156746785656,1970.5016728221476,2543.4525149002034,97.73594850520095,68.22077331504423,95.24563955304816,7.2768907731073265,1265,-3.604399468687528,-3.9498829709291106
9502,317.22499999999997,12.846243981078244,2392.3376087690267,181.07867535360032,1970.5064041565633,2543.4523953176526,97.73590086737303,68.2201443871229,95.17326272154426,7.2770799048680646,1265,-3.6045850615871253,-3.9498829709291106
9503,317.235,12.84642614040371,2392.2985677994448,181.07578767288442,1970.5111356994619,2543.4522757355567,97.73585322944417,68.21951630810412,95.10088281817568,7.277269034840603,1265,-3.6047703734525887,-3.9498829709291106
9504,317.245,12.846608102127918,2392.2595868097033,181.0729044189005,1970.515867450527,2543.4521561539145,97.73580559141442,68.21888907670328,95.02849984777325,7.277458163027362,1265,-3.6049554047035977,-3.9498829709291106
9505,317.255,12.846789866537826,2392.220665708089,181.07002558488657,1970.5205994094456,2543.4520365727267,97.73575795328372,68.2182626916377,94.95611381516045,7.277647289430757,1265,-3.6051401557592193,-3.9498829709291106
9506,317.265,12.846971433919995,2392.1818044030424,181.06715116414622,1970.5253315759035,2543.45191699199,97.73571031505212,68.21763715162663,94.88372472515336,7.2778364140531995,1265,-3.6053246270379073,-3.9498829709291106
9507,317.275,12.84715280456063,2392.1430028031364,181.06428114986062,1970.5300639495872,2543.451797411704,97.73566267671956,68.21701245539126,94.8113325825607,7.2780255368971005,1265,-3.605508818957501,-3.9498829709291106
9508,317.28499999999997,12.847333978745493,2392.1042608170815,181.0614155353356,1970.534796530185,2543.451677831867,97.73561503828607,68.21638860165461,94.73893739218381,7.278214657964863,1265,-3.605692731935231,-3.9498829709291106
9509,317.29499999999996,12.847514956759975,2392.065578353735,181.05855431381974,1970.5395293173822,2543.4515582524773,97.73556739975164,68.21576558914178,94.66653915881675,7.278403777258891,1265,-3.6058763663877142,-3.9498829709291106
9510,317.305,12.84769573888906,2392.026955322093,181.05569747862478,1970.5442623108684,2543.4514386735354,97.73551976111627,68.21514341657962,94.59413788724613,7.278592894781579,1265,-3.60605972273096,-3.9498829709291106
9511,317.315,12.847876325417364,2391.9883916312847,181.05284502304133,1970.5489955103326,2543.451319095039,97.73547212237995,68.21452208269702,94.52173358225136,7.278782010535324,1265,-3.6062428013803673,-3.9498829709291106
9512,317.325,12.848056716629097,2391.949887190588,181.04999694036658,1970.5537289154624,2543.4511995169873,97.73542448354264,68.21390158622471,94.44932624860446,7.278971124522515,1265,-3.606425602750728,-3.9498829709291106
9513,317.335,12.848236912808064,2391.9114419094117,181.04715322396999,1970.5584625259469,2543.451079939379,97.73537684460439,68.21328192589533,94.37691589107017,7.27916023674554,1265,-3.6066081272562256,-3.9498829709291106
9514,317.34499999999997,12.848416914237692,2391.8730556973096,181.044313867088,1970.5631963414792,2543.4509603622128,97.73532920556518,68.21266310044345,94.30450251440594,7.279349347206781,1265,-3.6067903753104376,-3.9498829709291106
9515,317.355,12.848596721201002,2391.834728463971,181.04147886310963,1970.5679303617458,2543.450840785488,97.73528156642499,68.21204510860554,94.23208612336194,7.279538455908619,1265,-3.606972347326335,-3.9498829709291106
9516,317.365,12.848776333980679,2391.7964601192225,181.03864820540915,1970.5726645864404,2543.4507212092017,97.73523392718383,68.21142794911994,94.1596667226811,7.27972756285343,1265,-3.607154043716286,-3.9498829709291106
9517,317.375,12.848955752858933,2391.758250573032,181.0358218872819,1970.577399015253,2543.4506016333553,97.73518628784169,68.2108116207269,94.08724431709902,7.279916668043586,1265,-3.6073354648920537,-3.9498829709291106
9518,317.385,12.84913497811765,2391.720099735506,181.03299990213944,1970.5821336478766,2543.4504820579464,97.73513864839857,68.21019612216857,94.01481891134414,7.280105771481456,1265,-3.6075166112647974,-3.9498829709291106
9519,317.395,12.8493140100383,2391.6820075168853,181.03018224336915,1970.5868684840023,2543.450362482974,97.73509100885448,68.209581452189,93.94239051013761,7.2802948731694075,1265,-3.6076974832450754,-3.9498829709291106
9520,317.405,12.849492848901939,2391.6439738275512,181.02736890431754,1970.591603523323,2543.4502429084355,97.73504336920938,68.20896760953411,93.86995911819339,7.2804839731098,1265,-3.607878081242844,-3.9498829709291106
9521,317.41499999999996,12.849671494989307,2391.605998578022,181.02455987841844,1970.5963387655333,2543.450123334333,97.7349957294633,68.2083545929517,93.79752474021821,7.280673071304992,1265,-3.60805840566746,-3.9498829709291106
9522,317.42499999999995,12.849849948580685,2391.5680816789495,181.0217551590826,1970.6010742103247,2543.4500037606613,97.7349480896162,68.20774240119145,93.7250873809116,7.280862167757339,1265,-3.608238456927678,-3.9498829709291106
9523,317.435,12.850028209956001,2391.5302230411285,181.01895473966323,1970.6058098573938,2543.4498841874233,97.7349004496681,68.20713103300494,93.6526470449659,7.281051262469192,1265,-3.6084182354316563,-3.9498829709291106
9524,317.445,12.850206279394795,2391.4924225754867,181.01615861369106,1970.6105457064343,2543.4497646146147,97.734852809619,68.20652048714561,93.58020373706628,7.281240355442898,1265,-3.608597741586955,-3.9498829709291106
9525,317.455,12.85038415717623,2391.4546801930906,181.01336677454617,1970.6152817571412,2543.449645042236,97.73480516946887,68.20591076236879,93.50775746189075,7.281429446680802,1265,-3.6087769758005352,-3.9498829709291106
9526,317.465,12.850561843579007,2391.416995805143,181.01057921567715,1970.6200180092094,2543.449525470285,97.73475752921775,68.20530185743165,93.43530822411013,7.281618536185244,1265,-3.608955938478763,-3.9498829709291106
9527,317.47499999999997,12.850739338881578,2391.3793693229777,181.00779593054136,1970.6247544623368,2543.4494058987625,97.7347098888656,68.20469377109326,93.36285602838814,7.28180762395856,1265,-3.609134630027409,-3.9498829709291106
9528,317.485,12.850916643361883,2391.3418006580723,181.00501691262633,1970.6294911162177,2543.4492863276655,97.7346622484124,68.20408650211452,93.29040087938132,7.281996710003085,1265,-3.6093130508516493,-3.9498829709291106
9529,317.495,12.85109375729753,2391.3042897220334,181.00224215543065,1970.634227970551,2543.4491667569932,97.7346146078582,68.20348004925823,93.21794278173911,7.282185794321149,1265,-3.6094912013560654,-3.9498829709291106
9530,317.505,12.851270680965797,2391.2668364266106,180.99947165243054,1970.6389650250328,2543.449047186744,97.73456696720297,68.20287441128903,93.14548174010383,7.282374876915077,1265,-3.6096690819446464,-3.9498829709291106
9531,317.515,12.851447414643456,2391.229440683679,180.9967053970956,1970.643702279362,2543.448927616919,97.73451932644667,68.20226958697342,93.07301775911073,7.282563957787193,1265,-3.6098466930207884,-3.9498829709291106
9532,317.525,12.851623958607004,2391.1921024052585,180.99394338294496,1970.6484397332367,2543.448808047513,97.73447168558934,68.20166557507973,93.0005508433879,7.282753036939816,1265,-3.610024034987297,-3.9498829709291106
9533,317.53499999999997,12.851800313132484,2391.1548215035,180.99118560348998,1970.6531773863558,2543.4486884785288,97.73442404463097,68.2010623743782,92.92808099755642,7.282942114375262,1265,-3.610201108246389,-3.9498829709291106
9534,317.54499999999996,12.85197647849564,2391.1175978906836,180.98843205229855,1970.6579152384181,2543.4485689099643,97.73437640357155,68.20045998364085,92.85560822623026,7.283131190095843,1265,-3.6103779131996876,-3.9498829709291106
9535,317.555,12.852152454971721,2391.080431479232,180.9856827228872,1970.662653289124,2543.4484493418167,97.73432876241107,68.1998584016416,92.78313253401635,7.283320264103868,1265,-3.61055445024823,-3.9498829709291106
9536,317.565,12.852328242835668,2391.0433221816998,180.98293760881438,1970.667391538173,2543.4483297740862,97.73428112114954,68.19925762715619,92.71065392551456,7.283509336401642,1265,-3.6107307197924645,-3.9498829709291106
9537,317.575,12.852503842362053,2391.0062699107775,180.9801967036016,1970.672129985267,2543.4482102067723,97.73423347978692,68.19865765896218,92.63817240531776,7.283698406991468,1265,-3.610906722232253,-3.9498829709291106
9538,317.585,12.852679253825045,2390.9692745792804,180.97746000085434,1970.6768686301057,2543.448090639873,97.73418583832326,68.19805849583899,92.56568797801172,7.283887475875644,1265,-3.6110824579668703,-3.9498829709291106
9539,317.59499999999997,12.852854477498406,2390.9323361001693,180.9747274941229,1970.681607472392,2543.4479710733863,97.73413819675851,68.1974601365679,92.49320064817526,7.2840765430564645,1265,-3.6112579273950054,-3.9498829709291106
9540,317.605,12.85302951365555,2390.895454386532,180.97199917703696,1970.6863465118265,2543.447851507312,97.73409055509269,68.19686257993197,92.42071042038017,7.28426560853622,1265,-3.611433130914764,-3.9498829709291106
9541,317.615,12.853204362569521,2390.8586293515896,180.9692750431938,1970.6910857481125,2543.4477319416505,97.7340429133258,68.19626582471612,92.34821729919125,7.2844546723172,1265,-3.611608068923666,-3.9498829709291106
9542,317.625,12.853379024512968,2390.8218609086966,180.96655508614631,1970.6958251809533,2543.447612376397,97.73399527145781,68.19566986970709,92.27572128916633,7.28464373440169,1265,-3.6117827418186503,-3.9498829709291106
9543,317.635,12.853553499758151,2390.7851489713457,180.96383929957523,1970.7005648100526,2543.447492811554,97.73394762948874,68.19507471369344,92.20322239485624,7.284832794791969,1265,-3.6119571499960723,-3.9498829709291106
9544,317.645,12.853727788576963,2390.7484934531526,180.9611276770468,1970.705304635113,2543.4473732471192,97.73389998741857,68.19448035546559,92.13072062080488,7.285021853490315,1265,-3.612131293851706,-3.9498829709291106
9545,317.655,12.853901891240941,2390.7118942678735,180.9584202122529,1970.7100446558397,2543.4472536830904,97.7338523452473,68.1938867938157,92.05821597154917,7.285210910499003,1265,-3.6123051737807446,-3.9498829709291106
9546,317.66499999999996,12.854075808021195,2390.6753513293943,180.95571689880128,1970.7147848719374,2543.447134119468,97.73380470297492,68.1932940275378,91.9857084516191,7.285399965820303,1265,-3.6124787901778035,-3.9498829709291106
9547,317.67499999999995,12.854249539188523,2390.6388645517295,180.95301773036087,1970.7195252831111,2543.4470145562495,97.73375706060146,68.19270205542773,91.91319806553777,7.2855890194564825,1265,-3.612652143436916,-3.9498829709291106
9548,317.685,12.854423085013305,2390.602433849033,180.9503227006328,1970.7242658890661,2543.446894993435,97.73370941812686,68.19211087628314,91.84068481782128,7.285778071409807,1265,-3.61282523395154,-3.9498829709291106
9549,317.695,12.854596445765557,2390.5660591355804,180.94763180324944,1970.7290066895096,2543.4467754310213,97.73366177555116,68.19152048890348,91.7681687129789,7.285967121682534,1265,-3.6129980621145545,-3.9498829709291106
9550,317.705,12.854769621714894,2390.529740325787,180.94494503189046,1970.7337476841478,2543.4466558690096,97.73361413287434,68.19093089209,91.69564975551295,7.286156170276922,1265,-3.6131706283182625,-3.9498829709291106
9551,317.715,12.854942613130627,2390.4934773341947,180.9422623802813,1970.738488872687,2543.446536307399,97.73356649009641,68.19034208464574,91.6231279499189,7.286345217195226,1265,-3.6133429329543922,-3.9498829709291106
9552,317.72499999999997,12.855115420281617,2390.4572700754825,180.93958384212118,1970.7432302548348,2543.4464167461865,97.73351884721733,68.18975406537558,91.55060330068531,7.286534262439694,1265,-3.6135149764140944,-3.9498829709291106
9553,317.735,12.855288043436373,2390.42111846445,180.93690941112766,1970.7479718302998,2543.446297185372,97.73347120423712,68.18916683308618,91.47807581229391,7.286723306012574,1265,-3.613686759087948,-3.9498829709291106
9554,317.745,12.855460482863073,2390.3850224160346,180.93423908102733,1970.752713598791,2543.4461776249545,97.7334235611558,68.18858038658598,91.40554548921953,7.286912347916108,1265,-3.6138582813659594,-3.9498829709291106
9555,317.755,12.855632738829454,2390.3489818453063,180.9315728455209,1970.7574555600145,2543.446058064934,97.73337591797332,68.18799472468523,91.3330123359302,7.287101388152538,1265,-3.6140295436375602,-3.9498829709291106
9556,317.765,12.855804811602939,2390.3129966674574,180.92891069841062,1970.7621977136819,2543.445938505306,97.73332827468971,68.18740984619593,91.26047635688711,7.2872904267241,1265,-3.614200546291612,-3.9498829709291106
9557,317.775,12.855976701450597,2390.2770667978157,180.92625263336538,1970.7669400595028,2543.445818946073,97.73328063130495,68.18682574993194,91.18793755654458,7.287479463633028,1265,-3.614371289716404,-3.9498829709291106
9558,317.78499999999997,12.856148408639017,2390.2411921518383,180.92359864424205,1970.7716825971872,2543.445699387232,97.73323298781904,68.18624243470883,91.11539593935017,7.28766849888155,1265,-3.6145417742996577,-3.9498829709291106
9559,317.79499999999996,12.85631993343452,2390.205372645111,180.92094872476608,1970.7764253264443,2543.445579828782,97.73318534423197,68.18565989934399,91.04285150974461,7.287857532471894,1265,-3.614712000428524,-3.9498829709291106
9560,317.805,12.856491276103013,2390.169608193347,180.91830286872155,1970.7811682469871,2543.445460270723,97.73313770054374,68.18507814265658,90.97030427216185,7.288046564406283,1265,-3.6148819684895837,-3.9498829709291106
9561,317.815,12.856662436910046,2390.1338987123922,180.9156610698759,1970.7859113585257,2543.4453407130527,97.73309005675435,68.18449716346753,90.89775423102905,7.288235594686936,1265,-3.6150516788688534,-3.9498829709291106
9562,317.825,12.856833416120818,2390.0982441182214,180.91302332207493,1970.7906546607726,2543.445221155771,97.7330424128638,68.18391696059955,90.82520139076662,7.288424623316071,1265,-3.6152211319517806,-3.9498829709291106
9563,317.835,12.857004214000112,2390.062644326935,180.91038961909055,1970.7953981534395,2543.4451015988757,97.73299476887206,68.1833375328771,90.75264575578817,7.2886136502959,1265,-3.6153903281232473,-3.9498829709291106
9564,317.84499999999997,12.857174830812404,2390.0270992547667,180.90775995478893,1970.8001418362403,2543.4449820423665,97.73294712477916,68.18275887912647,90.68008733050056,7.288802675628632,1265,-3.615559267767571,-3.9498829709291106
9565,317.855,12.857345266821735,2389.9916088180703,180.90513432293446,1970.804885708887,2543.4448624862425,97.73289948058508,68.18218099817565,90.60752611930396,7.288991699316474,1265,-3.6157279512685045,-3.9498829709291106
9566,317.865,12.857515522291841,2389.95617293334,180.90251271745305,1970.8096297710947,2543.444742930502,97.7328518362898,68.18160388885441,90.53496212659178,7.28918072136163,1265,-3.6158963790092353,-3.9498829709291106
9567,317.875,12.857685597486043,2389.9207915171883,180.89989513212046,1970.8143740225755,2543.444623375144,97.73280419189334,68.18102754999431,90.46239535675069,7.2893697417663,1265,-3.6160645513723906,-3.9498829709291106
9568,317.885,12.85785549266731,2389.8854644863577,180.89728156080952,1970.8191184630457,2543.4445038201675,97.73275654739568,68.18045198042861,90.38982581416069,7.289558760532678,1265,-3.6162324687400336,-3.9498829709291106
9569,317.895,12.85802520809824,2389.8501917577187,180.89467199740042,1970.82386309222,2543.4443842655714,97.73270890279684,68.17987717899237,90.31725350319505,7.289747777662959,1265,-3.616400131493667,-3.9498829709291106
9570,317.905,12.858194744041116,2389.814973248272,180.892066435804,1970.8286079098132,2543.444264711356,97.7326612580968,68.17930314452238,90.24467842822035,7.289936793159332,1265,-3.616567540014234,-3.9498829709291106
9571,317.91499999999996,12.858364100757798,2389.7798088751424,180.88946486981837,1970.833352915541,2543.444145157518,97.73261361329554,68.17872987585721,90.17210059359654,7.290125807023984,1265,-3.616734694682117,-3.9498829709291106
9572,317.92499999999995,12.858533278509777,2389.7446985555807,180.8868672934026,1970.8380981091216,2543.444025604056,97.73256596839308,68.17815737183713,90.09952000367683,7.290314819259097,1265,-3.6169015958771396,-3.9498829709291106
9573,317.935,12.858702277558242,2389.7096422069667,180.88427370045684,1970.842843490269,2543.4439060509726,97.73251832338941,68.1775856313042,90.02693666280781,7.290503829866853,1265,-3.6170682439785677,-3.9498829709291106
9574,317.945,12.85887109816392,2389.6746397468096,180.8816840848993,1970.847589058701,2543.4437864982624,97.73247067828453,68.17701465310218,89.95435057532944,7.290692838849426,1265,-3.6172346393651096,-3.9498829709291106
9575,317.955,12.859039740587285,2389.639691092739,180.8790984405806,1970.852334814137,2543.4436669459287,97.73242303307842,68.17644443607661,89.881761745575,7.290881846208992,1265,-3.617400782414918,-3.9498829709291106
9576,317.965,12.859208205088375,2389.6047961625122,180.87651676150807,1970.857080756293,2543.443547393965,97.73237538777107,68.17587497907473,89.80917017787118,7.291070851947719,1265,-3.6175666735055896,-3.9498829709291106
9577,317.97499999999997,12.859376491926888,2389.5699548740167,180.87393904163056,1970.8618268848888,2543.443427842376,97.73232774236251,68.17530628094556,89.73657587653803,7.291259856067775,1265,-3.617732313014165,-3.9498829709291106
9578,317.985,12.859544601362156,2389.535167145263,180.87136527487385,1970.8665731996423,2543.4433082911573,97.73228009685272,68.1747383405398,89.66397884588899,7.2914488585713215,1265,-3.6178977013171307,-3.9498829709291106
9579,317.995,12.85971253365317,2389.5004328943864,180.86879545519193,1970.8713197002742,2543.443188740307,97.7322324512417,68.17417115670989,89.59137909023093,7.29163785946052,1265,-3.618062838790422,-3.9498829709291106
9580,318.005,12.859880289058516,2389.465752039648,180.86622957655928,1970.8760663865016,2543.443069189826,97.73218480552941,68.17360472831005,89.5187766138641,7.291826858737527,1265,-3.6182277258094215,-3.9498829709291106
9581,318.015,12.860047867836455,2389.431124499434,180.86366763295922,1970.880813258047,2543.4429496397133,97.7321371597159,68.17303905419615,89.44617142108221,7.292015856404497,1265,-3.618392362748956,-3.9498829709291106
9582,318.025,12.860215270244876,2389.3965501922594,180.8611096183869,1970.8855603146303,2543.4428300899667,97.73208951380114,68.1724741332258,89.37356351617237,7.292204852463579,1265,-3.618556749983306,-3.9498829709291106
9583,318.03499999999997,12.860382496541343,2389.36202903676,180.85855552683464,1970.890307555973,2543.4427105405866,97.73204186778513,68.17190996425839,89.30095290341515,7.292393846916921,1265,-3.6187208878862,-3.9498829709291106
9584,318.04499999999996,12.86054954698296,2389.3275609516954,180.85600535228377,1970.895054981796,2543.442590991571,97.73199422166785,68.17134654615494,89.22833958708456,7.292582839766666,1265,-3.6188847768308157,-3.9498829709291106
9585,318.055,12.860716421826599,2389.293145855955,180.8534590887878,1970.8998025918202,2543.4424714429183,97.73194657544933,68.17078387777823,89.15572357144809,7.292771831014956,1265,-3.6190484171897848,-3.9498829709291106
9586,318.065,12.860883121328705,2389.258783668547,180.8509167303372,1970.9045503857692,2543.4423518946287,97.73189892912953,68.17022195799275,89.0831048607667,7.292960820663928,1265,-3.61921180933519,-3.9498829709291106
9587,318.075,12.861049645745352,2389.224474308607,180.84837827101478,1970.9092983633661,2543.4422323466993,97.73185128270848,68.16966078566468,89.01048345929482,7.2931498087157145,1265,-3.619374953638566,-3.9498829709291106
9588,318.085,12.861215995332316,2389.190217695391,180.84584370479877,1970.9140465243327,2543.442112799131,97.73180363618614,68.16910035966193,88.93785937128038,7.293338795172448,1265,-3.6195378504709024,-3.9498829709291106
9589,318.09499999999997,12.861382170344973,2389.1560137482857,180.8433130257971,1970.9187948683928,2543.4419932519218,97.73175598956254,68.16854067885409,88.86523260096483,7.293527780036255,1265,-3.619700500202642,-3.9498829709291106
9590,318.105,12.861548171038297,2389.121862386794,180.84078622806112,1970.9235433952715,2543.441873705072,97.73170834283766,68.16798174211246,88.79260315258313,7.293716763309261,1265,-3.6198629032036838,-3.9498829709291106
9591,318.115,12.861713997667023,2389.0877635305433,180.83826330562178,1970.9282921046924,2543.441754158579,97.73166069601149,68.16742354831004,88.71997103036372,7.293905744993587,1265,-3.6200250598433836,-3.9498829709291106
9592,318.125,12.861879650485449,2389.0537170992866,180.83574425258752,1970.93304099638,2543.4416346124426,97.73161304908403,68.16686609632154,88.64733623852864,7.294094725091352,1265,-3.620186970490551,-3.9498829709291106
9593,318.135,12.86204512974753,2389.019723012902,180.8332290630671,1970.9377900700606,2543.44151506666,97.73156540205528,68.16630938502333,88.57469878129342,7.29428370360467,1265,-3.6203486355134564,-3.9498829709291106
9594,318.145,12.862210435706855,2388.985781191385,180.83071773113724,1970.942539325458,2543.4413955212326,97.73151775492525,68.1657534132935,88.50205866286719,7.294472680535651,1265,-3.6205100552798277,-3.9498829709291106
9595,318.155,12.862375568616686,2388.951891554858,180.8282102508984,1970.9472887623006,2543.441275976157,97.7314701076939,68.16519818001181,88.42941588745258,7.294661655886406,1265,-3.6206712301568507,-3.9498829709291106
9596,318.16499999999996,12.862540528729953,2388.918054023562,180.8257066164816,1970.9520383803138,2543.4411564314355,97.73142246036126,68.16464368405973,88.35677045924587,7.29485062965904,1265,-3.620832160511171,-3.9498829709291106
9597,318.17499999999995,12.862705316299133,2388.884268517863,180.82320682195717,1970.9567881792234,2543.4410368870645,97.73137481292731,68.16408992432036,88.28412238243683,7.295039601855653,1265,-3.6209928467088965,-3.9498829709291106
9598,318.185,12.862869931576489,2388.8505349582447,180.82071086154312,1970.9615381587596,2543.440917343042,97.73132716539205,68.16353689967853,88.21147166120893,7.295228572478346,1265,-3.621153289115594,-3.9498829709291106
9599,318.195,12.863034374813834,2388.8168532653226,180.81821872935453,1970.9662883186475,2543.44079779937,97.73127951775548,68.16298460902077,88.13881829973919,7.295417541529215,1265,-3.621313488096296,-3.9498829709291106
9600,318.205,12.863198646262623,2388.7832233598224,180.81573041949312,1970.9710386586153,2543.440678256046,97.73123187001758,68.16243305123523,88.06616230219818,7.29560650901035,1265,-3.6214734440154945,-3.9498829709291106
9601,318.215,12.86336274617402,2388.749645162599,180.81324592617693,1970.975789178394,2543.4405587130677,97.73118422217837,68.16188222521174,87.99350367275021,7.2957954749238425,1265,-3.6216331572371483,-3.9498829709291106
9602,318.22499999999997,12.86352667479881,2388.716118594623,180.81076524355638,1970.9805398777094,2543.440439170436,97.73113657423782,68.16133212984182,87.92084241555314,7.295984439271778,1265,-3.6217926281246764,-3.9498829709291106
9603,318.235,12.86369043238743,2388.682643576994,180.80828836579346,1970.9852907562938,2543.4403196281487,97.73108892619595,68.16078276401868,87.8481785347585,7.296173402056239,1265,-3.621951857040967,-3.9498829709291106
9604,318.245,12.863854019189931,2388.6492200309203,180.8058152871413,1970.9900418138752,2543.440200086206,97.73104127805274,68.16023412663712,87.77551203451148,7.296362363279307,1265,-3.6221108443483723,-3.9498829709291106
9605,318.255,12.864017435456084,2388.615847877744,180.80334600171446,1970.9947930501858,2543.4400805446076,97.73099362980821,68.15968621659371,87.7028429189509,7.296551322943058,1265,-3.622269590408711,-3.9498829709291106
9606,318.265,12.864180681435254,2388.58252703892,180.8008805037508,1970.999544464953,2543.4399610033493,97.73094598146233,68.15913903278658,87.63017119220929,7.296740281049565,1265,-3.6224280955832713,-3.9498829709291106
9607,318.275,12.864343757376483,2388.549257436021,180.79841878744304,1971.0042960579106,2543.4398414624316,97.7308983330151,68.15859257411559,87.55749685841283,7.2969292376008985,1265,-3.6225863602328063,-3.9498829709291106
9608,318.28499999999997,12.864506663528445,2388.516038990749,180.79596084706168,1971.0090478287898,2543.439721921854,97.73085068446652,68.1580468394822,87.48481992168139,7.297118192599126,1265,-3.622744384717541,-3.9498829709291106
9609,318.29499999999996,12.86466940013948,2388.482871624922,180.79350667678858,1971.0137997773209,2543.439602381616,97.73080303581659,68.15750182778956,87.41214038612858,7.297307146046314,1265,-3.622902169397169,-3.9498829709291106
9610,318.305,12.864831967457587,2388.4497552604744,180.79105627094256,1971.0185519032377,2543.4394828417144,97.7307553870653,68.15695753794246,87.33945825586167,7.29749609794452,1265,-3.623059714630854,-3.9498829709291106
9611,318.315,12.864994365730421,2388.4166898194594,180.7886096236591,1971.0233042062725,2543.4393633021505,97.73070773821266,68.15641396884737,87.26677353498167,7.297685048295805,1265,-3.6232170207772327,-3.9498829709291106
9612,318.325,12.865156595205269,2388.383675224059,180.78616672928752,1971.0280566861584,2543.439243762922,97.73066008925865,68.15587111941235,87.19408622758331,7.297873997102221,1265,-3.623374088194411,-3.9498829709291106
9613,318.335,12.865318656129043,2388.3507113965643,180.7837275820627,1971.0328093426288,2543.439124224029,97.73061244020327,68.15532898854713,87.1213963377551,7.298062944365823,1265,-3.623530917239969,-3.9498829709291106
9614,318.34499999999997,12.865480548748401,2388.3177982593916,180.7812921762518,1971.0375621754172,2543.4390046854687,97.73056479104652,68.15478757516308,87.04870386957924,7.298251890088657,1265,-3.6236875082709625,-3.9498829709291106
9615,318.355,12.865642273309588,2388.2849357350724,180.77886050611272,1971.042315184259,2543.438885147241,97.73051714178838,68.15424687817323,86.97600882713172,7.298440834272769,1265,-3.6238438616439166,-3.9498829709291106
9616,318.365,12.865803830058507,2388.2521237462593,180.77643256601,1971.047068368888,2543.4387656093463,97.73046949242888,68.1537068964922,86.9033112144823,7.298629776920203,1265,-3.6239999777148366,-3.9498829709291106
9617,318.375,12.865965219240726,2388.21936221572,180.7740083502238,1971.0518217290398,2543.438646071782,97.730421842968,68.15316762903629,86.83061103569449,7.298818718032996,1265,-3.6241558568391996,-3.9498829709291106
9618,318.385,12.866126441101494,2388.186651066347,180.77158785302655,1971.0565752644507,2543.4385265345477,97.73037419340572,68.15262907472341,86.75790829482563,7.2990076576131875,1265,-3.6243114993719603,-3.9498829709291106
9619,318.395,12.86628749588566,2388.1539902211475,180.7691710687745,1971.061328974854,2543.4384069976413,97.73032654374207,68.15209123247308,86.6852029959268,7.299196595662808,1265,-3.624466905667552,-3.9498829709291106
9620,318.405,12.866448383837778,2388.1213796032384,180.76675799173609,1971.066082859989,2543.4382874610637,97.730278893977,68.15155410120651,86.61249514304292,7.299385532183889,1265,-3.624622076079885,-3.9498829709291106
9621,318.41499999999996,12.866609105202054,2388.0888191358736,180.7643486163618,1971.0708369195913,2543.4381679248118,97.73023124411056,68.15101767984645,86.53978474021275,7.2995744671784575,1265,-3.6247770109623465,-3.9498829709291106
9622,318.42499999999995,12.86676966022233,2388.056308742402,180.7619429368913,1971.0755911533977,2543.4380483888867,97.7301835941427,68.15048196731733,86.46707179146884,7.299763400648536,1265,-3.6249317106678074,-3.9498829709291106
9623,318.435,12.866930049142105,2388.023848346309,180.7595409477406,1971.0803455611465,2543.437928853286,97.73013594407345,68.14994696254519,86.39435630083754,7.299952332596146,1265,-3.625086175548615,-3.9498829709291106
9624,318.445,12.867090272204557,2387.9914378711837,180.75714264322667,1971.0851001425744,2543.4378093180085,97.73008829390277,68.14941266445767,86.32163827233914,7.300141263023307,1265,-3.625240405956599,-3.9498829709291106
9625,318.455,12.867250329652554,2387.959077240741,180.7547480177532,1971.0898548974217,2543.437689783055,97.7300406436307,68.14887907198403,86.24891770998768,7.300330191932032,1265,-3.6253944022430713,-3.9498829709291106
9626,318.465,12.867410221728527,2387.926766378806,180.75235706567636,1971.0946098254258,2543.4375702484226,97.72999299325721,68.14834618405516,86.17619461779113,7.300519119324334,1265,-3.6255481647588237,-3.9498829709291106
9627,318.47499999999997,12.867569948674657,2387.894505209329,180.74996978142178,1971.0993649263257,2543.437450714111,97.7299453427823,68.14781399960354,86.1034689997513,7.30070804520222,1265,-3.6257016938541344,-3.9498829709291106
9628,318.485,12.867729510732731,2387.8622936563665,180.74758615933948,1971.1041201998619,2543.437331180119,97.72989769220595,68.14728251756326,86.0307408598639,7.300896969567697,1265,-3.6258549898787633,-3.9498829709291106
9629,318.495,12.867888908144229,2387.8301316440993,180.74520619389602,1971.1088756457743,2543.4372116464474,97.72985004152818,68.14675173687,85.95801020211852,7.301085892422768,1265,-3.6260080531819563,-3.9498829709291106
9630,318.505,12.868048141150279,2387.7980190968215,180.7428298794339,1971.113631263803,2543.437092113092,97.72980239074899,68.14622165646112,85.88527703049864,7.301274813769432,1265,-3.6261608841124433,-3.9498829709291106
9631,318.515,12.868207209991706,2387.7659559389426,180.74045721043026,1971.1183870536872,2543.4369725800534,97.72975473986835,68.14569227527545,85.81254134898168,7.301463733609686,1265,-3.6263134830184423,-3.9498829709291106
9632,318.525,12.868366114908882,2387.7339420949884,180.73808818132136,1971.1231430151704,2543.436853047332,97.72970708888629,68.14516359225355,85.73980316153896,7.301652651945522,1265,-3.626465850247656,-3.9498829709291106
9633,318.53499999999997,12.868524856142004,2387.7019774896,180.73572278648842,1971.1278991479928,2543.4367335149254,97.72965943780278,68.14463560633747,85.6670624721357,7.301841568778934,1265,-3.626617986147275,-3.9498829709291106
9634,318.54499999999996,12.8686834339308,2387.670062047536,180.7333610204062,1971.1326554518967,2543.4366139828326,97.72961178661782,68.14410831647092,85.59431928473111,7.3020304841119055,1265,-3.626769891063979,-3.9498829709291106
9635,318.555,12.868841848514752,2387.6381956936666,180.73100287757455,1971.137411926624,2543.4364944510526,97.72956413533142,68.14358172159916,85.52157360327831,7.302219397946424,1265,-3.626921565343936,-3.9498829709291106
9636,318.565,12.869000100132927,2387.6063783529794,180.72864835238227,1971.1421685719188,2543.4363749195854,97.72951648394356,68.14305582066909,85.4488254317244,7.302408310284469,1265,-3.6270730093328045,-3.9498829709291106
9637,318.575,12.86915818902413,2387.574609950578,180.72629743939441,1971.1469253875234,2543.4362553884275,97.72946883245424,68.14253061262913,85.37607477401042,7.302597221128021,1265,-3.6272242233757335,-3.9498829709291106
9638,318.585,12.869316115426763,2387.542890411677,180.72395013301147,1971.1516823731815,2543.436135857581,97.72942118086347,68.14200609642933,85.3033216340714,7.3027861304790544,1265,-3.6273752078173622,-3.9498829709291106
9639,318.59499999999997,12.869473879578933,2387.5112196616105,180.7216064277642,1971.1564395286355,2543.436016327043,97.72937352917123,68.14148227102129,85.23056601583633,7.302975038339541,1265,-3.6275259630018217,-3.9498829709291106
9640,318.605,12.869631481718434,2387.479597625822,180.7192663181569,1971.161196853632,2543.435896796814,97.72932587737753,68.14095913535823,85.15780792322825,7.303163944711451,1265,-3.627676489272737,-3.9498829709291106
9641,318.615,12.869788922082664,2387.4480242298714,180.71692979868683,1971.1659543479138,2543.435777266892,97.72927822548235,68.14043668839491,85.08504736016414,7.303352849596752,1265,-3.6278267869732264,-3.9498829709291106
9642,318.625,12.869946200908718,2387.4164993994327,180.71459686383713,1971.1707120112274,2543.435657737276,97.72923057348571,68.13991492908768,85.01228433055502,7.303541752997407,1265,-3.6279768564459,-3.9498829709291106
9643,318.635,12.870103318433387,2387.3850230602975,180.71226750823274,1971.1754698433172,2543.4355382079643,97.72918292138758,68.13939385639446,84.93951883830594,7.303730654915376,1265,-3.6281266980328652,-3.9498829709291106
9644,318.645,12.870260274893067,2387.353595138362,180.70994172627843,1971.1802278439288,2543.435418678958,97.72913526918796,68.13887346927473,84.86675088731593,7.303919555352617,1265,-3.628276312075725,-3.9498829709291106
9645,318.655,12.870417070523894,2387.3222155596445,180.7076195125784,1971.18498601281,2543.435299150255,97.72908761688687,68.13835376668956,84.79398048147813,7.304108454311085,1265,-3.6284256989155756,-3.9498829709291106
9646,318.66499999999996,12.870573705561588,2387.2908842502716,180.70530086168154,1971.1897443497069,2543.435179621855,97.72903996448427,68.13783474760154,84.72120762467968,7.30429735179273,1265,-3.628574858893014,-3.9498829709291106
9647,318.67499999999995,12.870730180241624,2387.2596011364853,180.7029857681317,1971.1945028543655,2543.435060093756,97.7289923119802,68.13731641097489,84.64843232080179,7.304486247799503,1265,-3.628723792348132,-3.9498829709291106
9648,318.685,12.8708864947991,2387.2283661446404,180.70067422654844,1971.1992615265344,2543.4349405659577,97.72894465937463,68.13679875577532,84.57565457371975,7.30467514233335,1265,-3.628872499620522,-3.9498829709291106
9649,318.695,12.871042649468771,2387.197179201202,180.69836623142353,1971.2040203659606,2543.4348210384596,97.72889700666755,68.13628178097017,84.50287438730288,7.304864035396213,1265,-3.629020981049274,-3.9498829709291106
9650,318.705,12.871198644485068,2387.1660402327548,180.6960617774016,1971.2087793723924,2543.4347015112594,97.72884935385898,68.13576548552827,84.43009176541463,7.305052926990031,1265,-3.6291692369729778,-3.9498829709291106
9651,318.715,12.871354480082122,2387.1349491659857,180.69376085905344,1971.213538545578,2543.4345819843566,97.72880170094889,68.13524986842002,84.35730671191254,7.305241817116743,1265,-3.629317267729725,-3.9498829709291106
9652,318.72499999999997,12.871510156493715,2387.103905927702,180.69146347095858,1971.218297885267,2543.4344624577507,97.7287540479373,68.1347349286174,84.28451923064821,7.3054307057782815,1265,-3.6294650736571077,-3.9498829709291106
9653,318.735,12.871665673953324,2387.0729104448205,180.6891696077879,1971.2230573912095,2543.4343429314413,97.7287063948242,68.1342206650939,84.21172932546743,7.305619592976578,1265,-3.629612655092219,-3.9498829709291106
9654,318.745,12.871821032694017,2387.041962644368,180.68687926404883,1971.227817063153,2543.434223405426,97.72865874160956,68.13370707682459,84.13893700021002,7.305808478713561,1265,-3.6297600123716567,-3.9498829709291106
9655,318.755,12.87197623294865,2387.011062453484,180.68459243445358,1971.2325769008494,2543.4341038797047,97.72861108829342,68.13319416278607,84.06614225871,7.305997362991156,1265,-3.629907145831521,-3.9498829709291106
9656,318.765,12.872131274949645,2386.9802097994257,180.68230911364785,1971.2373369040492,2543.433984354276,97.72856343487575,68.13268192195646,83.9933451047955,7.3061862458112845,1265,-3.630054055807416,-3.9498829709291106
9657,318.775,12.872286158929157,2386.949404609552,180.68002929621218,1971.242097072501,2543.4338648291396,97.72851578135655,68.13217035331547,83.92054554228876,7.306375127175867,1265,-3.6302007426344494,-3.9498829709291106
9658,318.78499999999997,12.87244088511903,2386.9186468113353,180.6777529767919,1971.246857405959,2543.433745304294,97.72846812773582,68.1316594558443,83.84774357500626,7.30656400708682,1265,-3.6303472066472375,-3.9498829709291106
9659,318.79499999999996,12.872595453750705,2386.8879363323667,180.67548015011553,1971.2516179041738,2543.433625779739,97.72842047401356,68.1311492285257,83.77493920675859,7.306752885546056,1265,-3.630493448179901,-3.9498829709291106
9660,318.805,12.872749865055376,2386.8572731003374,180.67321081077247,1971.2563785668972,2543.4335062554733,97.72837282018976,68.13063967034395,83.70213244135051,7.306941762555488,1265,-3.630639467566066,-3.9498829709291106
9661,318.815,12.872904119263874,2386.8266570430574,180.67094495343275,1971.2611393938805,2543.4333867314954,97.72832516626441,68.13013078028487,83.62932328258098,7.307130638117021,1265,-3.6307852651388695,-3.9498829709291106
9662,318.825,12.873058216606678,2386.7960880884457,180.6686825728951,1971.265900384878,2543.433267207805,97.72827751223753,68.12962255733581,83.55651173424317,7.307319512232563,1265,-3.6309308412309544,-3.9498829709291106
9663,318.835,12.873212157314033,2386.7655661645294,180.6664236637084,1971.2706615396417,2543.4331476843995,97.72822985810909,68.12911500048563,83.48369780012442,7.307508384904014,1265,-3.6310761961744746,-3.9498829709291106
9664,318.84499999999997,12.873365941615747,2386.735091199446,180.66416822063454,1971.2754228579258,2543.433028161281,97.7281822038791,68.12860810872473,83.41088148400627,7.307697256133274,1265,-3.6312213303010905,-3.9498829709291106
9665,318.855,12.873519569741383,2386.7046631214434,180.6619162384032,1971.280184339484,2543.432908638447,97.72813454954755,68.12810188104501,83.33806278966453,7.307886125922239,1265,-3.631366243941977,-3.9498829709291106
9666,318.865,12.87367304192012,2386.6742818588805,180.6596677116487,1971.2849459840709,2543.4327891158973,97.72808689511444,68.1275963164399,83.2652417208692,7.308074994272803,1265,-3.6315109374278167,-3.9498829709291106
9667,318.875,12.873826358380912,2386.6439473402265,180.65742263519112,1971.2897077914406,2543.432669593629,97.72803924057976,68.12709141390437,83.19241828138452,7.308263861186856,1265,-3.631655411088806,-3.9498829709291106
9668,318.885,12.873979519352263,2386.613659494058,180.65518100366924,1971.294469761348,2543.4325500716423,97.72799158594353,68.12658717243487,83.11959247496898,7.308452726666286,1265,-3.631799665254654,-3.9498829709291106
9669,318.895,12.874132525062478,2386.5834182490585,180.6529428118789,1971.2992318935496,2543.432430549937,97.72794393120571,68.12608359102937,83.04676430537533,7.308641590712979,1265,-3.631943700254581,-3.9498829709291106
9670,318.905,12.874285375739436,2386.5532235340293,180.6507080545665,1971.3039941878,2543.4323110285127,97.72789627636634,68.12558066868735,82.97393377635058,7.308830453328815,1265,-3.6320875164173243,-3.9498829709291106
9671,318.91499999999996,12.874438071610735,2386.5230752778743,180.64847672646067,1971.308756643855,2543.432191507366,97.72784862142537,68.12507840440982,82.90110089163599,7.309019314515675,1265,-3.632231114071132,-3.9498829709291106
9672,318.92499999999995,12.874590612903676,2386.4929734096067,180.64624882233005,1971.3135192614725,2543.4320719864977,97.72780096638283,68.12457679719927,82.82826565496715,7.309208174275435,1265,-3.632374493543772,-3.9498829709291106
9673,318.935,12.874742999845223,2386.4629178583486,180.64402433697413,1971.3182820404086,2543.431952465907,97.7277533112387,68.12407584605968,82.75542807007388,7.309397032609967,1265,-3.6325176551625247,-3.9498829709291106
9674,318.945,12.874895232662,2386.432908553331,180.64180326508998,1971.3230449804205,2543.431832945592,97.72770565599299,68.1235755499966,82.68258814068035,7.309585889521143,1265,-3.632660599254188,-3.9498829709291106
9675,318.955,12.875047311580333,2386.4029454238957,180.63958560158258,1971.3278080812656,2543.4317134255525,97.72765800064569,68.12307590801697,82.60974587050501,7.309774745010831,1265,-3.632803326145078,-3.9498829709291106
9676,318.965,12.875199236826205,2386.373028399489,180.63737134113313,1971.332571342703,2543.4315939057883,97.7276103451968,68.12257691912933,82.53690126326062,7.309963599080896,1265,-3.6329458361610287,-3.9498829709291106
9677,318.97499999999997,12.875351008625326,2386.3431574096658,180.63516047863635,1971.337334764489,2543.431474386296,97.72756268964629,68.12207858234363,82.46405432265428,7.310152451733199,1265,-3.6330881296273922,-3.9498829709291106
9678,318.985,12.875502627203057,2386.313332384089,180.63295300883422,1971.342098346384,2543.431354867076,97.72751503399421,68.12158089667139,82.39120505238742,7.310341302969601,1265,-3.633230206869041,-3.9498829709291106
9679,318.995,12.875654092784414,2386.2835532525323,180.63074892657363,1971.3468620881467,2543.4312353481296,97.7274673782405,68.12108386112558,82.31835345615582,7.310530152791957,1265,-3.6333720682103667,-3.9498829709291106
9680,319.005,12.875805405594123,2386.253819944872,180.62854822668598,1971.3516259895366,2543.4311158294527,97.7274197223852,68.12058747472065,82.24549953764958,7.310719001202123,1265,-3.6335137139752827,-3.9498829709291106
9681,319.015,12.875956565856647,2386.2241323911,180.62635090399496,1971.3563900503134,2543.4309963110463,97.72737206642827,68.12009173647253,82.17264330055319,7.310907848201947,1265,-3.6336551444872236,-3.9498829709291106
9682,319.025,12.87610757379601,2386.194490521302,180.624156953369,1971.3611542702379,2543.4308767929083,97.72732441036975,68.11959664539867,82.09978474854549,7.31109669379328,1265,-3.6337963600691454,-3.9498829709291106
9683,319.03499999999997,12.876258429636044,2386.1648942656843,180.6219663696217,1971.3659186490693,2543.430757275039,97.7272767542096,68.11910220051796,82.02692388529972,7.311285537977965,1265,-3.633937361043529,-3.9498829709291106
9684,319.04499999999996,12.87640913360016,2386.1353435545493,180.61977914759208,1971.3706831865697,2543.430637757436,97.72722909794781,68.1186084008508,81.95406071448346,7.311474380757845,1265,-3.6340781477323763,-3.9498829709291106
9685,319.055,12.876559685911527,2386.1058383183163,180.61759528218874,1971.3754478824994,2543.4305182401,97.72718144158442,68.11811524541905,81.88119523975874,7.3116632221347615,1265,-3.6342187204572154,-3.9498829709291106
9686,319.065,12.876710086792958,2386.0763784875007,180.6154147682644,1971.3802127366212,2543.4303987230287,97.72713378511939,68.11762273324605,81.80832746478195,7.3118520621105505,1265,-3.6343590795390988,-3.9498829709291106
9687,319.075,12.87686033646698,2386.0469639927337,180.61323760074345,1971.3849777486957,2543.430279206223,97.72708612855274,68.1171308633566,81.7354573932039,7.312040900687045,1265,-3.634499225298605,-3.9498829709291106
9688,319.085,12.877010435155805,2386.0175947647444,180.61106377445944,1971.3897429184874,2543.43015968968,97.72703847188446,68.116639634777,81.66258502866984,7.312229737866078,1265,-3.6346391580558377,-3.9498829709291106
9689,319.09499999999997,12.877160383081277,2385.988270734378,180.60889328433456,1971.3945082457572,2543.4300401733994,97.72699081511452,68.11614904653499,81.58971037481942,7.3124185736494764,1265,-3.6347788781304287,-3.9498829709291106
9690,319.105,12.877310180464992,2385.9589918325723,180.6067261252891,1971.3992737302685,2543.4299206573805,97.72694315824295,68.11565909765976,81.51683343528673,7.312607408039068,1265,-3.634918385841537,-3.9498829709291106
9691,319.115,12.877459827528199,2385.929757990384,180.60456229218124,1971.404039371785,2543.4298011416226,97.72689550126974,68.11516978718201,81.44395421370034,7.312796241036675,1265,-3.635057681507849,-3.9498829709291106
9692,319.125,12.87760932449185,2385.9005691389652,180.6024017799743,1971.4088051700717,2543.4296816261253,97.72684784419488,68.11468111413387,81.37107271368323,7.312985072644118,1265,-3.635196765447582,-3.9498829709291106
9693,319.135,12.877758671576577,2385.87142520958,180.60024458360175,1971.4135711248903,2543.4295621108863,97.72680018701836,68.11419307754893,81.29818893885286,7.3131739028632134,1265,-3.635335637978481,-3.9498829709291106
9694,319.145,12.877907869002684,2385.8423261335943,180.598090697998,1971.4183372360067,2543.4294425959056,97.7267525297402,68.11370567646226,81.22530289282116,7.313362731695777,1265,-3.6354742994178246,-3.9498829709291106
9695,319.155,12.878056916990204,2385.813271842482,180.59594011805135,1971.423103503187,2543.4293230811827,97.72670487236036,68.11321890991036,81.15241457919454,7.313551559143622,1265,-3.6356127500824185,-3.9498829709291106
9696,319.16499999999996,12.878205815758793,2385.784262267818,180.59379283879133,1971.427869926194,2543.4292035667163,97.72665721487887,68.11273277693117,81.07952400157389,7.313740385208556,1265,-3.635750990288602,-3.9498829709291106
9697,319.17499999999995,12.878354565527896,2385.7552973412844,180.59164885511288,1971.4326365047957,2543.4290840525055,97.7266095572957,68.11224727656412,81.0066311635546,7.313929209892386,1265,-3.6358890203522476,-3.9498829709291106
9698,319.185,12.878503166516538,2385.7263769946667,180.5895081620215,1971.437403238756,2543.4289645385497,97.72656189961089,68.11176240785008,80.93373606872659,7.314118033196916,1265,-3.6360268405887584,-3.9498829709291106
9699,319.195,12.878651618943483,2385.6975011598583,180.5873707545096,1971.442170127843,2543.4288450248464,97.72651424182439,68.11127816983132,80.86083872067424,7.314306855123947,1265,-3.6361644513130744,-3.9498829709291106
9700,319.205,12.878799923027216,2385.6686697688515,180.5852366274823,1971.4469371718224,2543.428725511396,97.72646658393623,68.11079456155161,80.7879391229765,7.314495675675278,1265,-3.6363018528396673,-3.9498829709291106
9701,319.215,12.87894807898588,2385.639882753748,180.5831057760035,1971.4517043704618,2543.428605998199,97.72641892594636,68.11031158205613,80.7150372792068,7.314684494852704,1265,-3.6364390454825446,-3.9498829709291106
9702,319.22499999999997,12.879096087037288,2385.6111400467466,180.58097819503857,1971.4564717235278,2543.4284864852525,97.72637126785484,68.10982923039154,80.64213319293317,7.314873312658019,1265,-3.636576029555251,-3.9498829709291106
9703,319.235,12.879243947398981,2385.5824415801603,180.57885387960013,1971.4612392307884,2543.4283669725555,97.72632360966162,68.10934750560585,80.56922686771816,7.315062129093011,1265,-3.6367128053708657,-3.9498829709291106
9704,319.245,12.87939166028818,2385.5537872863947,180.57673282472678,1971.4660068920118,2543.4282474601096,97.72627595136672,68.10886640674862,80.49631830711883,7.31525094415947,1265,-3.6368493732420055,-3.9498829709291106
9705,319.255,12.879539225921812,2385.525177097968,180.5746150254025,1971.4707747069676,2543.428127947911,97.72622829297013,68.10838593287073,80.42340751468686,7.31543975785918,1265,-3.636985733480826,-3.9498829709291106
9706,319.265,12.879686644516456,2385.49661094749,180.57250047661378,1971.4755426754232,2543.42800843596,97.72618063447183,68.10790608302459,80.35049449396848,7.315628570193923,1265,-3.637121886399019,-3.9498829709291106
9707,319.275,12.879833916288431,2385.4680887676877,180.5703891734965,1971.4803107971477,2543.427888924256,97.72613297587185,68.10742685626396,80.27757924850452,7.315817381165478,1265,-3.6372578323078173,-3.9498829709291106
9708,319.28499999999997,12.879981041453709,2385.439610491383,180.568281111042,1971.485079071912,2543.4277694127977,97.72608531717015,68.10694825164407,80.20466178183035,7.316006190775622,1265,-3.6373935715179924,-3.9498829709291106
9709,319.29499999999996,12.880128020227996,2385.411176051502,180.56617628430615,1971.4898474994857,2543.4276499015837,97.72603765836676,68.10647026822159,80.13174209747599,7.31619499902613,1265,-3.6375291043398565,-3.9498829709291106
9710,319.305,12.880274852826666,2385.382785381071,180.56407468834286,1971.4946160796378,2543.4275303906156,97.72598999946166,68.10599290505455,80.05882019896605,7.316383805918771,1265,-3.637664431083263,-3.9498829709291106
9711,319.315,12.88042153946479,2385.3544384132224,180.5619763182114,1971.4993848121392,2543.4274108798904,97.72594234045484,68.10551616120246,79.98589608981969,7.3165726114553165,1265,-3.637799552057606,-3.9498829709291106
9712,319.325,12.880568080357138,2385.326135081194,180.55988116897768,1971.504153696761,2543.4272913694067,97.72589468134632,68.1050400357262,79.91296977355081,7.31676141563753,1265,-3.637934467571824,-3.9498829709291106
9713,319.335,12.880714475718172,2385.297875318317,180.5577892357489,1971.5089227332755,2543.4271718591644,97.72584702213607,68.10456452768813,79.84004125366783,7.316950218467176,1265,-3.6380691779343977,-3.9498829709291106
9714,319.34499999999997,12.880860725762071,2385.269659058031,180.55570051363054,1971.513691921454,2543.427052349164,97.7257993628241,68.10408963615195,79.76711053367387,7.317139019946016,1265,-3.6382036834533493,-3.9498829709291106
9715,319.355,12.88100683070268,2385.2414862338774,180.5536149976935,1971.5184612610667,2543.4269328394025,97.72575170341042,68.10361536018284,79.69417761706669,7.317327820075806,1265,-3.638337984436248,-3.9498829709291106
9716,319.365,12.88115279075354,2385.213356779495,180.55153268298994,1971.5232307518877,2543.42681332988,97.725704043895,68.10314169884734,79.62124250733865,7.317516618858303,1265,-3.638472081190207,-3.9498829709291106
9717,319.375,12.88129860612794,2385.18527062863,180.54945356471853,1971.5280003936903,2543.4266938205965,97.72565638427785,68.10266865121339,79.54830520797685,7.317705416295258,1265,-3.6386059740218846,-3.9498829709291106
9718,319.385,12.88144427703879,2385.1572277151226,180.54737763793895,1971.5327701862452,2543.4265743115507,97.72560872455898,68.1021962163504,79.47536572246302,7.317894212388423,1265,-3.638739663237487,-3.9498829709291106
9719,319.395,12.881589803698734,2385.1292279729228,180.54530489780757,1971.5375401293272,2543.4264548027395,97.72556106473836,68.10172439332914,79.40242405427357,7.318083007139545,1265,-3.638873149142765,-3.9498829709291106
9720,319.405,12.88173518632017,2385.101271336076,180.5432353394485,1971.54231022271,2543.4263352941643,97.725513404816,68.10125318122175,79.32948020687958,7.318271800550367,1265,-3.6390064320430198,-3.9498829709291106
9721,319.41499999999996,12.881880425115092,2385.073357738731,180.54116895800286,1971.5470804661672,2543.4262157858243,97.7254657447919,68.10078257910183,79.25653418374685,7.318460592622632,1265,-3.639139512243097,-3.9498829709291106
9722,319.42499999999995,12.882025520295274,2385.045487115133,180.53910574863266,1971.5518508594748,2543.42609627772,97.72541808466606,68.10031258604435,79.1835859883359,7.31864938335808,1265,-3.639272390047395,-3.9498829709291106
9723,319.435,12.88217047207213,2385.0176593996375,180.537045706455,1971.5566214024052,2543.4259767698463,97.72537042443847,68.09984320112568,79.11063562410192,7.318838172758448,1265,-3.6394050657598593,-3.9498829709291106
9724,319.445,12.882315280656824,2384.989874526688,180.53498882667023,1971.5613920947353,2543.4258572622048,97.72532276410911,68.09937442342355,79.03768309449485,7.319026960825468,1265,-3.639537539683987,-3.9498829709291106
9725,319.455,12.882459946260173,2384.9621324308378,180.53293510441583,1971.5661629362387,2543.4257377547956,97.72527510367802,68.09890625201716,78.96472840295932,7.319215747560874,1265,-3.639669812122825,-3.9498829709291106
9726,319.465,12.882604469092746,2384.9344330467375,180.53088453493265,1971.5709339266932,2543.425618247617,97.72522744314514,68.098438685987,78.89177155293473,7.319404532966393,1265,-3.639801883378972,-3.9498829709291106
9727,319.47499999999997,12.88274884936477,2384.906776309137,180.52883711334078,1971.5757050658738,2543.4254987406666,97.72517978251052,68.09797172441503,78.81881254785522,7.319593317043752,1265,-3.639933753754579,-3.9498829709291106
9728,319.485,12.882893087286211,2384.879162152886,180.52679283482817,1971.580476353557,2543.4253792339464,97.72513212177412,68.09750536638454,78.74585139114966,7.319782099794676,1265,-3.6400654235513485,-3.9498829709291106
9729,319.495,12.883037183066696,2384.8515905129334,180.52475169465052,1971.58524778952,2543.425259727453,97.72508446093597,68.0970396109802,78.67288808624171,7.319970881220884,1265,-3.6401968930705393,-3.9498829709291106
9730,319.505,12.883181136915589,2384.824061324333,180.52271368799387,1971.5900193735397,2543.4251402211876,97.72503679999603,68.09657445728814,78.59992263654978,7.320159661324095,1265,-3.6403281626129615,-3.9498829709291106
9731,319.515,12.883324949041938,2384.796574522229,180.52067881001713,1971.5947911053938,2543.4250207151476,97.72498913895433,68.09610990439577,78.52695504548704,7.3203484401060255,1265,-3.640459232478981,-3.9498829709291106
9732,319.525,12.883468619654485,2384.76913004187,180.5186470560533,1971.5995629848599,2543.424901209334,97.72494147781083,68.09564595139192,78.45398531646147,7.320537217568389,1265,-3.6405901029685186,-3.9498829709291106
9733,319.53499999999997,12.883612148961719,2384.741727818606,180.51661842124886,1971.6043350117163,2543.424781703745,97.72489381656557,68.0951825973668,78.38101345287583,7.320725993712895,1265,-3.6407207743810512,-3.9498829709291106
9734,319.54499999999996,12.883755537171758,2384.7143677878785,180.51459290087013,1971.609107185742,2543.42466219838,97.72484615521851,68.09471984141199,78.3080394581277,7.320914768541251,1265,-3.6408512470156125,-3.9498829709291106
9735,319.555,12.883898784492514,2384.687049885237,180.51257049011903,1971.6138795067143,2543.4245426932366,97.72479849376967,68.09425768262042,78.2350633356094,7.321103542055165,1265,-3.640981521170794,-3.9498829709291106
9736,319.565,12.884041891131531,2384.6597740463235,180.510551184295,1971.6186519744138,2543.4244231883154,97.72475083221903,68.09379612008641,78.16208508870815,7.321292314256339,1265,-3.6411115971447434,-3.9498829709291106
9737,319.575,12.884184857296082,2384.632540206881,180.50853497865037,1971.6234245886199,2543.424303683616,97.72470317056661,68.09333515290564,78.08910472080596,7.321481085146472,1265,-3.641241475235169,-3.9498829709291106
9738,319.585,12.884327683193165,2384.6053483027486,180.50652186841373,1971.6281973491114,2543.424184179136,97.72465550881239,68.09287478017515,78.01612223527967,7.321669854727262,1265,-3.641371155739336,-3.9498829709291106
9739,319.59499999999997,12.884470369029458,2384.5781982698654,180.5045118489134,1971.6329702556695,2543.4240646748776,97.72460784695637,68.09241500099334,77.94313763550095,7.321858623000406,1265,-3.6415006389540716,-3.9498829709291106
9740,319.605,12.884612915011376,2384.5510900442673,180.50250491538858,1971.6377433080756,2543.423945170837,97.72456018499854,68.09195581446,77.87015092483631,7.322047389967595,1265,-3.6416299251757622,-3.9498829709291106
9741,319.615,12.884755321344972,2384.524023562092,180.50050106315737,1971.642516506108,2543.423825667014,97.72451252293891,68.09149721967621,77.79716210664716,7.322236155630518,1265,-3.6417590147003542,-3.9498829709291106
9742,319.625,12.884897588236093,2384.4969987595673,180.49850028748867,1971.6472898495501,2543.4237061634085,97.72446486077747,68.09103921574449,77.72417118428972,7.322424919990865,1265,-3.6418879078233592,-3.9498829709291106
9743,319.635,12.885039715890242,2384.470015573025,180.49650258370653,1971.6520633381824,2543.4235866600184,97.72441719851422,68.09058180176865,77.65117816111511,7.322613683050319,1265,-3.642016604839848,-3.9498829709291106
9744,319.645,12.88518170451264,2384.443073938895,180.49450794706675,1971.656836971788,2543.4234671568456,97.72436953614914,68.09012497685389,77.57818304046931,7.322802444810563,1265,-3.6421451060444543,-3.9498829709291106
9745,319.655,12.885323554308199,2384.4161737936965,180.4925163729468,1971.6616107501475,2543.423347653886,97.72432187368226,68.0896687401067,77.50518582569323,7.3229912052732775,1265,-3.642273411731377,-3.9498829709291106
9746,319.66499999999996,12.885465265481557,2384.389315074057,180.49052785663756,1971.6663846730435,2543.4232281511404,97.72427421111354,68.08921309063503,77.43218652012261,7.323179964440139,1265,-3.6424015221943775,-3.9498829709291106
9747,319.67499999999995,12.885606838237113,2384.362497716689,180.48854239347077,1971.6711587402601,2543.423108648609,97.724226548443,68.08875802754807,77.35918512708814,7.323368722312821,1265,-3.6425294377267843,-3.9498829709291106
9748,319.685,12.885748272778851,2384.335721658413,180.48655997880894,1971.6759329515794,2543.4229891462874,97.72417888567063,68.08830354995638,77.2861816499154,7.323557478892998,1265,-3.6426571586214895,-3.9498829709291106
9749,319.695,12.88588956931058,2384.3089868361412,180.48458060796375,1971.6807073067855,2543.4228696441796,97.72413122279644,68.08784965697191,77.21317609192492,7.323746234182338,1265,-3.642784685170952,-3.9498829709291106
9750,319.705,12.886030728035774,2384.282293186881,180.48260427635338,1971.6854818056627,2543.42275014228,97.7240835598204,68.0873963477079,77.1401684564321,7.3239349881825095,1265,-3.642912017667197,-3.9498829709291106
9751,319.715,12.886171749157596,2384.2556406477374,180.4806309792156,1971.6902564479938,2543.422630640592,97.72403589674255,68.08694362127892,77.0671587467473,7.3241237408951765,1265,-3.643039156401817,-3.9498829709291106
9752,319.72499999999997,12.88631263287896,2384.229029155911,180.47866071203973,1971.6950312335648,2543.422511139114,97.72398823356284,68.08649147680092,76.99414696617582,7.324312492322,1265,-3.643166101665974,-3.9498829709291106
9753,319.735,12.886453379402464,2384.2024586487005,180.47669347013232,1971.6998061621591,2543.4223916378405,97.72394057028129,68.08603991339115,76.92113311801793,7.32450124246464,1265,-3.6432928537503964,-3.9498829709291106
9754,319.745,12.886593988930445,2384.175929063498,180.47472924887907,1971.7045812335634,2543.4222721367764,97.72389290689789,68.08558893016823,76.84811720556883,7.324689991324755,1265,-3.6434194129453816,-3.9498829709291106
9755,319.755,12.886734461664908,2384.149440337796,180.47276804368843,1971.709356447562,2543.422152635918,97.72384524341264,68.08513852625204,76.7750992321187,7.3248787389039975,1265,-3.6435457795408,-3.9498829709291106
9756,319.765,12.886874797807607,2384.1229924091786,180.470809849906,1971.7141318039405,2543.4220331352662,97.72379757982554,68.08468870076386,76.70207920095267,7.325067485204021,1265,-3.643671953826089,-3.9498829709291106
9757,319.775,12.887014997560016,2384.096585215323,180.46885466301902,1971.7189073024874,2543.421913634818,97.7237499161366,68.08423945282625,76.62905711535086,7.325256230226475,1265,-3.6437979360902593,-3.9498829709291106
9758,319.78499999999997,12.887155061123265,2384.0702186940075,180.46690247837145,1971.723682942986,2543.421794134576,97.72370225234577,68.08379078156315,76.55603297858842,7.325444973973005,1265,-3.643923726621892,-3.9498829709291106
9759,319.79499999999996,12.887294988698248,2384.0438927831037,180.46495329139637,1971.728458725225,2543.421674634536,97.7236545884531,68.08334268609974,76.4830067939354,7.325633716445258,1265,-3.644049325709141,-3.9498829709291106
9760,319.805,12.887434780485584,2384.0176074205774,180.46300709751208,1971.7332346489916,2543.4215551346983,97.72360692445858,68.08289516556256,76.40997856465694,7.325822457644873,1265,-3.6441747336397317,-3.9498829709291106
9761,319.815,12.887574436685563,2383.991362544484,180.46106389212656,1971.7380107140725,2543.4214356350626,97.72355926036215,68.08244821907951,76.33694829401317,7.326011197573491,1265,-3.644299950700967,-3.9498829709291106
9762,319.825,12.887713957498223,2383.96515809299,180.45912367071492,1971.7427869202565,2543.4213161356265,97.72351159616389,68.08200184577974,76.26391598525922,7.32619993623275,1265,-3.644424977179719,-3.9498829709291106
9763,319.835,12.887853343123275,2383.938994004337,180.4571864287289,1971.7475632673295,2543.421196636391,97.72346393186373,68.08155604479374,76.19088164164522,7.326388673624283,1265,-3.644549813362438,-3.9498829709291106
9764,319.84499999999997,12.887992593760215,2383.9128702168728,180.45525216154763,1971.7523397550829,2543.421077137356,97.7234162674617,68.08111081525333,76.11784526641641,7.326577409749724,1265,-3.6446744595351483,-3.9498829709291106
9765,319.855,12.888131709608176,2383.886786669037,180.45332086473937,1971.7571163833036,2543.420957638519,97.72336860295779,68.0806661562916,76.044806862813,7.3267661446107,1265,-3.6447989159834506,-3.9498829709291106
9766,319.865,12.888270690866056,2383.860743299362,180.45139253364127,1971.7618931517807,2543.4208381398794,97.723320938352,68.080222067043,75.9717664340703,7.326954878208841,1265,-3.644923182992522,-3.9498829709291106
9767,319.875,12.88840953773246,2383.8347400464772,180.44946716382466,1971.7666700603043,2543.4207186414374,97.72327327364432,68.07977854664323,75.89872398341863,7.32714361054577,1265,-3.645047260847116,-3.9498829709291106
9768,319.885,12.888548250405691,2383.808776849102,180.44754475071872,1971.7714471086624,2543.42059914319,97.72322560883477,68.07933559422933,75.82567951408342,7.327332341623109,1265,-3.6451711498315658,-3.9498829709291106
9769,319.895,12.888686829083806,2383.782853646055,180.4456252898275,1971.7762242966487,2543.420479645139,97.72317794392332,68.07889320893963,75.75263302928511,7.3275210714424786,1265,-3.645294850229781,-3.9498829709291106
9770,319.905,12.888825273964557,2383.75697037624,180.44370877661976,1971.7810016240498,2543.4203601472823,97.72313027890995,68.07845138991378,75.67958453223929,7.327709800005495,1265,-3.6454183623252523,-3.9498829709291106
9771,319.91499999999996,12.888963585245428,2383.73112697866,180.4417952066295,1971.7857790906583,2543.4202406496192,97.7230826137947,68.0780101362927,75.6065340261566,7.327898527313774,1265,-3.645541686401047,-3.9498829709291106
9772,319.92499999999995,12.889101763123561,2383.705323392414,180.4398845753169,1971.7905566962647,2543.420121152148,97.72303494857755,68.07756944721862,75.53348151424274,7.328087253368929,1265,-3.6456648227398163,-3.9498829709291106
9773,319.935,12.889239807795914,2383.679559556687,180.43797687823275,1971.7953344406599,2543.4200016548702,97.72298728325849,68.07712932183507,75.46042699969857,7.328275978172568,1265,-3.6457877716237905,-3.9498829709291106
9774,319.945,12.889377719459088,2383.6538354107615,180.43607211090583,1971.800112323637,2543.4198821577834,97.72293961783753,68.07668975928686,75.38737048572004,7.3284647017263,1265,-3.645910533334781,-3.9498829709291106
9775,319.955,12.889515498309445,2383.628150894015,180.4341702688165,1971.804890344986,2543.4197626608875,97.72289195231465,68.07625075872012,75.3143119754982,7.328653424031728,1265,-3.6460331081541812,-3.9498829709291106
9776,319.965,12.889653144543024,2383.602505945914,180.4322713475313,1971.8096685045002,2543.419643164181,97.72284428668986,68.0758123192822,75.24125147221926,7.328842145090457,1265,-3.6461554963629688,-3.9498829709291106
9777,319.97499999999997,12.889790658355643,2383.576900506016,180.43037534259824,1971.8144468019725,2543.419523667664,97.72279662096317,68.07537444012185,75.16818897906451,7.3290308649040865,1265,-3.646277698241703,-3.9498829709291106
9778,319.985,12.889928039942797,2383.5513345139775,180.42848224951607,1971.8192252371962,2543.419404171334,97.72274895513455,68.07493712038897,75.09512449921041,7.329219583474213,1265,-3.646399714070527,-3.9498829709291106
9779,319.995,12.890065289499713,2383.5258079095397,180.42659206388197,1971.824003809962,2543.4192846751926,97.72270128920401,68.07450035923485,75.02205803582858,7.329408300802434,1265,-3.6465215441291687,-3.9498829709291106
9780,320.005,12.890202407221336,2383.5003206325387,180.42470478125892,1971.8287825200669,2543.419165179236,97.72265362317155,68.07406415581201,74.94898959208575,7.329597016890341,1265,-3.6466431886969417,-3.9498829709291106
9781,320.015,12.890339393302348,2383.4748726229095,180.4228203971853,1971.8335613673023,2543.4190456834676,97.72260595703716,68.07362850927426,74.87591917114386,7.329785731739526,1265,-3.6467646480527462,-3.9498829709291106
9782,320.025,12.890476247937128,2383.449463820667,180.42093890726184,1971.8383403514626,2543.4189261878832,97.72255829080085,68.07319341877668,74.80284677615998,7.329974445351575,1265,-3.6468859224750663,-3.9498829709291106
9783,320.03499999999997,12.890612971319802,2383.4240941659273,180.41906030703473,1971.843119472344,2543.418806692483,97.72251062446259,68.07275888347566,74.72977241028639,7.330163157728075,1265,-3.6470070122419735,-3.9498829709291106
9784,320.04499999999996,12.890749563644201,2383.398763598892,180.41718459215693,1971.8478987297387,2543.418687197266,97.7224629580224,68.0723249025288,74.6566960766705,7.3303518688706095,1265,-3.6471279176311278,-3.9498829709291106
9785,320.055,12.890886025103903,2383.3734720598604,180.4153117581233,1971.852678123444,2543.4185677022333,97.72241529148027,68.07189147509506,74.58361777845496,7.3305405787807585,1265,-3.647248638919777,-3.9498829709291106
9786,320.065,12.891022355892163,2383.3482194892167,180.4134418006247,1971.8574576532546,2543.418448207381,97.72236762483621,68.07145860033457,74.51053751877762,7.330729287460102,1265,-3.647369176384757,-3.9498829709291106
9787,320.075,12.891158556202006,2383.32300582744,180.41157471522004,1971.8622373189658,2543.418328712711,97.72231995809018,68.07102627740879,74.4374553007715,7.330917994910214,1265,-3.6474895303024923,-3.9498829709291106
9788,320.085,12.891294626226172,2383.297831015101,180.409710497548,1971.8670171203748,2543.418209218221,97.72227229124223,68.07059450548044,74.36437112756485,7.331106701132671,1265,-3.647609700949,-3.9498829709291106
9789,320.09499999999997,12.891430566157092,2383.2726949928597,180.4078491432029,1971.8717970572761,2543.4180897239107,97.72222462429231,68.0701632837135,74.29128500228114,7.331295406129043,1265,-3.647729688599885,-3.9498829709291106
9790,320.105,12.891566376186985,2383.2475977014665,180.4059906478646,1971.8765771294675,2543.417970229779,97.72217695724045,68.06973261127318,74.21819692803908,7.331484109900898,1265,-3.647849493530344,-3.9498829709291106
9791,320.115,12.891702056507711,2383.2225390817634,180.40413500711264,1971.881357336746,2543.4178507358265,97.72212929008663,68.06930248732601,74.14510690795258,7.331672812449804,1265,-3.6479691160151657,-3.9498829709291106
9792,320.125,12.891837607310938,2383.1975190746816,180.40228221658248,1971.8861376789098,2543.4177312420506,97.72208162283084,68.06887291103975,74.07201494513085,7.331861513777324,1265,-3.6480885563287306,-3.9498829709291106
9793,320.135,12.891973028788014,2383.1725376212476,180.40043227200218,1971.890918155755,2543.41761174845,97.72203395547311,68.06844388158338,73.99892104267828,7.3320502138850205,1265,-3.6482078147450117,-3.9498829709291106
9794,320.145,12.892108321130053,2383.1475946625687,180.39858516895296,1971.89569876708,2543.417492255027,97.7219862880134,68.06801539812719,73.92582520369456,7.332238912774454,1265,-3.648326891537576,-3.9498829709291106
9795,320.155,12.892243484527802,2383.1226901398536,180.3967409030836,1971.9004795126823,2543.41737276178,97.72193862045172,68.06758745984268,73.85272743127463,7.33242761044718,1265,-3.648445786979584,-3.9498829709291106
9796,320.16499999999996,12.892378519171862,2383.09782399439,180.39489947011168,1971.905260392362,2543.4172532687053,97.72189095278809,68.06716006590264,73.77962772850871,7.332616306904755,1265,-3.6485645013437917,-3.9498829709291106
9797,320.17499999999995,12.892513425252462,2383.072996167561,180.39306086569275,1971.910041405916,2543.4171337758053,97.72184328502246,68.06673321548108,73.7065260984823,7.33280500214873,1265,-3.6486830349025494,-3.9498829709291106
9798,320.185,12.892648202959606,2383.0482066008435,180.39122508551384,1971.9148225531458,2543.417014283077,97.72179561715487,68.06630690775326,73.63342254427617,7.3329936961806546,1265,-3.6488013879278025,-3.9498829709291106
9799,320.195,12.89278285248302,2383.023455235794,180.3893921252327,1971.9196038338491,2543.416894790522,97.72174794918529,68.06588114189572,73.56031706896638,7.3331823890020775,1265,-3.648919560691095,-3.9498829709291106
9800,320.205,12.89291737401215,2382.9987420140687,180.38756198059724,1971.924385247826,2543.4167752981384,97.72170028111373,68.06545591708618,73.48720967562433,7.333371080614544,1265,-3.649037553463565,-3.9498829709291106
9801,320.215,12.893051767736193,2382.9740668774057,180.38573464726088,1971.9291667948767,2543.416655805924,97.72165261294019,68.06503123250367,73.41410036731666,7.333559771019597,1265,-3.649155366515951,-3.9498829709291106
9802,320.22499999999997,12.893186033844028,2382.949429767633,180.3839101209672,1971.9339484748007,2543.41653631388,97.72160494466466,68.0646070873284,73.34098914710539,7.333748460218778,1265,-3.6492730001185865,-3.9498829709291106
9803,320.235,12.893320172524307,2382.924830626673,180.38208839741742,1971.9387302874006,2543.4164168220054,97.72155727628716,68.06418348074185,73.26787601804783,7.333937148213624,1265,-3.649390454541405,-3.9498829709291106
9804,320.245,12.893454183965435,2382.9002693965313,180.38026947226615,1971.943512232476,2543.416297330299,97.72150960780763,68.06376041192672,73.19476098319662,7.334125835005671,1265,-3.6495077300539402,-3.9498829709291106
9805,320.255,12.893588068355438,2382.875746019304,180.37845334135622,1971.9482943098287,2543.4161778387597,97.72146193922612,68.06333788006698,73.12164404559974,7.334314520596454,1265,-3.6496248269253253,-3.9498829709291106
9806,320.265,12.893721825882215,2382.851260437175,180.37664000034783,1971.9530765192592,2543.416058347388,97.72141427054262,68.06291588434777,73.04852520830049,7.334503204987503,1265,-3.6497417454242926,-3.9498829709291106
9807,320.275,12.893855456733274,2382.8268125924183,180.37482944499496,1971.9578588605702,2543.415938856181,97.7213666017571,68.06249442395554,72.97540447433755,7.334691888180348,1265,-3.649858485819176,-3.9498829709291106
9808,320.28499999999997,12.893988961095951,2382.802402427395,180.37302167105983,1971.9626413335645,2543.4158193651397,97.72131893286958,68.0620734980779,72.90228184674498,7.334880570176515,1265,-3.649975048377912,-3.9498829709291106
9809,320.29499999999996,12.894122339157269,2382.7780298845564,180.3712166743051,1971.9674239380447,2543.415699874264,97.72127126388006,68.06165310590369,72.82915732855214,7.335069250977528,1265,-3.6500914333680385,-3.9498829709291106
9810,320.305,12.89425559110391,2382.753694906438,180.36941445042925,1971.972206673811,2543.415580383551,97.72122359478853,68.06123324662305,72.7560309227838,7.335257930584911,1265,-3.650207641056694,-3.9498829709291106
9811,320.315,12.894388717122451,2382.7293974356685,180.3676149952407,1971.97698954067,2543.415460893002,97.72117592559498,68.06081391942725,72.68290263246011,7.335446609000182,1265,-3.650323671710624,-3.9498829709291106
9812,320.325,12.89452171739906,2382.7051374149564,180.36581830451078,1971.981772538422,2543.415341402615,97.72112825629942,68.06039512350881,72.60977246059659,7.335635286224859,1265,-3.6504395255961755,-3.9498829709291106
9813,320.335,12.894654592119725,2382.680914787107,180.3640243740317,1971.9865556668728,2543.4152219123903,97.72108058690183,68.05997685806152,72.53664041020416,7.335823962260457,1265,-3.6505552029793003,-3.9498829709291106
9814,320.34499999999997,12.894787341470147,2382.656729495008,180.36223319957676,1971.991338925826,2543.4151024223256,97.72103291740224,68.05955912228032,72.46350648428914,7.33601263710849,1265,-3.6506707041255555,-3.9498829709291106
9815,320.355,12.894919965635673,2382.632581481633,180.360444776896,1971.9961223150844,2543.414982932421,97.72098524780061,68.0591419153614,72.39037068585327,7.336201310770466,1265,-3.6507860293001038,-3.9498829709291106
9816,320.365,12.895052464801545,2382.6084706900474,180.35865910186453,1972.0009058344554,2543.414863442676,97.72093757809695,68.05872523650214,72.31723301789367,7.336389983247896,1265,-3.650901178767714,-3.9498829709291106
9817,320.375,12.895184839152611,2382.584397063402,180.35687617024647,1972.0056894837412,2543.4147439530893,97.72088990829127,68.05830908490117,72.2440934834029,7.3365786545422855,1265,-3.6510161527927614,-3.9498829709291106
9818,320.385,12.895317088873496,2382.560360544929,180.35509597785673,1972.0104732627478,2543.414624463661,97.72084223838357,68.05789345975829,72.17095208536897,7.3367673246551375,1265,-3.6511309516392285,-3.9498829709291106
9819,320.395,12.895449214148579,2382.536361077957,180.35331852046932,1972.015257171282,2543.4145049743897,97.72079456837382,68.05747836027454,72.09780882677529,7.336955993587953,1265,-3.651245575570706,-3.9498829709291106
9820,320.405,12.895581215161947,2382.5123986058948,180.35154379401197,1972.0200412091474,2543.414385485275,97.72074689826204,68.05706378565216,72.02466371060072,7.337144661342232,1265,-3.651360024850393,-3.9498829709291106
9821,320.41499999999996,12.89571309209745,2382.4884730722406,180.34977179420744,1972.0248253761515,2543.414265996315,97.72069922804822,68.05664973509458,71.95151673981957,7.337333327919471,1265,-3.6514742997410967,-3.9498829709291106
9822,320.42499999999995,12.895844845138644,2382.4645844205793,180.34800251696205,1972.0296096721006,2543.4141465075113,97.72065155773232,68.05623620780646,71.87836791740165,7.3375219933211655,1265,-3.6515884005052355,-3.9498829709291106
9823,320.435,12.8959764744688,2382.4407325945763,180.34623595809066,1972.0343940968003,2543.41402701886,97.72060388731441,68.05582320299362,71.80521724631214,7.337710657548808,1265,-3.651702327404837,-3.9498829709291106
9824,320.445,12.896107980271026,2382.416917537991,180.344472113454,1972.0391786500595,2543.413907530365,97.72055621679446,68.05541071986312,71.73206472951178,7.337899320603887,1265,-3.651816080701539,-3.9498829709291106
9825,320.455,12.896239362728066,2382.393139194666,180.34271097889282,1972.0439633316835,2543.41378804202,97.72050854617244,68.05499875762318,71.65891036995671,7.33808798248789,1265,-3.65192966065659,-3.9498829709291106
9826,320.465,12.89637062202245,2382.3693975085253,180.34095255025116,1972.048748141481,2543.4136685538288,97.72046087544835,68.05458731548325,71.58575417059862,7.338276643202304,1265,-3.6520430675308546,-3.9498829709291106
9827,320.47499999999997,12.896501758336447,2382.345692423588,180.3391968234652,1972.0535330792593,2543.4135490657886,97.72041320462222,68.05417639265394,71.51259613438467,7.338465302748613,1265,-3.652156301584802,-3.9498829709291106
9828,320.485,12.896632771852005,2382.32202388395,180.33744379435848,1972.0583181448264,2543.4134295778995,97.72036553369404,68.05376598834712,71.43943626425748,7.338653961128298,1265,-3.652269363078523,-3.9498829709291106
9829,320.495,12.896763662750915,2382.298391833794,180.33569345882907,1972.0631033379912,2543.41331009016,97.72031786266378,68.05335610177575,71.36627456315523,7.338842618342836,1265,-3.652382252271716,-3.9498829709291106
9830,320.505,12.896894431214632,2382.274796217396,180.3339458127383,1972.0678886585627,2543.413190602568,97.72027019153147,68.05294673215406,71.29311103401159,7.3390312743937045,1265,-3.6524949694236946,-3.9498829709291106
9831,320.515,12.897025077424358,2382.251236979107,180.33220085198772,1972.0726741063481,2543.413071115126,97.72022252029709,68.05253787869742,71.2199456797557,7.339219929282377,1265,-3.652607514793388,-3.9498829709291106
9832,320.525,12.897155601561069,2382.2277140633687,180.33045857252094,1972.0774596811596,2543.4129516278317,97.72017484896061,68.05212954062243,71.1467785033123,7.339408583010328,1265,-3.652719888639341,-3.9498829709291106
9833,320.53499999999997,12.897286003805444,2382.2042274147066,180.328718970201,1972.0822453828052,2543.4128321406843,97.7201271775221,68.05172171714682,71.07360950760163,7.339597235579024,1265,-3.6528320912197128,-3.9498829709291106
9834,320.54499999999996,12.8974162843379,2382.1807769777306,180.3269820409653,1972.087031211094,2543.4127126536832,97.72007950598149,68.05131440748954,71.00043869553947,7.339785886989937,1265,-3.652944122792279,-3.9498829709291106
9835,320.555,12.897546443338651,2382.157362697138,180.32524778067992,1972.0918171658373,2543.412593166828,97.72003183433881,68.05090761087071,70.92726607003712,7.339974537244529,1265,-3.653055983614433,-3.9498829709291106
9836,320.565,12.897676480987567,2382.1339845177035,180.32351618532454,1972.096603246845,2543.4124736801173,97.71998416259403,68.05050132651162,70.85409163400146,7.340163186344263,1265,-3.653167673943185,-3.9498829709291106
9837,320.575,12.897806397464349,2382.1106423842966,180.32178725082642,1972.1013894539287,2543.412354193551,97.71993649074719,68.05009555363476,70.78091539033494,7.340351834290602,1265,-3.653279194035163,-3.9498829709291106
9838,320.585,12.89793619294838,2382.0873362418647,180.32006097309682,1972.106175786899,2543.4122347071275,97.71988881879824,68.04969029146376,70.70773734193557,7.340540481085005,1265,-3.6533905441466135,-3.9498829709291106
9839,320.59499999999997,12.898065867618804,2382.0640660354375,180.3183373480874,1972.110962245566,2543.4121152208468,97.71984114674721,68.04928553922343,70.63455749169688,7.3407291267289265,1265,-3.6535017245334034,-3.9498829709291106
9840,320.605,12.898195421654515,2382.0408317101314,180.31661637175768,1972.115748829744,2543.4119957347084,97.71979347459408,68.0488812961398,70.56137584250804,7.340917771223822,1265,-3.6536127354510164,-3.9498829709291106
9841,320.615,12.898324855234112,2382.0176332111505,180.3148980400902,1972.1205355392422,2543.4118762487105,97.71974580233886,68.04847756143998,70.48819239725381,7.3411064145711435,1265,-3.6537235771545595,-3.9498829709291106
9842,320.625,12.898454168535995,2381.994470483778,180.31318234896676,1972.1253223738738,2543.4117567628546,97.71969812998155,68.04807433435234,70.4150071588145,7.341295056772341,1265,-3.6538342498987593,-3.9498829709291106
9843,320.635,12.898583361738291,2381.971343473379,180.31146929443278,1972.130109333452,2543.411637277138,97.71965045752214,68.04767161410633,70.34182013006604,7.3414836978288625,1265,-3.6539447539379615,-3.9498829709291106
9844,320.645,12.898712435018831,2381.9482521254104,180.3097588723953,1972.1348964177896,2543.411517791561,97.71960278496061,68.04726939993266,70.26863131387996,7.341672337742152,1265,-3.6540550895261363,-3.9498829709291106
9845,320.655,12.898841388555237,2381.9251963854035,180.30805107892434,1972.1396836266981,2543.4113983061216,97.71955511229699,68.04686769106311,70.19544071312342,7.341860976513655,1265,-3.654165256916876,-3.9498829709291106
9846,320.66499999999996,12.89897022252485,2381.902176198976,180.30634590995228,1972.1444709599918,2543.4112788208204,97.71950743953126,68.04646648673068,70.12224833065919,7.342049614144813,1265,-3.654275256363395,-3.9498829709291106
9847,320.67499999999995,12.899098937104748,2381.8791915118336,180.30464336146338,1972.1492584174835,2543.4111593356565,97.71945976666342,68.0460657861695,70.04905416934565,7.342238250637062,1265,-3.654385088118532,-3.9498829709291106
9848,320.685,12.899227532471805,2381.8562422697573,180.30294342945265,1972.1540459989897,2543.4110398506286,97.71941209369346,68.04566558861488,69.97585823203686,7.342426885991841,1265,-3.6544947524347493,-3.9498829709291106
9849,320.695,12.899356008802592,2381.833328418615,180.30124610995458,1972.158833704321,2543.410920365736,97.71936442062139,68.04526589330325,69.90266052158245,7.342615520210584,1265,-3.6546042495641324,-3.9498829709291106
9850,320.705,12.89948436627344,2381.8104499043575,180.2995513990025,1972.163621533295,2543.410800880979,97.7193167474472,68.04486669947222,69.82946104082775,7.342804153294725,1265,-3.6547135797583934,-3.9498829709291106
9851,320.715,12.899612605060435,2381.7876066730164,180.29785929253003,1972.1684094857246,2543.4106813963567,97.71926907417088,68.04446800636057,69.75625979261373,7.342992785245691,1265,-3.6548227432688702,-3.9498829709291106
9852,320.72499999999997,12.899740725339363,2381.764798670708,180.29616978662887,1972.1731975614246,2543.4105619118673,97.71922140079245,68.04406981320817,69.68305677977703,7.343181416064913,1265,-3.6549317403465253,-3.9498829709291106
9853,320.735,12.89986872728585,2381.742025843631,180.29448287729932,1972.177985760212,2543.4104424275106,97.71917372731188,68.0436721192561,69.60985200514992,7.343370045753815,1265,-3.6550405712419516,-3.9498829709291106
9854,320.745,12.899996611075201,2381.719288138065,180.29279856060597,1972.182774081901,2543.4103229432862,97.71912605372918,68.04327492374657,69.53664547156038,7.3435586743138215,1265,-3.655149236205365,-3.9498829709291106
9855,320.755,12.900124376882456,2381.69658550037,180.29111683255985,1972.1875625263085,2543.410203459194,97.71907838004437,68.04287822592289,69.46343718183205,7.343747301746355,1265,-3.6552577354866105,-3.9498829709291106
9856,320.765,12.900252024882462,2381.673917876995,180.28943768921917,1972.1923510932495,2543.4100839752314,97.7190307062574,68.0424820250296,69.39022713878427,7.343935928052835,1265,-3.6553660693351624,-3.9498829709291106
9857,320.775,12.90037955524977,2381.651285214461,180.28776112665196,1972.197139782541,2543.4099644913986,97.7189830323683,68.0420863203123,69.31701534523205,7.344124553234677,1265,-3.6554742380001244,-3.9498829709291106
9858,320.78499999999997,12.9005069681587,2381.6286874593807,180.28608714089876,1972.2019285939998,2543.409845007697,97.71893535837707,68.04169111101777,69.24380180398614,7.344313177293296,1265,-3.655582241730228,-3.9498829709291106
9859,320.79499999999996,12.900634263783312,2381.606124558439,180.28441572804311,1972.2067175274433,2543.4097255241227,97.71888768428369,68.0412963963939,69.17058651785297,7.344501800230108,1265,-3.6556900807738355,-3.9498829709291106
9860,320.805,12.900761442297409,2381.58359645841,180.28274688412554,1972.2115065826881,2543.4096060406773,97.71884001008814,68.04090217568978,69.09736948963467,7.344690422046522,1265,-3.6557977553789387,-3.9498829709291106
9861,320.815,12.900888503874565,2381.5611031061435,180.28108060524147,1972.2162957595522,2543.409486557359,97.71879233579047,68.04050844815555,69.02415072212911,7.344879042743947,1265,-3.6559052657931623,-3.9498829709291106
9862,320.825,12.901015448688083,2381.5386444485766,180.27941688746859,1972.2210850578535,2543.4093670741668,97.71874466139064,68.04011521304254,68.95093021812988,7.345067662323788,1265,-3.656012612263761,-3.9498829709291106
9863,320.835,12.901142276911035,2381.516220432722,180.27775572692957,1972.22587447741,2543.4092475911007,97.71869698688867,68.03972246960319,68.8777079804263,7.345256280787452,1265,-3.656119795037623,-3.9498829709291106
9864,320.84499999999997,12.901268988716238,2381.4938310056755,180.27609711968435,1972.2306640180389,2543.4091281081596,97.71864931228454,68.0393302170911,68.80448401180341,7.34544489813634,1265,-3.6562268143612675,-3.9498829709291106
9865,320.855,12.901395584276237,2381.4714761146165,180.27444106185712,1972.2354536795606,2543.409008625344,97.71860163757825,68.03893845476095,68.73125831504206,7.345633514371852,1265,-3.6563336704808482,-3.9498829709291106
9866,320.865,12.90152206376338,2381.4491557067977,180.27278754950362,1972.2402434617939,2543.408889142652,97.7185539627698,68.03854718186857,68.65803089291876,7.345822129495387,1265,-3.6564403636421523,-3.9498829709291106
9867,320.875,12.901648427349711,2381.426869729561,180.27113657883967,1972.245033364557,2543.408769660083,97.71850628785919,68.0381563976709,68.58480174820586,7.346010743508341,1265,-3.6565468940906007,-3.9498829709291106
9868,320.885,12.901774675207054,2381.4046181303247,180.2694881458842,1972.2498233876704,2543.4086501776364,97.71845861284639,68.03776610142606,68.51157088367142,7.346199356412106,1265,-3.656653262071249,-3.9498829709291106
9869,320.895,12.901900807506987,2381.382400856586,180.26784224680225,1972.254613530953,2543.408530695311,97.71841093773143,68.0373762923932,68.43833830207932,7.346387968208076,1265,-3.6567594678287896,-3.9498829709291106
9870,320.905,12.90202682442084,2381.360217855927,180.26619887776909,1972.2594037942254,2543.4084112131086,97.71836326251432,68.03698696983268,68.36510400618916,7.346576578897639,1265,-3.6568655116075486,-3.9498829709291106
9871,320.91499999999996,12.90215272611969,2381.338069076008,180.26455803481159,1972.2641941773081,2543.4082917310247,97.71831558719502,68.03659813300592,68.29186799875637,7.346765188482183,1265,-3.65697139365149,-3.9498829709291106
9872,320.92499999999995,12.902278512774355,2381.315954464565,180.26291971416111,1972.2689846800208,2543.4081722490614,97.71826791177355,68.03620978117546,68.21863028253215,7.346953796963094,1265,-3.6570771142042147,-3.9498829709291106
9873,320.935,12.902404184555444,2381.2938739694196,180.26128391199052,1972.2737753021852,2543.408052767218,97.71822023624989,68.03582191360496,68.1453908602635,7.347142404341754,1265,-3.65718267350896,-3.9498829709291106
9874,320.945,12.902529741633304,2381.271827538469,180.25965062433244,1972.2785660436214,2543.4079332854926,97.71817256062405,68.03543452955923,68.07214973469324,7.347331010619546,1265,-3.6572880718086016,-3.9498829709291106
9875,320.955,12.902655184178005,2381.249815119695,180.2580198474737,1972.2833569041534,2543.407813803885,97.71812488489604,68.03504762830413,67.99890690855996,7.3475196157978475,1265,-3.657393309345655,-3.9498829709291106
9876,320.965,12.90278051235941,2381.2278366611517,180.2563915775104,1972.2881478836,2543.407694322395,97.71807720906584,68.03466120910667,67.92566238459813,7.347708219878035,1265,-3.6574983863622723,-3.9498829709291106
9877,320.97499999999997,12.902905726347143,2381.2058921109847,180.25476581063816,1972.2929389817843,2543.4075748410214,97.71802953313346,68.03427527123496,67.85241616553797,7.347896822861485,1265,-3.6576033031002466,-3.9498829709291106
9878,320.985,12.90303082631053,2381.183981417403,180.25314254303925,1972.2977301985286,2543.4074553597625,97.71798185709888,68.03388981395821,67.77916825410557,7.348085424749571,1265,-3.6577080598010117,-3.9498829709291106
9879,320.995,12.90315581241873,2381.162104528708,180.2515217709039,1972.3025215336565,2543.4073358786186,97.71793418096209,68.03350483654675,67.70591865302288,7.3482740255436605,1265,-3.6578126567056413,-3.9498829709291106
9880,321.005,12.903280684840583,2381.1402613932732,180.24990349039524,1972.307312986988,2543.4072163975907,97.71788650472313,68.033120338272,67.63266736500762,7.3484626252451255,1265,-3.6579170940548487,-3.9498829709291106
9881,321.015,12.903405443744749,2381.1184519595545,180.24828769773475,1972.3121045583493,2543.407096916675,97.71783882838196,68.03273631840645,67.55941439277342,7.348651223855332,1265,-3.6580213720889914,-3.9498829709291106
9882,321.025,12.903530089299583,2381.0966761760806,180.2466743890888,1972.316896247562,2543.406977435874,97.71779115193858,68.03235277622376,67.48615973902974,7.348839821375643,1265,-3.6581254910480676,-3.9498829709291106
9883,321.03499999999997,12.903654621673237,2381.074933991472,180.24506356074036,1972.3216880544494,2543.4068579551854,97.71774347539301,68.03196971099862,67.41290340648193,7.349028417807423,1265,-3.658229451171717,-3.9498829709291106
9884,321.04499999999996,12.903779041033632,2381.0532253544097,180.2434552088068,1972.3264799788358,2543.4067384746077,97.71769579874523,68.0315871220069,67.33964539783116,7.34921701315203,1265,-3.6583332526992263,-3.9498829709291106
9885,321.055,12.90390334754842,2381.0315502136664,180.24184932956868,1972.3312720205456,2543.406618994141,97.71764812199523,68.03120500852543,67.2663857157745,7.349405607410825,1265,-3.6584368958695226,-3.9498829709291106
9886,321.065,12.90402754138504,2381.0099085180914,180.24024591925505,1972.336064179403,2543.4064995137846,97.71760044514302,68.03082336983226,67.1931243630049,7.3495942005851616,1265,-3.658540380921178,-3.9498829709291106
9887,321.075,12.904151622710632,2380.9883002166057,180.23864497403494,1972.3408564552321,2543.4063800335393,97.71755276818861,68.0304422052065,67.1198613422112,7.349782792676395,1265,-3.6586437080924092,-3.9498829709291106
9888,321.085,12.904275591692162,2380.966725258216,180.23704649021542,1972.345648847859,2543.4062605534014,97.71750509113197,68.03006151392829,67.0465966560781,7.349971383685878,1265,-3.6587468776210788,-3.9498829709291106
9889,321.09499999999997,12.904399448496305,2380.9451835920036,180.23545046401702,1972.350441357108,2543.4061410733725,97.71745741397312,68.02968129527893,66.97333030728626,7.35015997361496,1265,-3.658849889744695,-3.9498829709291106
9890,321.105,12.904523193289519,2380.9236751671265,180.23385689165502,1972.3552339828052,2543.406021593452,97.71740973671204,68.02930154854079,66.9000622985122,7.35034856246499,1265,-3.6589527447004118,-3.9498829709291106
9891,321.115,12.904646826238029,2380.9021999328243,180.23226576941536,1972.3600267247764,2543.405902113639,97.71736205934874,68.02892227299729,66.82679263242834,7.350537150237312,1265,-3.6590554427250312,-3.9498829709291106
9892,321.125,12.904770347507801,2380.880757838407,180.23067709355928,1972.3648195828462,2543.4057826339317,97.71731438188323,68.02854346793296,66.75352131170307,7.3507257369332715,1265,-3.6591579840550006,-3.9498829709291106
9893,321.135,12.904893757264578,2380.8593488332704,180.22909086037035,1972.3696125568417,2543.40566315433,97.71726670431546,68.02816513263343,66.68024833900064,7.350914322554211,1265,-3.659260368926417,-3.9498829709291106
9894,321.145,12.905017055673854,2380.8379728668842,180.2275070660441,1972.3744056465912,2543.4055436748345,97.71721902664548,68.02778726638537,66.6069737169813,7.3511029071014695,1265,-3.6593625975750257,-3.9498829709291106
9895,321.155,12.905140242900899,2380.816629888793,180.22592570692808,1972.379198851918,2543.4054241954436,97.71717134887326,68.02740986847655,66.53369744830117,7.351291490576385,1265,-3.6594646702362192,-3.9498829709291106
9896,321.16499999999996,12.90526331911068,2380.7953198486207,180.2243467792686,1972.3839921726517,2543.405304716155,97.7171236709988,68.02703293819582,66.46041953561237,7.351480072980293,1265,-3.659566587145041,-3.9498829709291106
9897,321.17499999999995,12.905386284468063,2380.774042696071,180.22277027936806,1972.3887856086196,2543.4051852369707,97.7170759930221,68.02665647483309,66.38713998156292,7.351668654314527,1265,-3.6596683485361843,-3.9498829709291106
9898,321.185,12.905509139137529,2380.7527983809186,180.2211962035416,1972.3935791596487,2543.4050657578887,97.71702831494316,68.02628047767935,66.31385878879684,7.351857234580421,1265,-3.6597699546439917,-3.9498829709291106
9899,321.195,12.905631883283403,2380.73158685302,180.219624548044,1972.3983728255662,2543.404946278909,97.71698063676199,68.02590494602669,66.24057595995406,7.352045813779302,1265,-3.6598714057024573,-3.9498829709291106
9900,321.205,12.905754517069747,2380.7104080623053,180.21805530918357,1972.4031666062008,2543.4048268000306,97.71693295847855,68.02552987916819,66.16729149767052,7.352234391912499,1265,-3.6599727019452275,-3.9498829709291106
9901,321.215,12.905877040660396,2380.689261958782,180.21648848332975,1972.4079605013806,2543.4047073212528,97.71688528009287,68.02515527639811,66.09400540457811,7.352422968981338,1265,-3.6600738436055993,-3.9498829709291106
9902,321.22499999999997,12.905999454218943,2380.6681484925375,180.2149240667455,1972.412754510935,2543.4045878425745,97.71683760160495,68.02478113701169,66.02071768330471,7.352611544987141,1265,-3.660174830916523,-3.9498829709291106
9903,321.235,12.906121757908753,2380.6470676137264,180.2133620557379,1972.4175486346933,2543.404468363996,97.71678992301477,68.02440746030528,65.9474283364742,7.352800119931232,1265,-3.660275664110601,-3.9498829709291106
9904,321.245,12.906243951892934,2380.6260192725913,180.21180244670904,1972.422342872482,2543.4043488855164,97.71674224432235,68.02403424557626,65.87413736670642,7.35298869381493,1265,-3.66037634342009,-3.9498829709291106
9905,321.255,12.906366036334386,2380.605003419441,180.21024523591802,1972.4271372241328,2543.404229407135,97.71669456552765,68.02366149212311,65.80084477661723,7.353177266639552,1265,-3.6604768690769,-3.9498829709291106
9906,321.265,12.906488011395776,2380.5840200046678,180.2086904197115,1972.4319316894755,2543.4041099288497,97.71664688663068,68.02328919924535,65.7275505688185,7.353365838406414,1265,-3.6605772413125957,-3.9498829709291106
9907,321.275,12.906609877239514,2380.5630689787336,180.20713799449229,1972.4367262683395,2543.403990450663,97.71659920763149,68.02291736624356,65.65425474591807,7.353554409116829,1265,-3.6606774603583974,-3.9498829709291106
9908,321.28499999999997,12.906731634027752,2380.542150292178,180.20558795654125,1972.441520960554,2543.4038709725705,97.71655152852999,68.02254599241937,65.58095731051986,7.353742978772111,1265,-3.660777526445179,-3.9498829709291106
9909,321.29499999999996,12.906853281922455,2380.5212638956177,180.20404030225492,1972.4463157659502,2543.4037514945744,97.71650384932626,68.02217507707547,65.50765826522375,7.353931547373567,1265,-3.660877439803473,-3.9498829709291106
9910,321.305,12.90697482108536,2380.500409739745,180.20249502798745,1972.4511106843604,2543.403632016674,97.71645617002022,68.02180461951563,65.4343576126257,7.354120114922507,1265,-3.6609772006634658,-3.9498829709291106
9911,321.315,12.907096251677915,2380.479587775328,180.20095213011822,1972.4559057156134,2543.403512538867,97.71640849061193,68.02143461904464,65.36105535531766,7.3543086814202345,1265,-3.6610768092550026,-3.9498829709291106
9912,321.325,12.907217573861406,2380.4587979532043,180.19941160493275,1972.460700859541,2543.4033930611536,97.71636081110135,68.02106507496836,65.28775149588766,7.354497246868055,1265,-3.6611762658075855,-3.9498829709291106
9913,321.335,12.907338787796792,2380.4380402242964,180.19787344891424,1972.4654961159747,2543.403273583533,97.7163131314885,68.0206959865937,65.21444603691975,7.354685811267269,1265,-3.6612755705503743,-3.9498829709291106
9914,321.34499999999997,12.907459893644905,2380.4173145395916,180.1963376584265,1972.4702914847467,2543.4031541060044,97.71626545177338,68.02032735322858,65.14113898099406,7.354874374619178,1265,-3.6613747237121874,-3.9498829709291106
9915,321.355,12.90758089156628,2380.39662085016,180.19480422981212,1972.4750869656893,2543.403034628568,97.71621777195597,68.01995917418202,65.06783033068673,7.355062936925078,1265,-3.6614737255215024,-3.9498829709291106
9916,321.365,12.907701781721213,2380.3759591071444,180.19327315951517,1972.479882558633,2543.4029151512236,97.71617009203626,68.01959144876405,64.99452008857003,7.3552514981862664,1265,-3.6615725762064555,-3.9498829709291106
9917,321.375,12.907822564269816,2380.3553292617607,180.1917444438984,1972.4846782634124,2543.4027956739674,97.7161224120143,68.01922417628577,64.92120825721224,7.355440058404036,1265,-3.6616712759948444,-3.9498829709291106
9918,321.385,12.907943239371933,2380.3347312652973,180.19021807938176,1972.4894740798595,2543.402676196803,97.71607473189002,68.0188573560593,64.84789483917775,7.355628617579679,1265,-3.6617698251141264,-3.9498829709291106
9919,321.395,12.90806380718717,2380.314165069121,180.18869406237627,1972.4942700078059,2543.402556719727,97.71602705166346,68.0184909873978,64.77457983702705,7.355817175714487,1265,-3.661868223791419,-3.9498829709291106
9920,321.405,12.908184267874958,2380.2936306246747,180.18717238930563,1972.4990660470876,2543.4024372427393,97.7159793713346,68.01812506961548,64.70126325331665,7.356005732809745,1265,-3.6619664722535026,-3.9498829709291106
9921,321.41499999999996,12.908304621594423,2380.273127883469,180.1856530565916,1972.503862197536,2543.402317765839,97.71593169090343,68.0177596020276,64.62794509059925,7.356194288866741,1265,-3.6620645707268182,-3.9498829709291106
9922,321.42499999999995,12.908424868504513,2380.2526567970945,180.1841360606179,1972.5086584589853,2543.402198289027,97.71588401036998,68.0173945839504,64.55462535142358,7.356382843886759,1265,-3.6621625194374694,-3.9498829709291106
9923,321.435,12.908545008763928,2380.2322173172124,180.18262139790366,1972.513454831271,2543.402078812302,97.71583632973422,68.01703001470123,64.4813040383345,7.35657139787108,1265,-3.662260318611225,-3.9498829709291106
9924,321.445,12.908665042531121,2380.2118093955596,180.18110906479578,1972.518251314225,2543.401959335661,97.71578864899617,68.01666589359843,64.407981153873,7.356759950820985,1265,-3.662357968473513,-3.9498829709291106
9925,321.455,12.908784969964378,2380.191432983945,180.17959905778534,1972.5230479076843,2543.4018398591074,97.7157409681558,68.01630221996135,64.33465670057613,7.356948502737753,1265,-3.6624554692494296,-3.9498829709291106
9926,321.465,12.90890479122168,2380.1710880342553,180.1780913733197,1972.5278446114817,2543.401720382638,97.71569328721311,68.01593899311042,64.26133068097714,7.357137053622659,1265,-3.6625528211637324,-3.9498829709291106
9927,321.47499999999997,12.909024506460792,2380.1507744984433,180.17658600785845,1972.5326414254525,2543.401600906253,97.71564560616812,68.01557621236707,64.18800309760537,7.357325603476979,1265,-3.662650024440846,-3.9498829709291106
9928,321.485,12.909144115839322,2380.130492328544,180.17508295784617,1972.537438349434,2543.401481429951,97.71559792502082,68.01521387705374,64.11467395298631,7.3575141523019845,1265,-3.6627470793048578,-3.9498829709291106
9929,321.495,12.90926361951456,2380.110241476657,180.17358221973043,1972.5422353832591,2543.401361953732,97.7155502437712,68.01485198649394,64.04134324964156,7.357702700098946,1265,-3.6628439859795234,-3.9498829709291106
9930,321.505,12.909383017643625,2380.090021894964,180.17208379002497,1972.5470325267656,2543.401242477595,97.71550256241926,68.01449054001213,63.96801099008892,7.357891246869133,1265,-3.6629407446882647,-3.9498829709291106
9931,321.515,12.909502310383395,2380.0698335357138,180.1705876651673,1972.5518297797885,2543.4011230015403,97.71545488096501,68.0141295369339,63.894677176842315,7.35807979261381,1265,-3.663037355654169,-3.9498829709291106
9932,321.525,12.909621497890479,2380.0496763512247,180.16909384166902,1972.5566271421633,2543.4010035255665,97.71540719940843,68.01376897658577,63.82134181241182,7.358268337334244,1265,-3.6631338190999907,-3.9498829709291106
9933,321.53499999999997,12.909740580321362,2380.0295502939,180.16760231600205,1972.5614246137295,2543.400884049673,97.71535951774953,68.01340885829529,63.748004899303695,7.358456881031697,1265,-3.663230135248154,-3.9498829709291106
9934,321.54499999999996,12.909859557832208,2380.009455316206,180.16611308467265,1972.5662221943205,2543.4007645738598,97.7153118359883,68.01304918139107,63.67466644002038,7.358645423707429,1265,-3.6633263043207496,-3.9498829709291106
9935,321.555,12.909978430578951,2379.9893913706837,180.16462614413098,1972.571019883775,2543.4006450981256,97.71526415412475,68.0126899452027,63.601326437060465,7.3588339653627015,1265,-3.663422326539539,-3.9498829709291106
9936,321.565,12.910097198717358,2379.9693584099437,180.16314149094376,1972.5758176819313,2543.400525622469,97.71521647215884,68.01233114906078,63.52798489291874,7.359022505998769,1265,-3.6635182021259505,-3.9498829709291106
9937,321.575,12.910215862402957,2379.94935638668,180.1616591215826,1972.580615588626,2543.400406146891,97.71516879009063,68.01197279229696,63.45464181008619,7.359211045616887,1265,-3.6636139313010836,-3.9498829709291106
9938,321.585,12.910334421791053,2379.929385253648,180.1601790325778,1972.5854136036955,2543.4002866713904,97.71512110792006,68.01161487424385,63.381297191049974,7.359399584218311,1265,-3.6637095142857077,-3.9498829709291106
9939,321.59499999999997,12.910452877036649,2379.9094449636755,180.15870122040394,1972.5902117269802,2543.400167195967,97.71507342564716,68.01125739423513,63.30795103829348,7.359588121804291,1265,-3.6638049513002633,-3.9498829709291106
9940,321.605,12.910571228294662,2379.889535469673,180.15722568162056,1972.5950099583163,2543.4000477206196,97.71502574327191,68.01090035160543,63.23460335429628,7.3597766583760755,1265,-3.6639002425648615,-3.9498829709291106
9941,321.615,12.910689475719641,2379.869656724606,180.1557524127757,1972.5998082975434,2543.3999282453465,97.71497806079432,68.01054374569041,63.16125414153419,7.359965193934912,1265,-3.663995388299285,-3.9498829709291106
9942,321.625,12.910807619466034,2379.849808681532,180.15428141040564,1972.604606744501,2543.3998087701493,97.71493037821438,68.01018757582676,63.08790340247919,7.360153728482048,1265,-3.6640903887229896,-3.9498829709291106
9943,321.635,12.910925659687974,2379.8299912935613,180.15281267103944,1972.609405299027,2543.399689295026,97.71488269553211,68.00983184135212,63.01455113959953,7.360342262018727,1265,-3.6641852440551026,-3.9498829709291106
9944,321.645,12.911043596539436,2379.8102045138885,180.15134619115855,1972.6142039609615,2543.3995698199774,97.71483501274749,68.00947654160518,62.94119735535969,7.360530794546189,1265,-3.6642799545144245,-3.9498829709291106
9945,321.655,12.91116143017413,2379.790448295773,180.14988196738435,1972.619002730142,2543.3994503450017,97.7147873298605,68.00912167592557,62.86784205222036,7.360719326065675,1265,-3.6643745203194307,-3.9498829709291106
9946,321.66499999999996,12.911279160745558,2379.770722592551,180.148419996261,1972.623801606411,2543.3993308700965,97.71473964687115,68.00876724365402,62.794485232638486,7.360907856578425,1265,-3.6644689416882685,-3.9498829709291106
9947,321.67499999999995,12.911396788407,2379.751027357625,180.14696027434732,1972.6286005896081,2543.3992113952654,97.71469196377947,68.00841324413216,62.72112689906726,7.3610963860856735,1265,-3.6645632188387625,-3.9498829709291106
9948,321.685,12.911514313311491,2379.731362544474,180.14550279820054,1972.6333996795709,2543.3990919205053,97.7146442805854,68.00805967670266,62.647767053956116,7.361284914588655,1265,-3.6646573519884087,-3.9498829709291106
9949,321.695,12.911631735611893,2379.7117281066403,180.14404756440612,1972.6381988761432,2543.3989724458165,97.71459659728899,68.00770654070917,62.57440569975077,7.361473442088603,1265,-3.664751341354384,-3.9498829709291106
9950,321.705,12.911749055460804,2379.692123997746,180.14259456950967,1972.6429981791644,2543.398852971196,97.71454891389021,68.00735383549636,62.501042838893184,7.361661968586747,1265,-3.6648451871535346,-3.9498829709291106
9951,321.715,12.911866273010643,2379.672550171479,180.14114381015162,1972.6477975884748,2543.3987334966455,97.71450123038906,68.00700156040985,62.42767847382161,7.361850494084316,1265,-3.6649388896023876,-3.9498829709291106
9952,321.72499999999997,12.911983388413535,2379.653006581598,180.13969528285986,1972.6525971039168,2543.3986140221646,97.71445354678553,68.00664971479628,62.35431260697054,7.362039018582537,1265,-3.665032448917147,-3.9498829709291106
9953,321.735,12.912100401821457,2379.6334931819356,180.1382489842601,1972.6573967253312,2543.398494547751,97.71440586307966,68.00629829800327,62.280945240770784,7.362227542082635,1265,-3.6651258653136916,-3.9498829709291106
9954,321.745,12.912217313386146,2379.6140099263876,180.1368049109322,1972.6621964525593,2543.3983750734055,97.7143581792714,68.00594730937944,62.20757637764944,7.362416064585833,1265,-3.66521913900758,-3.9498829709291106
9955,321.755,12.912334123259093,2379.594556768931,180.13536305946988,1972.6669962854437,2543.398255599129,97.71431049536076,68.00559674827436,62.13420602002985,7.362604586093353,1265,-3.6653122702140486,-3.9498829709291106
9956,321.765,12.912450831591602,2379.5751336636063,180.13392342653714,1972.6717962238272,2543.3981361249157,97.71426281134775,68.00524661403861,62.06083417033172,7.362793106606413,1265,-3.6654052591480135,-3.9498829709291106
9957,321.775,12.91256743853473,2379.5557405645236,180.1324860087094,1972.676596267551,2543.398016650771,97.71421512723235,68.00489690602377,61.98746083097101,7.362981626126233,1265,-3.6654981060240686,-3.9498829709291106
9958,321.78499999999997,12.912683944239348,2379.5363774258662,180.13105080256875,1972.6813964164592,2543.39789717669,97.71416744301457,68.00454762358235,61.914086004360016,7.363170144654028,1265,-3.665590811056487,-3.9498829709291106
9959,321.79499999999996,12.912800348856088,2379.5170442018875,180.1296178048134,1972.6861966703934,2543.3977777026735,97.71411975869442,68.00419876606789,61.84070969290735,7.363358662191009,1265,-3.665683374459225,-3.9498829709291106
9960,321.805,12.912916652535328,2379.4977408469076,180.12818701202016,1972.690997029196,2543.3976582287223,97.71407207427187,68.00385033283489,61.76733189901793,7.363547178738393,1265,-3.6657757964459172,-3.9498829709291106
9961,321.815,12.913032855427291,2379.4784673153176,180.12675842081305,1972.6957974927134,2543.3975387548344,97.71402438974694,68.0035023232388,61.69395262509301,7.363735694297386,1265,-3.665868077229879,-3.9498829709291106
9962,321.825,12.913148957681967,2379.459223561584,180.1253320278942,1972.7005980607867,2543.3974192810097,97.71397670511959,68.00315473663609,61.620571873530196,7.363924208869199,1265,-3.66596021702411,-3.9498829709291106
9963,321.835,12.9132649594491,2379.44000954023,180.1239078298345,1972.7053987332604,2543.3972998072472,97.71392902038988,68.00280757238417,61.54718964672338,7.364112722455038,1265,-3.6660522160412885,-3.9498829709291106
9964,321.84499999999997,12.91338086087825,2379.4208252058634,180.1224858233289,1972.7101995099783,2543.3971803335457,97.71388133555777,68.00246082984144,61.47380594706285,7.364301235056106,1265,-3.666144074493777,-3.9498829709291106
9965,321.855,12.913496662118728,2379.401670513151,180.1210660050062,1972.7150003907861,2543.397060859906,97.71383365062324,68.00211450836727,61.40042077693522,7.364489746673609,1265,-3.6662357925936213,-3.9498829709291106
9966,321.865,12.913612363319665,2379.3825454168314,180.11964837158206,1972.7198013755271,2543.396941386327,97.71378596558634,68.00176860732199,61.327034138723455,7.364678257308746,1265,-3.666327370552551,-3.9498829709291106
9967,321.875,12.913727964629905,2379.363449871716,180.11823291965916,1972.724602464046,2543.3968219128074,97.71373828044703,68.00142312606691,61.25364603480689,7.3648667669627175,1265,-3.666418808581978,-3.9498829709291106
9968,321.885,12.913843466198168,2379.3443838326803,180.11681964592228,1972.729403656189,2543.3967024393473,97.7136905952053,68.00107806396429,61.180256467561236,7.36505527563672,1265,-3.6665101068930004,-3.9498829709291106
9969,321.895,12.913958868172896,2379.325347254673,180.11540854704856,1972.7342049518,2543.3965829659473,97.71364290986118,68.00073342037736,61.10686543935855,7.365243783331948,1265,-3.6666012656963987,-3.9498829709291106
9970,321.905,12.914074170702383,2379.3063400927053,180.11399961973115,1972.739006350726,2543.396463492604,97.71359522441465,68.00038919467032,61.03347295256729,7.365432290049598,1265,-3.6666922852026427,-3.9498829709291106
9971,321.91499999999996,12.9141893739346,2379.2873623018636,180.1125928606129,1972.7438078528123,2543.396344019319,97.71354753886568,68.00004538620836,60.96007900955228,7.3656207957908615,1265,-3.666783165621884,-3.9498829709291106
9972,321.92499999999995,12.91430447801739,2379.2684138372997,180.11118826644736,1972.7486094579044,2543.396224546092,97.71349985321433,67.99970199435755,60.88668361267474,7.3658093005569265,1265,-3.6668739071639624,-3.9498829709291106
9973,321.935,12.914419483098332,2379.24949465424,180.10978583386864,1972.7534111658479,2543.3961050729204,97.71345216746055,67.999359018485,60.81328676429228,7.365997804348983,1265,-3.6669645100384027,-3.9498829709291106
9974,321.945,12.91453438932484,2379.2306047079674,180.10838555964125,1972.7582129764914,2543.395985599805,97.71340448160434,67.99901645795873,60.73988846675891,7.366186307168219,1265,-3.6670549744544214,-3.9498829709291106
9975,321.955,12.914649196844067,2379.2117439538433,180.1069874404127,1972.7630148896792,2543.395866126745,97.71335679564574,67.99867431214776,60.66648872242505,7.366374809015816,1265,-3.6671453006209163,-3.9498829709291106
9976,321.965,12.914763905803001,2379.1929123472937,180.10559147293688,1972.7678169052608,2543.3957466537395,97.71330910958469,67.998332580422,60.59308753363753,7.366563309892959,1265,-3.6672354887464778,-3.9498829709291106
9977,321.97499999999997,12.914878516348374,2379.174109843811,180.1041976538898,1972.7726190230808,2543.3956271807883,97.71326142342123,67.99799126215238,60.519684902739584,7.366751809800829,1265,-3.667325539039382,-3.9498829709291106
9978,321.985,12.914993028626718,2379.1553363989606,180.10280598001208,1972.7774212429883,2543.3955077078913,97.71321373715534,67.99765035671076,60.44628083207089,7.366940308740606,1265,-3.667415451707597,-3.9498829709291106
9979,321.995,12.915107442784336,2379.1365919683694,180.10141644801016,1972.78222356483,2543.395388235046,97.71316605078701,67.99730986346991,60.37287532396753,7.367128806713466,1265,-3.667505226958778,-3.9498829709291106
9980,322.005,12.915221758967347,2379.1178765077384,180.10002905465453,1972.787025988455,2543.3952687622555,97.71311836431626,67.99696978180361,60.29946838076202,7.367317303720586,1265,-3.66759486500027,-3.9498829709291106
9981,322.015,12.915335977321673,2379.0991899728324,180.09864379665092,1972.7918285137107,2543.395149289515,97.71307067774309,67.99663011108655,60.22606000478333,7.36750579976314,1265,-3.66768436603911,-3.9498829709291106
9982,322.025,12.915450097992963,2379.080532319485,180.09726067074635,1972.7966311404452,2543.3950298168265,97.71302299106746,67.99629085069438,60.15265019835685,7.367694294842299,1265,-3.667773730282024,-3.9498829709291106
9983,322.03499999999997,12.915564121126694,2379.061903503598,180.09587967366755,1972.8014338685061,2543.3949103441887,97.71297530428942,67.9959520000037,60.07923896380445,7.367882788959235,1265,-3.6678629579354323,-3.9498829709291106
9984,322.04499999999996,12.915678046868136,2379.043303481139,180.09450080219483,1972.8062366977447,2543.3947908716013,97.71292761740892,67.99561355839202,60.00582630344442,7.368071282115117,1265,-3.667952049205442,-3.9498829709291106
9985,322.055,12.915791875362348,2379.0247322081427,180.093124053082,1972.8110396280088,2543.394671399063,97.71287993042598,67.99527552523786,59.93241221959155,7.36825977431111,1265,-3.668041004297856,-3.9498829709291106
9986,322.065,12.915905606754128,2379.0061896407105,180.09174942306632,1972.8158426591467,2543.3945519265735,97.71283224334061,67.9949378999206,59.858996714557044,7.36844826554838,1265,-3.668129823418169,-3.9498829709291106
9987,322.075,12.916019241188138,2378.9876757350166,180.09037690891114,1972.8206457910092,2543.394432454134,97.71278455615277,67.9946006818206,59.78557979064862,7.36863675582809,1265,-3.6682185067715687,-3.9498829709291106
9988,322.085,12.916132778808809,2378.969190447294,180.08900650742925,1972.8254490234453,2543.3943129817403,97.71273686886252,67.99426387031916,59.712161450170434,7.368825245151403,1265,-3.668307054562937,-3.9498829709291106
9989,322.09499999999997,12.916246219760323,2378.9507337338455,180.08763821532565,1972.8302523563048,2543.3941935093967,97.7126891814698,67.99392746479853,59.63874169542317,7.369013733519479,1265,-3.6683954669968477,-3.9498829709291106
9990,322.105,12.916359564186683,2378.9323055510467,180.08627202945584,1972.8350557894391,2543.394074037097,97.71264149397462,67.99359146464185,59.56532052870395,7.369202220933474,1265,-3.66848374427757,-3.9498829709291106
9991,322.115,12.916472812231676,2378.9139058553296,180.08490794654787,1972.8398593226973,2543.393954564846,97.71259380637699,67.99325586923322,59.49189795230642,7.369390707394546,1265,-3.66857188660907,-3.9498829709291106
9992,322.125,12.916585964038898,2378.8955346032026,180.08354596341226,1972.8446629559303,2543.3938350926387,97.7125461186769,67.9929206779577,59.41847396852071,7.369579192903848,1265,-3.668659894195006,-3.9498829709291106
9993,322.135,12.916699019751697,2378.8771917512317,180.08218607687948,1972.8494666889903,2543.393715620478,97.71249843087435,67.99258589020123,59.34504857963345,7.3697676774625345,1265,-3.6687477672387336,-3.9498829709291106
9994,322.145,12.91681197951325,2378.8588772560556,180.080828283686,1972.854270521726,2543.3935961483608,97.71245074296935,67.99225150535071,59.27162178792779,7.369956161071757,1265,-3.668835505943304,-3.9498829709291106
9995,322.155,12.916924843466495,2378.840591074374,180.07947258066866,1972.8590744539906,2543.393476676288,97.71240305496188,67.99191752279395,59.19819359568338,7.3701446437326625,1265,-3.668923110511466,-3.9498829709291106
9996,322.16499999999996,12.917037611754196,2378.8223331629606,180.0781189646252,1972.863878485635,2543.3933572042592,97.71235536685194,67.99158394191971,59.12476400517639,7.3703331254464,1265,-3.669010581145665,-3.9498829709291106
9997,322.17499999999995,12.917150284518915,2378.8041034786484,180.07676743239247,1972.8686826165113,2543.393237732272,97.71230767863953,67.99125076211764,59.05133301867952,7.3705216062141155,1265,-3.6690979180480436,-3.9498829709291106
9998,322.185,12.917262861902936,2378.785901978338,180.07541798073134,1972.8734868464703,2543.393118260328,97.71225999032465,67.99091798277836,58.97790063846201,7.370710086036953,1265,-3.6691851214204423,-3.9498829709291106
9999,322.195,12.917375344048407,2378.7677286189955,180.07407060655666,1972.8782911753667,2543.3929987884253,97.71221230190731,67.99058560329337,58.90446686678961,7.370898564916055,1265,-3.6692721914643998,-3.9498829709291106
10000,322.205,12.917487731097234,2378.749583357653,180.07272530663556,1972.8830956030495,2543.392879316564,97.71216461338751,67.99025362305511,58.83103170592464,7.371087042852561,1265,-3.6693591283811546,-3.9498829709291106
10001,322.215,12.917600023191165,2378.731466151411,180.07138207781475,1972.8879001293747,2543.3927598447435,97.71211692476521,67.98992204145694,58.75759515812592,7.37127551984761,1265,-3.669445932371644,-3.9498829709291106
10002,322.22499999999997,12.917712220471667,2378.713376957432,180.0700409169044,1972.8927047541927,2543.392640372963,97.71206923604043,67.98959085789315,58.68415722564885,7.3714639959023405,1265,-3.669532603636505,-3.9498829709291106
10003,322.235,12.917824323080053,2378.6953157329467,180.06870182083586,1972.8975094773582,2543.3925209012223,97.71202154721318,67.98926007175892,58.6107179107454,7.371652471017887,1265,-3.669619142376076,-3.9498829709291106
10004,322.245,12.917936331157414,2378.677282435248,180.0673647863487,1972.9023142987248,2543.3924014295203,97.71197385828346,67.98892968245036,58.53727721566407,7.371840945195384,1265,-3.6697055487903922,-3.9498829709291106
10005,322.255,12.91804824484464,2378.6592770216944,180.0660298103586,1972.907119218144,2543.3922819578556,97.71192616925123,67.98859968936449,58.46383514264994,7.372029418435963,1265,-3.669791823079194,-3.9498829709291106
10006,322.265,12.91816006428243,2378.641299449713,180.06469688973527,1972.9119242354718,2543.39216248623,97.71187848011652,67.98827009189925,58.390391693944665,7.372217890740754,1265,-3.669877965441922,-3.9498829709291106
10007,322.275,12.918271789611254,2378.6233496767954,180.06336602125833,1972.9167293505611,2543.3920430146422,97.71183079087933,67.98794088945348,58.31694687178647,7.372406362110885,1265,-3.6699639760777183,-3.9498829709291106
10008,322.28499999999997,12.91838342097136,2378.6054276604928,180.0620372018707,1972.921534563266,2543.39192354309,97.71178310153967,67.98761208142696,58.243500678410165,7.372594832547484,1265,-3.6700498551854266,-3.9498829709291106
10009,322.29499999999996,12.918494958502826,2378.587533358426,180.06071042847137,1972.9263398734413,2543.391804071575,97.71173541209748,67.98728366722032,58.17005311604715,7.372783302051675,1265,-3.6701356029635956,-3.9498829709291106
10010,322.305,12.918606402345572,2378.5696667282823,180.05938569783353,1972.9311452809422,2543.3916846000952,97.71168772255281,67.98695564623517,58.096604186925404,7.372971770624583,1265,-3.670221219610475,-3.9498829709291106
10011,322.315,12.918717752639203,2378.55182772781,180.0580630069402,1972.935950785623,2543.3915651286497,97.71164003290565,67.98662801787397,58.023153893269516,7.373160238267329,1265,-3.6703067053240197,-3.9498829709291106
10012,322.325,12.918829009523195,2378.5340163148203,180.0567423525929,1972.9407563873388,2543.3914456572397,97.71159234315598,67.9863007815401,57.949702237300684,7.373348704981034,1265,-3.670392060301887,-3.9498829709291106
10013,322.335,12.918940173136797,2378.516232447194,180.0554237317327,1972.9455620859444,2543.3913261858643,97.71154465330382,67.98597393663783,57.8762492212367,7.373537170766813,1265,-3.670477284741441,-3.9498829709291106
10014,322.34499999999997,12.91905124361908,2378.498476082871,180.05410714127834,1972.950367881297,2543.3912067145206,97.71149696334915,67.98564748257238,57.80279484729196,7.373725635625786,1265,-3.67056237883975,-3.9498829709291106
10015,322.355,12.919162221108905,2378.480747179862,180.05279257804472,1972.9551737732509,2543.391087243211,97.71144927329198,67.98532141874982,57.72933911767752,7.373914099559067,1265,-3.6706473427935866,-3.9498829709291106
10016,322.365,12.919273105744898,2378.4630456962354,180.05148003906373,1972.9599797616634,2543.390967771934,97.7114015831323,67.98499574457715,57.655882034601,7.374102562567768,1265,-3.67073217679943,-3.9498829709291106
10017,322.375,12.919383897665499,2378.4453715901286,180.05016952112072,1972.964785846389,2543.3908483006885,97.71135389287011,67.98467045946227,57.5824236002667,7.374291024653003,1265,-3.6708168810534656,-3.9498829709291106
10018,322.385,12.91949459700897,2378.427724819738,180.04886102121796,1972.9695920272852,2543.390728829475,97.7113062025054,67.9843455628139,57.50896381687553,7.374479485815879,1265,-3.6709014557515856,-3.9498829709291106
10019,322.395,12.919605203913356,2378.4101053433287,180.0475545361953,1972.97439830421,2543.3906093582923,97.71125851203819,67.98402105404178,57.435502686625036,7.374667946057506,1265,-3.6709859010893897,-3.9498829709291106
10020,322.405,12.91971571851648,2378.392513119225,180.04625006303752,1972.9792046770172,2543.3904898871388,97.71121082146847,67.98369693255644,57.36204021170941,7.37485640537899,1265,-3.6710702172621845,-3.9498829709291106
10021,322.41499999999996,12.919826140956019,2378.374948105818,180.04494759866625,1972.984011145566,2543.3903704160157,97.71116313079622,67.98337319776938,57.28857639431951,7.375044863781436,1265,-3.6711544044649855,-3.9498829709291106
10022,322.42499999999995,12.919936471369414,2378.3574102615635,180.04364714001062,1972.9888177097139,2543.3902509449213,97.71111544002144,67.98304984909294,57.21511123664284,7.375233321265946,1265,-3.6712384628925143,-3.9498829709291106
10023,322.435,12.920046709893867,2378.3398995449784,180.0423486840012,1972.993624369318,2543.390131473856,97.71106774914415,67.98272688594034,57.14164474086355,7.375421777833623,1265,-3.6713223927392047,-3.9498829709291106
10024,322.445,12.920156856666452,2378.3224159146425,180.04105222756837,1972.9984311242347,2543.390012002818,97.71102005816434,67.98240430772573,57.06817690916245,7.375610233485566,1265,-3.6714061941991973,-3.9498829709291106
10025,322.455,12.92026691182399,2378.304959329199,180.03975776767604,1973.0032379743238,2543.3898925318085,97.71097236708201,67.98208211386414,56.99470774371706,7.375798688222873,1265,-3.671489867466343,-3.9498829709291106
10026,322.465,12.92037687550314,2378.28752974736,180.0384653013208,1973.008044919443,2543.389773060826,97.71092467589715,67.98176030377145,56.92123724670154,7.3759871420466405,1265,-3.6715734127342032,-3.9498829709291106
10027,322.47499999999997,12.920486747840341,2378.2701271278884,180.03717482533634,1973.012851959451,2543.38965358987,97.71087698460977,67.98143887686447,56.847765420286734,7.376175594957964,1265,-3.6716568301960506,-3.9498829709291106
10028,322.485,12.920596528971855,2378.252751429625,180.03588633681542,1973.017659094205,2543.3895341189377,97.71082929321983,67.98111783256087,56.77429226664017,7.376364046957936,1265,-3.6717401200448654,-3.9498829709291106
10029,322.495,12.92070621903367,2378.2354026114604,180.03459983266853,1973.0224663235654,2543.3894146480343,97.71078160172738,67.98079717027919,56.700817787926084,7.376552498047647,1265,-3.6718232824733446,-3.9498829709291106
10030,322.505,12.920815818161701,2378.2180806323554,180.0333153098693,1973.0272736473912,2543.389295177153,97.71073391013238,67.98047688943888,56.62734198630538,7.376740948228188,1265,-3.671906317673891,-3.9498829709291106
10031,322.515,12.920925326491568,2378.2007854513336,180.03203276540262,1973.0320810655398,2543.3891757062975,97.71068621843484,67.98015698946024,56.55386486393569,7.376929397500648,1265,-3.671989225838626,-3.9498829709291106
10032,322.525,12.921034744158717,2378.1835170274785,180.0307521961907,1973.0368885778728,2543.389056235464,97.71063852663477,67.97983746976448,56.48038642297132,7.3771178458661115,1265,-3.6720720071593784,-3.9498829709291106
10033,322.53499999999997,12.921144071298421,2378.1662753199375,180.02947359930766,1973.0416961842488,2543.3889367646566,97.71059083473216,67.97951832977363,56.40690666556331,7.377306293325664,1265,-3.672154661827694,-3.9498829709291106
10034,322.54499999999996,12.921253308045737,2378.149060287915,180.0281969717068,1973.046503884529,2543.388817293871,97.710543142727,67.97919956891064,56.33342559385941,7.377494739880389,1265,-3.6722371900348287,-3.9498829709291106
10035,322.555,12.921362454535505,2378.13187189069,180.02692231034268,1973.0513116785721,2543.3886978231067,97.71049545061929,67.97888118659938,56.25994321000409,7.377683185531369,1265,-3.672319591971754,-3.9498829709291106
10036,322.565,12.92147151090239,2378.11471008759,180.02564961228146,1973.056119566238,2543.388578352364,97.71044775840905,67.97856318226448,56.186459516138534,7.377871630279682,1265,-3.672401867829157,-3.9498829709291106
10037,322.575,12.921580477280889,2378.097574838016,180.02437887449267,1973.060927547389,2543.3884588816436,97.71040006609624,67.97824555533153,56.112974514400676,7.378060074126408,1265,-3.672484017797437,-3.9498829709291106
10038,322.585,12.921689353805247,2378.0804661014226,180.0231100939819,1973.0657356218846,2543.388339410943,97.71035237368089,67.97792830522694,56.03948820692517,7.378248517072621,1265,-3.6725660420667103,-3.9498829709291106
10039,322.59499999999997,12.921798140609553,2378.0633838373315,180.0218432677348,1973.0705437895872,2543.3882199402633,97.71030468116298,67.97761143137801,55.96600059584342,7.3784369591194,1265,-3.672647940826808,-3.9498829709291106
10040,322.605,12.921906837827661,2378.0463280053227,180.02057839283904,1973.0753520503567,2543.3881004696023,97.71025698854253,67.97729493321292,55.892511683283566,7.378625400267814,1265,-3.6727297142672772,-3.9498829709291106
10041,322.615,12.922015445593297,2378.0292985650435,180.01931546626477,1973.0801604040535,2543.3879809989608,97.71020929581951,67.9769788101607,55.81902147137049,7.378813840518938,1265,-3.6728113625773813,-3.9498829709291106
10042,322.625,12.922123964039903,2378.0122954761937,180.01805448503333,1973.0849688505418,2543.3878615283384,97.71016160299394,67.97666306165122,55.745529962225866,7.37900227987384,1265,-3.6728928859461027,-3.9498829709291106
10043,322.635,12.92223239330084,2377.995318698544,180.01679544618636,1973.0897773896825,2543.387742057733,97.71011391006581,67.97634768711526,55.672037157968084,7.379190718333589,1265,-3.672974284562138,-3.9498829709291106
10044,322.645,12.922340733509134,2377.9783681919234,180.0155383467889,1973.0945860213358,2543.3876225871463,97.71006621703509,67.97603268598444,55.59854306071232,7.379379155899254,1265,-3.6730555586139033,-3.9498829709291106
10045,322.655,12.922448984797756,2377.961443916216,180.01428318382654,1973.0993947453665,2543.3875031165758,97.71001852390184,67.97571805769124,55.52504767257053,7.379567592571896,1265,-3.6731367082895323,-3.9498829709291106
10046,322.66499999999996,12.922557147299363,2377.94454583138,180.01302995435137,1973.1042035616356,2543.387383646022,97.709970830666,67.97540380166899,55.451550995651424,7.379756028352583,1265,-3.6732177337768768,-3.9498829709291106
10047,322.67499999999995,12.922665221146515,2377.92767389742,180.0117786554642,1973.1090124700058,2543.387264175484,97.70992313732759,67.97508991735192,55.3780530320605,7.379944463242373,1265,-3.6732986352635093,-3.9498829709291106
10048,322.685,12.922773206471525,2377.910828074415,180.01052928418054,1973.1138214703415,2543.387144704961,97.70987544388662,67.97477640417505,55.30455378390005,7.38013289724233,1265,-3.673379412936719,-3.9498829709291106
10049,322.695,12.922881103406507,2377.894008322497,180.00928183755903,1973.1186305625038,2543.3870252344536,97.70982775034307,67.97446326157431,55.23105325326914,7.380321330353511,1265,-3.6734600669835173,-3.9498829709291106
10050,322.705,12.922988912083433,2377.87721460186,180.00803631267942,1973.1234397463563,2543.386905763961,97.70978005669694,67.97415048898647,55.15755144226364,7.380509762576973,1265,-3.673540597590634,-3.9498829709291106
10051,322.715,12.923096632634026,2377.8604468727626,180.00679270657048,1973.1282490217632,2543.386786293481,97.70973236294824,67.97383808584914,55.08404835297622,7.380698193913772,1265,-3.67362100494452,-3.9498829709291106
10052,322.72499999999997,12.923204265189831,2377.8437050955176,180.00555101632128,1973.1330583885888,2543.3866668230157,97.70968466909696,67.97352605160079,55.01054398749635,7.380886624364962,1265,-3.6737012892313485,-3.9498829709291106
10053,322.735,12.923311809882248,2377.8269892305043,180.00431123902106,1973.1378678466956,2543.3865473525634,97.7096369751431,67.97321438568073,54.9370383479103,7.381075053931594,1265,-3.673781450637012,-3.9498829709291106
10054,322.745,12.923419266842421,2377.810299238162,180.00307337176326,1973.1426773959483,2543.386427882122,97.70958928108666,67.97290308752916,54.86353143630119,7.38126348261472,1265,-3.673861489347127,-3.9498829709291106
10055,322.755,12.923526636201334,2377.7936350789846,180.00183741158054,1973.1474870362115,2543.386308411693,97.70954158692763,67.97259215658707,54.79002325474892,7.3814519104153895,1265,-3.6739414055470294,-3.9498829709291106
10056,322.765,12.92363391808977,2377.776996713536,180.00060335557998,1973.152296767349,2543.3861889412756,97.70949389266602,67.97228159229635,54.71651380533021,7.38164033733465,1265,-3.6740211994217806,-3.9498829709291106
10057,322.775,12.923741112638343,2377.7603841024293,179.99937120091684,1973.1571065892267,2543.386069470869,97.7094461983018,67.97197139409968,54.643003090118654,7.381828763373547,1265,-3.674100871156163,-3.9498829709291106
10058,322.78499999999997,12.923848219977453,2377.7437972063485,179.998140944593,1973.1619165017084,2543.3859500004733,97.709398503835,67.97166156144064,54.56949111118465,7.3820171885331245,1265,-3.674180420934684,-3.9498829709291106
10059,322.79499999999996,12.923955240237309,2377.7272359860294,179.99691258376464,1973.1667265046594,2543.385830530086,97.70935080926562,67.97135209376361,54.49597787059541,7.382205612814426,1265,-3.674259848941575,-3.9498829709291106
10060,322.805,12.924062173547915,2377.710700402272,179.99568611553173,1973.1715365979464,2543.38571105971,97.70930311459362,67.97104299051384,54.42246337041505,7.382394036218493,1265,-3.674339155360789,-3.9498829709291106
10061,322.815,12.924169020039171,2377.6941904159344,179.99446153703207,1973.1763467814333,2543.3855915893405,97.70925541981906,67.97073425113739,54.348947612704485,7.382582458746364,1265,-3.674418340376006,-3.9498829709291106
10062,322.825,12.924275779840672,2377.6777059879378,179.99323884532245,1973.181157054987,2543.3854721189805,97.70920772494188,67.97042587508119,54.2754305995215,7.382770880399077,1265,-3.67449740417063,-3.9498829709291106
10063,322.835,12.924382453081865,2377.6612470792556,179.99201803756262,1973.185967418472,2543.3853526486287,97.70916002996208,67.970117861793,54.201912332920735,7.38295930117767,1265,-3.674576346927792,-3.9498829709291106
10064,322.84499999999997,12.924489039892071,2377.6448136509293,179.99079911084044,1973.1907778717568,2543.385233178283,97.7091123348797,67.96981021072139,54.12839281495369,7.383147721083176,1265,-3.6746551688303475,-3.9498829709291106
10065,322.855,12.92459554040032,2377.6284056640566,179.98958206232493,1973.1955884147062,2543.385113707945,97.70906463969472,67.96950292131582,54.05487204766874,7.38333614011663,1265,-3.6747338700608783,-3.9498829709291106
10066,322.865,12.924701954735513,2377.6120230797924,179.98836688914702,1973.2003990471865,2543.3849942376132,97.70901694440713,67.96919599302652,53.98135003311111,7.383524558279063,1265,-3.674812450801694,-3.9498829709291106
10067,322.875,12.924808283026374,2377.595665859356,179.98715358841287,1973.2052097690655,2543.3848747672873,97.70896924901692,67.9688894253046,53.90782677332295,7.383712975571506,1265,-3.6748909112348302,-3.9498829709291106
10068,322.885,12.924914525401396,2377.5793339640195,179.98594215731305,1973.2100205802096,2543.384755296967,97.7089215535241,67.96858321760197,53.83430227034324,7.3839013919949865,1265,-3.6749692515420502,-3.9498829709291106
10069,322.895,12.925020681988935,2377.56302735512,179.98473259292854,1973.2148314804867,2543.3846358266496,97.7088738579287,67.96827736937142,53.76077652620786,7.384089807550532,1265,-3.6750474719048456,-3.9498829709291106
10070,322.905,12.925126752917086,2377.5467459940483,179.98352489245963,1973.2196424697631,2543.3845163563387,97.70882616223065,67.96797188006649,53.68724954294962,7.384278222239168,1265,-3.6751255725044363,-3.9498829709291106
10071,322.91499999999996,12.925232738313804,2377.530489842262,179.98231905306955,1973.2244535479076,2543.38439688603,97.70877846642999,67.96766674914161,53.61372132259817,7.3844666360619176,1265,-3.6752035535217695,-3.9498829709291106
10072,322.92499999999995,12.925338638306885,2377.5142588612675,179.9811150718557,1973.229264714787,2543.3842774157256,97.70873077052671,67.96736197605202,53.540191867180084,7.384655049019805,1265,-3.6752814151375244,-3.9498829709291106
10073,322.935,12.925444453023905,2377.4980530126363,179.97991294605987,1973.2340759702697,2543.384157945424,97.70868307452083,67.96705756025378,53.46666117871885,7.3848434611138485,1265,-3.6753591575321063,-3.9498829709291106
10074,322.945,12.925550182592243,2377.4818722579994,179.9787126727764,1973.2388873142233,2543.384038475123,97.70863537841232,67.96675350120378,53.39312925923485,7.38503187234507,1265,-3.675436780885652,-3.9498829709291106
10075,322.955,12.925655827139087,2377.4657165590443,179.97751424921503,1973.243698746518,2543.383919004825,97.70858768220118,67.96644979835973,53.319596110745394,7.385220282714485,1265,-3.6755142853780294,-3.9498829709291106
10076,322.965,12.925761386791478,2377.449585877516,179.97631767257496,1973.2485102670207,2543.383799534529,97.70853998588743,67.96614645118015,53.24606173526472,7.385408692223112,1265,-3.675591671188835,-3.9498829709291106
10077,322.97499999999997,12.925866861676246,2377.4334801752184,179.97512293998676,1973.2533218755998,2543.383680064233,97.70849228947102,67.96584345912441,53.17252613480396,7.385597100871965,1265,-3.6756689384973997,-3.9498829709291106
10078,322.985,12.925972251920037,2377.4173994140156,179.97393004865754,1973.2581335721266,2543.383560593937,97.70844459295202,67.96554082165265,53.09898931137119,7.385785508662056,1265,-3.675746087482782,-3.9498829709291106
10079,322.995,12.926077557649327,2377.401343555829,179.97273899579722,1973.262945356469,2543.383441123641,97.70839689633036,67.96523853822589,53.02545126697143,7.385973915594397,1265,-3.675823118323774,-3.9498829709291106
10080,323.005,12.92618277899036,2377.385312562637,179.97154977861223,1973.2677572284958,2543.383321653344,97.70834919960608,67.96493660830593,52.95191200360663,7.386162321669998,1265,-3.6759000311989025,-3.9498829709291106
10081,323.015,12.926287916069267,2377.3693063964806,179.97036239419018,1973.2725691880764,2543.383202183047,97.70830150277916,67.96463503135537,52.878371523275675,7.386350726889868,1265,-3.675976826286421,-3.9498829709291106
10082,323.025,12.926392969011934,2377.353325019449,179.96917683985464,1973.2773812350824,2543.383082712747,97.70825380584962,67.96433380683766,52.80482982797442,7.386539131255013,1265,-3.6760535037643223,-3.9498829709291106
10083,323.03499999999997,12.926497937944102,2377.3373683937,179.96799311276988,1973.2821933693826,2543.3829632424454,97.70820610881744,67.96403293421704,52.731286919695656,7.386727534766439,1265,-3.6761300638103296,-3.9498829709291106
10084,323.04499999999996,12.926602822991294,2377.321436481443,179.96681121015965,1973.2870055908477,2543.382843772141,97.7081584116826,67.96373241295858,52.657742800429126,7.38691593742515,1265,-3.6762065066018996,-3.9498829709291106
10085,323.055,12.926707624278885,2377.305529244948,179.965631129207,1973.2918178993477,2543.382724301833,97.70811071444513,67.96343224252813,52.58419747216154,7.387104339232149,1265,-3.676282832316224,-3.9498829709291106
10086,323.065,12.926812341932042,2377.2896466465427,179.96445286715476,1973.2966302947527,2543.3826048315227,97.708063017105,67.96313242239238,52.51065093687658,7.387292740188436,1265,-3.6763590411302287,-3.9498829709291106
10087,323.075,12.92691697607575,2377.2737886486075,179.96327642119866,1973.3014427769347,2543.3824853612077,97.70801531966225,67.96283295201881,52.437103196554894,7.387481140295011,1265,-3.6764351332205765,-3.9498829709291106
10088,323.085,12.927021526834826,2377.257955213585,179.96210178862924,1973.3062553457644,2543.3823658908877,97.70796762211684,67.96253383087571,52.3635542531741,7.3876695395528715,1265,-3.6765111087636617,-3.9498829709291106
10089,323.09499999999997,12.927125994333872,2377.2421463039786,179.96092896661867,1973.3110680011127,2543.3822464205623,97.70791992446878,67.9622350584322,52.29000410870882,7.3878579379630125,1265,-3.676586967935619,-3.9498829709291106
10090,323.105,12.92723037869737,2377.226361882337,179.95975795240446,1973.31588074285,2543.3821269502328,97.70787222671807,67.96193663415816,52.216452765130626,7.388046335526431,1265,-3.6766627109123164,-3.9498829709291106
10091,323.115,12.927334680049533,2377.2106019112784,179.95858874327828,1973.3206935708497,2543.3820074798955,97.7078245288647,67.96163855752431,52.1429002244081,7.388234732244118,1265,-3.6767383378693586,-3.9498829709291106
10092,323.125,12.927438898514504,2377.1948663534754,179.95742133645265,1973.325506484983,2543.3818880095523,97.70777683090868,67.96134082800214,52.06934648850682,7.388423128117068,1265,-3.6768138489820883,-3.9498829709291106
10093,323.135,12.927543034216123,2377.179155171648,179.9562557291559,1973.3303194851203,2543.3817685392037,97.70772913285,67.96104344506396,51.99579155938935,7.388611523146269,1265,-3.676889244425585,-3.9498829709291106
10094,323.145,12.927647087278132,2377.1634683285884,179.95509191869192,1973.3351325711362,2543.3816490688446,97.70768143468868,67.96074640818291,51.92223543901529,7.388799917332709,1265,-3.676964524374666,-3.9498829709291106
10095,323.155,12.927751057824048,2377.147805787132,179.95392990228524,1973.3399457429014,2543.381529598479,97.70763373642467,67.96044971683287,51.84867812934119,7.388988310677378,1265,-3.6770396890038857,-3.9498829709291106
10096,323.16499999999996,12.927854945977247,2377.1321675101826,179.9527696771741,1973.3447590002897,2543.3814101281046,97.70758603805803,67.96015337048854,51.77511963232066,7.389176703181261,1265,-3.6771147384875387,-3.9498829709291106
10097,323.17499999999995,12.927958751860894,2377.1165534606885,179.95161124063648,1973.349572343173,2543.381290657722,97.7075383395887,67.95985736862544,51.70155994990431,7.389365094845341,1265,-3.6771896729996576,-3.9498829709291106
10098,323.185,12.928062475597999,2377.100963601665,179.9504545900128,1973.3543857714242,2543.3811711873304,97.70749064101672,67.95956171071983,51.62799908403977,7.389553485670602,1265,-3.677264492714014,-3.9498829709291106
10099,323.195,12.928166117311351,2377.0853978961777,179.94929972245055,1973.3591992849167,2543.3810517169272,97.70744294234206,67.95926639624882,51.5544370366717,7.389741875658025,1265,-3.6773391978041206,-3.9498829709291106
10100,323.205,12.9282696771236,2377.0698563073543,179.94814663533515,1973.3640128835236,2543.3809322465145,97.70739524356475,67.95897142469028,51.4808738097418,7.389930264808589,1265,-3.677413788443229,-3.9498829709291106
10101,323.215,12.92837315515717,2377.0543387983694,179.94699532591034,1973.3688265671183,2543.38081277609,97.70734754468474,67.95867679552289,51.40730940518879,7.390118653123273,1265,-3.6774882648043303,-3.9498829709291106
10102,323.22499999999997,12.92847655153438,2377.038845332466,179.94584579148122,1973.373640335576,2543.380693305655,97.70729984570208,67.95838250822611,51.33374382494842,7.390307040603053,1265,-3.6775626270601585,-3.9498829709291106
10103,323.235,12.928579866377296,2377.0233758729337,179.94469802926614,1973.378454188769,2543.380573835208,97.70725214661672,67.95808856228018,51.260177070953524,7.390495427248906,1265,-3.677636875383188,-3.9498829709291106
10104,323.245,12.928683099807847,2377.0079303831226,179.94355203668292,1973.3832681265717,2543.380454364749,97.70720444742871,67.95779495716616,51.18660914513394,7.3906838130618056,1265,-3.6777110099456327,-3.9498829709291106
10105,323.255,12.92878625194778,2376.9925088264376,179.9424078109406,1973.388082148859,2543.380334894277,97.707156748138,67.95750169236585,51.11304004941659,7.390872198042722,1265,-3.6777850309194524,-3.9498829709291106
10106,323.265,12.928889322918629,2376.977111166337,179.94126534933554,1973.3928962555046,2543.380215423792,97.70710904874463,67.95720876736186,51.03946978572543,7.391060582192628,1265,-3.6778589384763465,-3.9498829709291106
10107,323.275,12.928992312841798,2376.96173736634,179.94012464921107,1973.397710446384,2543.380095953293,97.70706134924856,67.9569161816376,50.9658983559815,7.391248965512491,1265,-3.677932732787757,-3.9498829709291106
10108,323.28499999999997,12.929095221838473,2376.946387390021,179.93898570788312,1973.4025247213706,2543.3799764827804,97.70701364964982,67.95662393467721,50.8923257621029,7.391437348003283,1265,-3.6780064140248694,-3.9498829709291106
10109,323.29499999999996,12.929198050029706,2376.9310612010036,179.93784852262942,1973.4073390803417,2543.3798570122535,97.70696594994838,67.9563320259657,50.81875200600479,7.391625729665965,1265,-3.678079982358614,-3.9498829709291106
10110,323.305,12.929300797536328,2376.915758762972,179.9367130908028,1973.4121535231704,2543.37973754171,97.70691825014426,67.95604045498875,50.74517708959942,7.391814110501507,1265,-3.6781534379596637,-3.9498829709291106
10111,323.315,12.929403464479014,2376.900480039666,179.93557940976987,1973.416968049734,2543.3796180711515,97.70687055023745,67.9557492212329,50.67160101479612,7.39200249051087,1265,-3.678226780998436,-3.9498829709291106
10112,323.325,12.929506050978269,2376.8852249948836,179.93444747673246,1973.4217826599065,2543.3794986005773,97.70682285022797,67.95545832418549,50.598023783501276,7.392190869695016,1265,-3.6783000116450912,-3.9498829709291106
10113,323.335,12.929608557154408,2376.8699935924697,179.9333172891467,1973.426597353565,2543.379379129987,97.70677515011576,67.95516776333452,50.52444539761841,7.392379248054906,1265,-3.6783731300695397,-3.9498829709291106
10114,323.34499999999997,12.929710983127562,2376.8547857963304,179.93218884426832,1973.4314121305842,2543.379259659379,97.70672744990088,67.95487753816887,50.45086585904809,7.3925676255915,1265,-3.6784461364414303,-3.9498829709291106
10115,323.355,12.929813329017714,2376.8396015704266,179.93106213947604,1973.436226990842,2543.379140188753,97.70667974958329,67.95458764817816,50.37728516968803,7.392756002305754,1265,-3.678519030930162,-3.9498829709291106
10116,323.365,12.929915594944664,2376.824440878774,179.9299371720921,1973.4410419342137,2543.3790207181096,97.706632049163,67.95429809285278,50.303703331433006,7.392944378198625,1265,-3.67859181370488,-3.9498829709291106
10117,323.375,12.930017781027999,2376.8093036854407,179.92881393951274,1973.4458569605763,2543.3789012474485,97.70658434864,67.9540088716839,50.23012034617492,7.393132753271069,1265,-3.6786644849344734,-3.9498829709291106
10118,323.385,12.930119887387168,2376.7941899545513,179.9276924390432,1973.4506720698055,2543.378781776768,97.70653664801432,67.95371998416347,50.15653621580279,7.393321127524037,1265,-3.678737044787581,-3.9498829709291106
10119,323.395,12.930221914141445,2376.7790996502886,179.92657266800506,1973.4554872617791,2543.3786623060673,97.70648894728593,67.95343142978419,50.082950942202714,7.393509500958482,1265,-3.6788094934325857,-3.9498829709291106
10120,323.405,12.93032386140993,2376.7640327368863,179.92545462385914,1973.4603025363745,2543.3785428353476,97.70644124645483,67.95314320803953,50.00936452725797,7.393697873575355,1265,-3.6788818310376215,-3.9498829709291106
10121,323.41499999999996,12.930425729311516,2376.7489891786304,179.92433830386543,1973.4651178934696,2543.378423364607,97.70639354552102,67.95285531842374,49.935776972848906,7.393886245375604,1265,-3.6789540577705684,-3.9498829709291106
10122,323.42499999999995,12.930527517964943,2376.7339689398677,179.92322370547666,1973.46993333294,2543.378303893847,97.70634584448452,67.95256776043183,49.86218828085303,7.394074616360177,1265,-3.679026173799054,-3.9498829709291106
10123,323.435,12.930629227488811,2376.718971984994,179.922110826006,1973.474748854665,2543.378184423065,97.7062981433453,67.9522805335596,49.78859845314497,7.394262986530021,1265,-3.679098179290456,-3.9498829709291106
10124,323.445,12.930730858001498,2376.7039982784627,179.92099966287506,1973.4795644585213,2543.3780649522605,97.70625044210335,67.95199363730356,49.7150074915965,7.394451355886078,1265,-3.679170074411901,-3.9498829709291106
10125,323.455,12.930832409621212,2376.68904778478,179.9198902134336,1973.484380144388,2543.3779454814344,97.70620274075871,67.95170707116102,49.641415398076525,7.394639724429294,1265,-3.6792418593302645,-3.9498829709291106
10126,323.465,12.930933882465988,2376.67412046851,179.91878247506222,1973.4891959121435,2543.3778260105864,97.70615503931135,67.95142083463007,49.567822174451095,7.394828092160611,1265,-3.6793135342121728,-3.9498829709291106
10127,323.47499999999997,12.931035276653763,2376.659216294264,179.91767644515738,1973.4940117616661,2543.377706539715,97.70610733776127,67.9511349272095,49.49422782258344,7.395016459080967,1265,-3.6793850992240014,-3.9498829709291106
10128,323.485,12.931136592302144,2376.644335226711,179.9165721211253,1973.4988276928332,2543.37758706882,97.70605963610845,67.95084934839892,49.4206323443339,7.3952048251913025,1265,-3.6794565545318765,-3.9498829709291106
10129,323.495,12.931237829528756,2376.629477230575,179.91546950037016,1973.5036437055248,2543.3774675979007,97.70601193435293,67.95056409769866,49.34703574156001,7.3953931904925545,1265,-3.679527900301675,-3.9498829709291106
10130,323.505,12.931338988450888,2376.614642270633,179.9143685802551,1973.50845979962,2543.3773481269577,97.70596423249468,67.95027917460983,49.27343801611646,7.395581554985659,1265,-3.679599136699027,-3.9498829709291106
10131,323.515,12.93144006918574,2376.5998303117167,179.91326935820743,1973.5132759749972,2543.37722865599,97.70591653053371,67.9499945786343,49.19983916985509,7.395769918671551,1265,-3.679670263889312,-3.9498829709291106
10132,323.525,12.931541071850342,2376.5850413187104,179.91217183162408,1973.5180922315358,2543.3771091849976,97.70586882847002,67.94971030927468,49.12623920462494,7.395958281551163,1265,-3.6797412820376616,-3.9498829709291106
10133,323.53499999999997,12.931641996561503,2376.570275256551,179.91107599791764,1973.5229085691165,2543.3769897139778,97.70582112630358,67.94942636603432,49.0526381222722,7.396146643625428,1265,-3.679812191308962,-3.9498829709291106
10134,323.54499999999996,12.931742843435927,2376.5555320902317,179.9099818545249,1973.5277249876178,2543.376870242932,97.70577342403442,67.94914274841734,48.979035924640264,7.396335004895276,1265,-3.6798829918678493,-3.9498829709291106
10135,323.555,12.931843612590097,2376.540811784796,179.90888939882825,1973.5325414869205,2543.37675077186,97.70572572166255,67.94885945592864,48.9054326135697,7.3965233653616345,1265,-3.6799536838787152,-3.9498829709291106
10136,323.565,12.931944304140329,2376.526114305342,179.90779862827253,1973.5373580669036,2543.3766313007613,97.70567801918791,67.94857648807381,48.83182819089827,7.396711725025433,1265,-3.6800242675057024,-3.9498829709291106
10137,323.575,12.932044918202804,2376.511439617024,179.90670954032421,1973.5421747274488,2543.376511829635,97.70563031661055,67.94829384435924,48.75822265846092,7.396900083887599,1265,-3.6800947429127118,-3.9498829709291106
10138,323.585,12.932145454893478,2376.4967876850437,179.90562213232056,1973.5469914684365,2543.3763923584797,97.70558261393046,67.94801152429204,48.68461601808981,7.397088441949053,1265,-3.6801651102633923,-3.9498829709291106
10139,323.59499999999997,12.93224591432818,2376.482158474662,179.90453640178546,1973.5518082897454,2543.3762728872966,97.70553491114762,67.94772952738008,48.61100827161429,7.397276799210721,1265,-3.680235369721153,-3.9498829709291106
10140,323.605,12.932346296622574,2376.46755195119,179.90345234614148,1973.5566251912587,2543.376153416085,97.70548720826206,67.94744785313195,48.537399420860915,7.397465155673525,1265,-3.680305521449154,-3.9498829709291106
10141,323.615,12.932446601892108,2376.4529680799883,179.90236996280802,1973.561442172856,2543.3760339448436,97.70543950527374,67.94716650105704,48.463789467653456,7.397653511338384,1265,-3.6803755656103125,-3.9498829709291106
10142,323.625,12.932546830252099,2376.438406826477,179.90128924920393,1973.5662592344188,2543.375914473572,97.70539180218269,67.94688547066544,48.39017841381291,7.39784186620622,1265,-3.6804455023673026,-3.9498829709291106
10143,323.635,12.93264698181771,2376.4238681561264,179.90021020286258,1973.5710763758293,2543.375795002271,97.70534409898889,67.946604761468,48.31656626115748,7.398030220277948,1265,-3.680515331882552,-3.9498829709291106
10144,323.645,12.93274705670386,2376.4093520344577,179.8991328211896,1973.5758935969675,2543.375675530938,97.70529639569234,67.94632437297629,48.2429530115026,7.3982185735544865,1265,-3.680585054318246,-3.9498829709291106
10145,323.655,12.93284705502537,2376.3948584270483,179.8980571016136,1973.5807108977167,2543.3755560595755,97.70524869229304,67.94604430470265,48.16933866666092,7.39840692603675,1265,-3.6806546698363265,-3.9498829709291106
10146,323.66499999999996,12.93294697689689,2376.380387299521,179.89698304170832,1973.5855282779578,2543.3754365881805,97.70520098879099,67.94576455616011,48.09572322844233,7.39859527772565,1265,-3.6807241785984925,-3.9498829709291106
10147,323.67499999999995,12.933046822432877,2376.365938617561,179.89591063877415,1973.5903457375734,2543.3753171167527,97.70515328518619,67.94548512686252,48.022106698653964,7.398783628622101,1265,-3.6807935807662004,-3.9498829709291106
10148,323.685,12.933146591747608,2376.3515123469,179.8948398904335,1973.5951632764454,2543.375197645294,97.70510558147863,67.94520601632439,47.948489079100185,7.398971978727012,1265,-3.6808628765006635,-3.9498829709291106
10149,323.695,12.933246284955205,2376.337108453322,179.89377079407782,1973.5999808944562,2543.375078173801,97.70505787766832,67.94492722406102,47.87487037158261,7.399160328041294,1265,-3.680932065962856,-3.9498829709291106
10150,323.705,12.933345902169659,2376.3227269026656,179.89270334721434,1973.6047985914893,2543.3749587022758,97.70501017375526,67.9446487495884,47.80125057790009,7.399348676565855,1265,-3.681001149313508,-3.9498829709291106
10151,323.715,12.93344544350475,2376.3083676608176,179.89163754731553,1973.6096163674263,2543.374839230716,97.70496246973944,67.94437059242325,47.72762969984876,7.399537024301599,1265,-3.6810701267131094,-3.9498829709291106
10152,323.72499999999997,12.933544909074085,2376.294030693723,179.89057339183438,1973.614434222151,2543.3747197591215,97.70491476562084,67.94409275208311,47.654007739221974,7.399725371249436,1265,-3.6811389983219094,-3.9498829709291106
10153,323.735,12.933644298991169,2376.2797159673755,179.88951087837367,1973.6192521555479,2543.374600287493,97.7048670613995,67.94381522808612,47.58038469781037,7.399913717410266,1265,-3.681207764299916,-3.9498829709291106
10154,323.745,12.933743613369218,2376.2654234478164,179.88845000427744,1973.6240701674972,2543.3744808158294,97.7048193570754,67.94353801995128,47.50676057740186,7.400102062784993,1265,-3.6812764248069,-3.9498829709291106
10155,323.755,12.933842852321419,2376.2511531011446,179.8873907671618,1973.6288882578847,2543.3743613441306,97.7047716526485,67.94326112719821,47.43313537978161,7.400290407374518,1265,-3.681344980002388,-3.9498829709291106
10156,323.765,12.933942015960715,2376.236904893513,179.88633316446425,1973.6337064265933,2543.3742418723955,97.70472394811885,67.94298454934733,47.359509106732055,7.40047875117974,1265,-3.68141343004567,-3.9498829709291106
10157,323.775,12.934041104399892,2376.222678791119,179.88527719371118,1973.6385246735072,2543.374122400623,97.70467624348645,67.94270828591976,47.28588176003292,7.400667094201559,1265,-3.6814817750957984,-3.9498829709291106
10158,323.78499999999997,12.934140117751593,2376.2084747602157,179.8842228524307,1973.6433429985102,2543.3740029288138,97.70462853875127,67.94243233643734,47.21225334146123,7.400855436440872,1265,-3.6815500153115854,-3.9498829709291106
10159,323.79499999999996,12.934239056128266,2376.1942927671084,179.8831701380727,1973.648161401487,2543.373883456969,97.7045808339133,67.94215670042266,47.13862385279125,7.401043777898573,1265,-3.681618150851603,-3.9498829709291106
10160,323.805,12.934337919642209,2376.180132778149,179.88211904821011,1973.6529798823221,2543.373763985084,97.70453312897256,67.941881377399,47.06499329579458,7.401232118575557,1265,-3.6816861818741877,-3.9498829709291106
10161,323.815,12.934436708405572,2376.1659947597495,179.88106958035928,1973.6577984408993,2543.3736445131626,97.70448542392906,67.94160636689038,46.991361672240096,7.4014204584727175,1265,-3.681754108537439,-3.9498829709291106
10162,323.825,12.9345354225303,2376.1518786783627,179.8800217320292,1973.6626170771037,2543.3735250412033,97.70443771878277,67.94133166842157,46.91772898389398,7.401608797590947,1265,-3.681821930999216,-3.9498829709291106
10163,323.835,12.934634062128199,2376.1377845005027,179.87897550074828,1973.6674357908212,2543.373405569203,97.7043900135337,67.94105728151798,46.8440952325197,7.401797135931133,1265,-3.6818896494171445,-3.9498829709291106
10164,323.84499999999997,12.934732627310913,2376.1237121927247,179.87793088404553,1973.672254581935,2543.373286097164,97.70434230818185,67.94078320570586,46.77046041987805,7.401985473494166,1265,-3.681957263948612,-3.9498829709291106
10165,323.855,12.934831118189914,2376.109661721645,179.8768878794767,1973.6770734503327,2543.3731666250856,97.70429460272723,67.94050944051205,46.69682454772713,7.402173810280935,1265,-3.68202477475077,-3.9498829709291106
10166,323.865,12.934929534876531,2376.095633053926,179.87584648454754,1973.6818923958976,2543.373047152966,97.70424689716982,67.94023598546418,46.62318761782237,7.402362146292325,1265,-3.6820921819805346,-3.9498829709291106
10167,323.875,12.93502787748189,2376.0816261562777,179.87480669682034,1973.6867114185166,2543.372927680805,97.70419919150962,67.93996284009063,46.549549631916484,7.40255048152922,1265,-3.682159485794586,-3.9498829709291106
10168,323.885,12.935126146116975,2376.067640995467,179.87376851387157,1973.6915305180758,2543.3728082086036,97.70415148574665,67.93969000392039,46.475910591759536,7.402738815992503,1265,-3.682226686349368,-3.9498829709291106
10169,323.895,12.935224340892606,2376.0536775383084,179.8727319332103,1973.6963496944595,2543.3726887363605,97.70410377988088,67.93941747648326,46.40227049909892,7.402927149683058,1265,-3.682293783801093,-3.9498829709291106
10170,323.905,12.935322461919451,2376.0397357516676,179.87169695238012,1973.701168947556,2543.372569264076,97.70405607391231,67.93914525730969,46.32862935567935,7.403115482601766,1265,-3.682360778305737,-3.9498829709291106
10171,323.91499999999996,12.935420509308008,2376.0258156024606,179.87066356896727,1973.70598827725,2543.372449791748,97.70400836784097,67.93887334593089,46.25498716324288,7.4033038147495045,1265,-3.6824276700190395,-3.9498829709291106
10172,323.92499999999995,12.935518483168616,2376.0119170576536,179.86963178053955,1973.710807683429,2543.372330319378,97.70396066166681,67.93860174187873,46.181343923528914,7.403492146127154,1265,-3.682494459096511,-3.9498829709291106
10173,323.935,12.93561638361143,2375.9980400842664,179.86860158465927,1973.7156271659794,2543.3722108469624,97.70391295538987,67.93833044468586,46.10769963827418,7.40368047673559,1265,-3.682561145693426,-3.9498829709291106
10174,323.945,12.935714210746458,2375.9841846493637,179.86757297885086,1973.720446724788,2543.372091374505,97.70386524901014,67.93805945388556,46.03405430921276,7.403868806575687,1265,-3.682627729964826,-3.9498829709291106
10175,323.955,12.935811964683543,2375.970350720065,179.86654596074783,1973.725266359742,2543.371971902004,97.70381754252759,67.93778876901186,45.960407938076116,7.404057135648321,1265,-3.6826942120655195,-3.9498829709291106
10176,323.965,12.935909645532389,2375.956538263538,179.86552052788772,1973.7300860707285,2543.371852429457,97.70376983594225,67.93751838959952,45.88676052659303,7.404245463954364,1265,-3.682760592150084,-3.9498829709291106
10177,323.97499999999997,12.936007253402511,2375.9427472470006,179.86449667788204,1973.7349058576347,2543.371732956864,97.70372212925412,67.93724831518394,45.81311207648965,7.4044337914946885,1265,-3.6828268703728635,-3.9498829709291106
10178,323.985,12.936104788403263,2375.9289776377227,179.8634744083122,1973.7397257203477,2543.371613484228,97.70367442246317,67.93697854530127,45.73946258948952,7.404622118270163,1265,-3.6828930468879713,-3.9498829709291106
10179,323.995,12.936202250643854,2375.915229403022,179.8624537166896,1973.744545658756,2543.371494011544,97.70362671556943,67.93670907948837,45.66581206731351,7.404810444281657,1265,-3.682959121849289,-3.9498829709291106
10180,324.005,12.93629964023333,2375.901502510263,179.86143460073018,1973.749365672749,2543.3713745388154,97.70357900857287,67.93643991728275,45.59216051167989,7.404998769530038,1265,-3.683025095410468,-3.9498829709291106
10181,324.015,12.9363969572806,2375.88779692687,179.86041705794855,1973.754185762211,2543.371255066039,97.7035313014735,67.93617105822273,45.5185079243043,7.405187094016172,1265,-3.683090967724928,-3.9498829709291106
10182,324.025,12.936494201894327,2375.874112620305,179.85940108593505,1973.7590059270328,2543.371135593215,97.70348359427132,67.93590250184718,45.44485430689976,7.405375417740926,1265,-3.6831567389458595,-3.9498829709291106
10183,324.03499999999997,12.936591374183095,2375.8604495580907,179.8583866823441,1973.7638261671027,2543.371016120345,97.70343588696633,67.93563424769579,45.371199661176654,7.405563740705161,1265,-3.6832224092262207,-3.9498829709291106
10184,324.04499999999996,12.936688474255325,2375.84680770779,179.85737384473506,1973.7686464823091,2543.370896647426,97.70338817955853,67.9353662953089,45.2975439888428,7.40575206290974,1265,-3.6832879787187434,-3.9498829709291106
10185,324.055,12.936785502219264,2375.833187037025,179.85636257073497,1973.7734668725404,2543.3707771744575,97.70334047204791,67.93509864422754,45.22388729160337,7.4059403843555245,1265,-3.683353447575928,-3.9498829709291106
10186,324.065,12.936882458182945,2375.819587513456,179.85535285797252,1973.7782873376855,2543.3706577014414,97.70329276443448,67.93483129399345,45.15022957116095,7.406128705043373,1265,-3.6834188159500467,-3.9498829709291106
10187,324.075,12.936979342254363,2375.8060091047982,179.85434470405653,1973.7831078776344,2543.370538228376,97.70324505671823,67.93456424414907,45.07657082921551,7.406317024974144,1265,-3.683484083993143,-3.9498829709291106
10188,324.085,12.937076154541218,2375.7924517788224,179.8533381066022,1973.7879284922751,2543.3704187552594,97.70319734889917,67.93429749423754,45.00291106746445,7.406505344148696,1265,-3.683549251857031,-3.9498829709291106
10189,324.09499999999997,12.937172895151154,2375.7789155033374,179.852333063206,1973.792749181498,2543.370299282094,97.70314964097727,67.93403104380265,44.92925028760256,7.406693662567884,1265,-3.6836143196932993,-3.9498829709291106
10190,324.105,12.937269564191615,2375.765400246206,179.85132957156682,1973.7975699451913,2543.370179808878,97.70310193295256,67.93376489238891,44.85558849132204,7.406881980232562,1265,-3.6836792876533067,-3.9498829709291106
10191,324.115,12.937366161769885,2375.7519059753427,179.85032762927233,1973.8023907832462,2543.3700603356115,97.70305422482502,67.93349903954156,44.78192568031252,7.407070297143583,1265,-3.6837441558881854,-3.9498829709291106
10192,324.125,12.937462687993108,2375.738432658708,179.84932723392768,1973.8072116955523,2543.369940862294,97.70300651659466,67.93323348480645,44.70826185626103,7.4072586133018,1265,-3.683808924548842,-3.9498829709291106
10193,324.135,12.93755914296824,2375.7249802643128,179.84832838320472,1973.8120326819992,2543.3698213889224,97.70295880826147,67.9329682277302,44.634597020852055,7.407446928708063,1265,-3.6838735937859544,-3.9498829709291106
10194,324.145,12.937655526802109,2375.7115487602155,179.8473310747471,1973.8168537424772,2543.3697019155,97.70291109982544,67.93270326786003,44.56093117576748,7.40763524336322,1265,-3.683938163749976,-3.9498829709291106
10195,324.155,12.937751839601386,2375.698138114521,179.84633530622895,1973.821674876878,2543.3695824420247,97.70286339128658,67.93243860474395,44.48726432268663,7.407823557268121,1265,-3.684002634591133,-3.9498829709291106
10196,324.16499999999996,12.937848081472541,2375.6847482953904,179.84534107521273,1973.8264960850902,2543.369462968497,97.70281568264491,67.93217423793057,44.413596463286275,7.4080118704236115,1265,-3.684067006459426,-3.9498829709291106
10197,324.17499999999995,12.937944252521962,2375.6713792710275,179.84434837942052,1973.8313173670067,2543.3693434949164,97.7027679739004,67.9319101669692,44.33992759924061,7.408200182830537,1265,-3.684131279504632,-3.9498829709291106
10198,324.185,12.938040352855806,2375.658031009684,179.8433572165396,1973.8361387225164,2543.369224021281,97.70272026505303,67.93164639140988,44.26625773222129,7.408388494489742,1265,-3.684195453876302,-3.9498829709291106
10199,324.195,12.938136382580138,2375.6447034796615,179.84236758415062,1973.8409601515116,2543.3691045475916,97.70267255610285,67.9313829108033,44.19258686389741,7.408576805402069,1265,-3.6842595297237626,-3.9498829709291106
10200,324.205,12.938232341800806,2375.6313966493144,179.84137947994486,1973.8457816538828,2543.368985073847,97.70262484704982,67.93111972470079,44.11891499593551,7.408765115568358,1265,-3.6843235071961153,-3.9498829709291106
10201,324.215,12.938328230623565,2375.6181104870357,179.84039290159686,1973.8506032295227,2543.3688656000472,97.70257713789395,67.93085683265443,44.04524212999959,7.408953424989452,1265,-3.6843873864422387,-3.9498829709291106
10202,324.22499999999997,12.938424049153952,2375.604844961278,179.83940784680254,1973.8554248783225,2543.3687461261934,97.70252942863526,67.93059423421695,43.971568267751124,7.409141733666189,1265,-3.6844511676107876,-3.9498829709291106
10203,324.235,12.938519797497383,2375.5916000405336,179.8384243132142,1973.8602466001728,2543.3686266522823,97.7024817192737,67.9303319289418,43.89789341084903,7.409330041599406,1265,-3.684514850850193,-3.9498829709291106
10204,324.245,12.9386154757591,2375.578375693346,179.83744229848534,1973.8650683949659,2543.3685071783157,97.70243400980931,67.93006991638299,43.824217560949684,7.409518348789941,1265,-3.684578436308665,-3.9498829709291106
10205,324.255,12.938711084044257,2375.565171888308,179.8364618003471,1973.8698902625954,2543.368387704292,97.70238630024207,67.92980819609534,43.75054071970697,7.409706655238628,1265,-3.6846419241341883,-3.9498829709291106
10206,324.265,12.938806622457738,2375.551988594056,179.83548281643277,1973.874712202951,2543.368268230211,97.70233859057197,67.92954676763426,43.67686288877221,7.4098949609463,1265,-3.6847053144745265,-3.9498829709291106
10207,324.275,12.938902091104378,2375.5388257792797,179.83450534445592,1973.8795342159276,2543.3681487560725,97.70229088079904,67.92928563055588,43.60318406979423,7.41008326591379,1265,-3.6847686074772223,-3.9498829709291106
10208,324.28499999999997,12.93899749008881,2375.525683412713,179.83352938213278,1973.8843563014168,2543.3680292818754,97.70224317092324,67.92902478441698,43.52950426441932,7.41027157014193,1265,-3.684831803289595,-3.9498829709291106
10209,324.29499999999996,12.939092819515485,2375.5125614631415,179.83255492709048,1973.8891784593109,2543.3679098076223,97.7021954609446,67.92876422877501,43.45582347429128,7.4104598736315515,1265,-3.684894902058744,-3.9498829709291106
10210,324.305,12.939188079488767,2375.49945989939,179.83158197711185,1973.894000689504,2543.3677903333078,97.7021477508631,67.92850396318813,43.38214170105137,7.41064817638348,1265,-3.6849579039315468,-3.9498829709291106
10211,324.315,12.939283270112817,2375.4863786903416,179.83061052982853,1973.8988229918884,2543.3676708589355,97.70210004067874,67.92824398721511,43.308458946338355,7.410836478398545,1265,-3.6850208090546617,-3.9498829709291106
10212,324.325,12.93937839149164,2375.4733178049196,179.82964058298344,1973.9036453663566,2543.3675513845037,97.70205233039152,67.92798430041543,43.23477521178852,7.4110247796775734,1265,-3.6850836175745254,-3.9498829709291106
10213,324.335,12.939473443729135,2375.4602772120966,179.82867213430265,1973.9084678128027,2543.367431910012,97.70200462000146,67.92772490234923,43.16109049903562,7.4112130802213905,1265,-3.6851463296373552,-3.9498829709291106
10214,324.34499999999997,12.93956842692899,2375.4472568808947,179.82770518145745,1973.9132903311204,2543.36731243546,97.70195690950854,67.92746579257731,43.08740480971093,7.411401380030818,1265,-3.685208945389148,-3.9498829709291106
10215,324.355,12.939663341194802,2375.4342567803797,179.82673972219706,1973.9181129212031,2543.3671929608468,97.70190919891274,67.92720697066115,43.01371814544325,7.4115896791066795,1265,-3.685271464975682,-3.9498829709291106
10216,324.365,12.93975818662996,2375.421276879667,179.82577575421504,1973.922935582946,2543.367073486173,97.70186148821408,67.92694843616286,42.94003050785886,7.411777977449797,1265,-3.6853338885425178,-3.9498829709291106
10217,324.375,12.939852963337717,2375.4083171479188,179.8248132752355,1973.9277583162404,2543.3669540114374,97.70181377741255,67.92669018864527,42.866341898581574,7.4119662750609905,1265,-3.685396216234995,-3.9498829709291106
10218,324.385,12.939947671421185,2375.3953775543437,179.82385228302888,1973.9325811209835,2543.3668345366405,97.70176606650817,67.92643222767182,42.79265231923273,7.412154571941077,1265,-3.685458448198235,-3.9498829709291106
10219,324.395,12.94004231098333,2375.3824580682,179.82289277530913,1973.937403997068,2543.3667150617807,97.70171835550092,67.92617455280666,42.71896177143119,7.412342868090876,1265,-3.685520584577142,-3.9498829709291106
10220,324.405,12.940136882126943,2375.3695586587887,179.82193474979985,1973.9422269443885,2543.3665955868573,97.70167064439079,67.92591716361456,42.64527025679334,7.412531163511203,1265,-3.6855826255164046,-3.9498829709291106
10221,324.41499999999996,12.940231384954673,2375.356679295458,179.82097820420145,1973.94704996284,2543.366476111873,97.70162293317779,67.92566005966096,42.571577776933104,7.412719458202874,1265,-3.68564457116049,-3.9498829709291106
10222,324.42499999999995,12.940325819569027,2375.343819947609,179.82002313629874,1973.9518730523178,2543.3663566368236,97.70157522186193,67.92540324051197,42.497884333461926,7.412907752166701,1265,-3.6857064216536504,-3.9498829709291106
10223,324.435,12.940420186072341,2375.3309805846816,179.81906954382055,1973.9566962127158,2543.3662371617093,97.70152751044319,67.92514670573436,42.42418992798881,7.413096045403497,1265,-3.6857681771399213,-3.9498829709291106
10224,324.445,12.940514484566831,2375.3181611761684,179.8181174245389,1973.9615194439298,2543.366117686531,97.70147979892158,67.92489045489556,42.3504945621203,7.413284337914075,1265,-3.6858298377631216,-3.9498829709291106
10225,324.455,12.940608715154557,2375.3053616916027,179.81716677618965,1973.9663427458563,2543.3659982112895,97.70143208729708,67.92463448756364,42.276798237460476,7.4134726296992435,1265,-3.685891403666855,-3.9498829709291106
10226,324.465,12.940702877937364,2375.2925821005715,179.81621759652057,1973.9711661183887,2543.3658787359823,97.70138437556972,67.92437880330732,42.203100955610964,7.413660920759813,1265,-3.6859528749945074,-3.9498829709291106
10227,324.47499999999997,12.940796973017017,2375.2798223727036,179.81526988325854,1973.9759895614234,2543.3657592606087,97.70133666373945,67.92412340169601,42.129402718170965,7.41384921109659,1265,-3.6860142518892514,-3.9498829709291106
10228,324.485,12.940891000495164,2375.267082477673,179.81432363425,1973.9808130748575,2543.3656397851696,97.70128895180632,67.92386828229972,42.05570352673723,7.41403750071038,1265,-3.6860755344940435,-3.9498829709291106
10229,324.495,12.940984960473191,2375.254362385206,179.81337884719753,1973.985636658585,2543.365520309665,97.70124123977031,67.92361344468917,41.98200338290407,7.414225789601991,1265,-3.686136722951624,-3.9498829709291106
10230,324.505,12.941078853052412,2375.2416620650656,179.81243551987853,1973.9904603125035,2543.3654008340936,97.7011935276314,67.92335888843569,41.90830228826336,7.414414077772224,1265,-3.6861978174045222,-3.9498829709291106
10231,324.515,12.941172678333986,2375.2289814870705,179.81149365006905,1973.9952840365074,2543.3652813584545,97.70114581538962,67.92310461311126,41.83460024440454,7.414602365221883,1265,-3.6862588179950495,-3.9498829709291106
10232,324.525,12.941266436418916,2375.2163206210807,179.81055323557288,1974.0001078304958,2543.3651618827485,97.70109810304494,67.92285061828855,41.76089725291465,7.41479065195177,1265,-3.6863197248653057,-3.9498829709291106
10233,324.53499999999997,12.941360127408029,2375.203679437002,179.80961427408533,1974.004931694364,2543.3650424069738,97.70105039059737,67.92259690354084,41.68719331537827,7.414978937962685,1265,-3.686380538157177,-3.9498829709291106
10234,324.54499999999996,12.94145375140205,2375.191057904787,179.80867676347194,1974.0097556280075,2543.364922931132,97.70100267804692,67.92234346844207,41.61348843337759,7.415167223255426,1265,-3.686441258012336,-3.9498829709291106
10235,324.555,12.941547308501514,2375.1784559944376,179.8077407014917,1974.0145796313261,2543.3648034552198,97.70095496539358,67.92209031256682,41.53978260849236,7.415355507830793,1265,-3.6865018845722397,-3.9498829709291106
10236,324.565,12.941640798806835,2375.165873675993,179.8068060859294,1974.0194037042138,2543.3646839792405,97.70090725263735,67.92183743549032,41.46607584229993,7.415543791689582,1265,-3.686562417978138,-3.9498829709291106
10237,324.575,12.94173422241827,2375.1533109195493,179.805872914611,1974.02422784657,2543.3645645031906,97.70085953977821,67.92158483678845,41.392368136375254,7.4157320748325875,1265,-3.6866228583710643,-3.9498829709291106
10238,324.585,12.941827579435914,2375.140767695236,179.80494118524834,1974.0290520582912,2543.364445027072,97.70081182681616,67.92133251603772,41.318659492290855,7.415920357260604,1265,-3.6866832058918417,-3.9498829709291106
10239,324.59499999999997,12.941920869959768,2375.1282439732395,179.80401089572229,1974.0338763392751,2543.3643255508823,97.70076411375125,67.9210804728153,41.24494991161688,7.416108638974425,1265,-3.686743460681081,-3.9498829709291106
10240,324.605,12.942014094089592,2375.1157397237835,179.80308204380833,1974.0387006894186,2543.3642060746224,97.70071640058342,67.92082870669898,41.17123939592107,7.416296919974843,1265,-3.6868036228791827,-3.9498829709291106
10241,324.615,12.942107251925073,2375.103254917142,179.8021546272866,1974.043525108622,2543.364086598291,97.70066868731269,67.92057721726722,41.09752794676876,7.416485200262646,1265,-3.6868636926263347,-3.9498829709291106
10242,324.625,12.94220034356576,2375.0907895236346,179.80122864399556,1974.048349596781,2543.3639671218884,97.70062097393905,67.9203260040991,41.023815565722906,7.416673479838627,1265,-3.6869236700625154,-3.9498829709291106
10243,324.635,12.942293369110995,2375.0783435136204,179.800304091763,1974.053174153794,2543.3638476454144,97.70057326046252,67.92007506677432,40.95010225434409,7.416861758703572,1265,-3.6869835553274926,-3.9498829709291106
10244,324.645,12.94238632866,2375.0659168575116,179.79938096836577,1974.05799877956,2543.3637281688684,97.70052554688309,67.91982440487325,40.87638801419049,7.417050036858269,1265,-3.6870433485608234,-3.9498829709291106
10245,324.655,12.942479222311862,2375.05350952576,179.7984592716269,1974.062823473977,2543.3636086922493,97.70047783320074,67.9195740179769,40.80267284681791,7.417238314303503,1265,-3.687103049901856,-3.9498829709291106
10246,324.66499999999996,12.942572050165516,2375.0411214888627,179.79753899938166,1974.067648236944,2543.3634892155583,97.7004301194155,67.91932390566687,40.72895675377979,7.417426591040059,1265,-3.6871626594897293,-3.9498829709291106
10247,324.67499999999995,12.94266481231977,2375.028752717365,179.79662014948005,1974.0724730683608,2543.363369738795,97.70038240552734,67.91907406752546,40.65523973662719,7.417614867068721,1265,-3.6872221774633704,-3.9498829709291106
10248,324.685,12.942757508873207,2375.016403181858,179.7957027197125,1974.0772979681235,2543.363250261955,97.70033469153626,67.91882450313554,40.581521796908795,7.41780314239027,1265,-3.6872816039615017,-3.9498829709291106
10249,324.695,12.942850139924397,2375.0040728529716,179.79478670791835,1974.0821229361343,2543.363130785043,97.70028697744226,67.91857521208065,40.50780293617094,7.417991417005488,1265,-3.687340939122635,-3.9498829709291106
10250,324.705,12.942942705571651,2374.9917617013843,179.793872111939,1974.0869479722905,2543.3630113080562,97.70023926324536,67.91832619394498,40.43408315595759,7.418179690915155,1265,-3.6874001830850727,-3.9498829709291106
10251,324.715,12.943035205913157,2374.979469697824,179.79295892962477,1974.0917730764918,2543.362891830995,97.70019154894555,67.91807744831328,40.36036245781035,7.418367964120049,1265,-3.6874593359869112,-3.9498829709291106
10252,324.72499999999997,12.94312764104702,2374.967196813049,179.79204715879604,1974.0965982486384,2543.3627723538584,97.70014383454281,67.91782897477101,40.286640843268486,7.418556236620947,1265,-3.6875183979660386,-3.9498829709291106
10253,324.735,12.94322001107113,2374.954943017885,179.79113679736355,1974.1014234886295,2543.362652876646,97.70009612003716,67.91758077290422,40.2129183138689,7.418744508418628,1265,-3.6875773691601355,-3.9498829709291106
10254,324.745,12.943312316083267,2374.9427082831758,179.7902278430514,1974.1062487963652,2543.3625333993573,97.70004840542859,67.91733284229957,40.139194871146145,7.418932779513866,1265,-3.6876362497066766,-3.9498829709291106
10255,324.755,12.943404556181052,2374.9304925798315,179.78932029380022,1974.1110741717462,2543.3624139219937,97.70000069071709,67.91708518254438,40.06547051663244,7.4191210499074325,1265,-3.6876950397429282,-3.9498829709291106
10256,324.765,12.94349673146198,2374.9182958787947,179.78841414744647,1974.1158996146703,2543.3622944445524,97.69995297590268,67.9168377932266,39.991745251857665,7.419309319600104,1265,-3.687753739405951,-3.9498829709291106
10257,324.775,12.943588842023363,2374.9061181510597,179.7875094018497,1974.1207251250412,2543.362174967034,97.69990526098533,67.91659067393478,39.91801907834937,7.419497588592649,1265,-3.6878123488326002,-3.9498829709291106
10258,324.78499999999997,12.943680887962431,2374.8939593676564,179.7866060549033,1974.1255507027572,2543.362055489439,97.69985754596506,67.91634382425809,39.844291997632745,7.41968585688584,1265,-3.6878708681595245,-3.9498829709291106
10259,324.79499999999996,12.94377286937621,2374.881819499663,179.78570410438445,1974.1303763477192,2543.361936011765,97.69980983084187,67.91609724378635,39.770564011230675,7.419874124480445,1265,-3.6879292975231674,-3.9498829709291106
10260,324.805,12.943864786361624,2374.869698518208,179.78480354826524,1974.1352020598272,2543.361816534015,97.69976211561575,67.91585093210999,39.69683512066373,7.420062391377233,1265,-3.6879876370597673,-3.9498829709291106
10261,324.815,12.943956639015438,2374.8575963944527,179.78390438436273,1974.1400278389845,2543.361697056184,97.69971440028671,67.91560488882007,39.62310532745013,7.420250657576971,1265,-3.6880458869053587,-3.9498829709291106
10262,324.825,12.94404842743426,2374.845513099614,179.78300661050721,1974.1448536850896,2543.361577578275,97.69966668485472,67.91535911350826,39.5493746331058,7.4204389230804235,1265,-3.6881040471957682,-3.9498829709291106
10263,324.835,12.9441401517146,2374.833448604941,179.78211022466257,1974.1496795980456,2543.361458100287,97.69961896931981,67.91511360576682,39.47564303914433,7.420627187888356,1265,-3.6881621180666233,-3.9498829709291106
10264,324.84499999999997,12.944231811952744,2374.821402881737,179.78121522469738,1974.1545055777526,2543.361338622219,97.69957125368197,67.91486836518871,39.40191054707702,7.420815452001532,1265,-3.6882200996533427,-3.9498829709291106
10265,324.855,12.944323408244948,2374.809375901342,179.78032160847073,1974.1593316241126,2543.3612191440716,97.69952353794118,67.91462339136744,39.32817715841285,7.4210037154207145,1265,-3.688277992091145,-3.9498829709291106
10266,324.865,12.94441494068723,2374.797367635145,179.7794293738495,1974.1641577370274,2543.3610996658426,97.69947582209745,67.91437868389714,39.254442874658494,7.4211919781466635,1265,-3.688335795515043,-3.9498829709291106
10267,324.875,12.944506409375503,2374.7853780545724,179.77853851879826,1974.1689839163994,2543.360980187534,97.69942810615078,67.91413424237258,39.18070769731835,7.42138024018014,1265,-3.6883935100598473,-3.9498829709291106
10268,324.885,12.944597814405574,2374.7734071311015,179.7776490411311,1974.1738101621302,2543.3608607091433,97.69938039010118,67.91389006638916,39.106971627894474,7.421568501521901,1265,-3.6884511358601677,-3.9498829709291106
10269,324.895,12.944689155873021,2374.7614548362503,179.77676093874328,1974.1786364741213,2543.360741230672,97.69933267394865,67.91364615554282,39.03323466788666,7.421756762172706,1265,-3.688508673050409,-3.9498829709291106
10270,324.905,12.94478043387335,2374.749521141578,179.77587420958673,1974.1834628522747,2543.3606217521187,97.69928495769317,67.91340250943021,38.959496818792424,7.421945022133309,1265,-3.6885661217647736,-3.9498829709291106
10271,324.91499999999996,12.944871648501907,2374.7376060186866,179.77498885156587,1974.1882892964945,2543.360502273483,97.69923724133473,67.91315912764851,38.88575808210697,7.422133281404469,1265,-3.6886234821372654,-3.9498829709291106
10272,324.92499999999995,12.94496279985392,2374.7257094392276,179.77410486256898,1974.1931158066823,2543.360382794765,97.69918952487335,67.91291600979558,38.81201845932323,7.422321539986938,1265,-3.6886807543016835,-3.9498829709291106
10273,324.935,12.945053888024415,2374.713831374889,179.77322224051233,1974.19794238274,2543.360263315963,97.69914180830904,67.91267315546982,38.73827795193184,7.422509797881469,1265,-3.688737938391627,-3.9498829709291106
10274,324.945,12.94514491310834,2374.701971797407,179.77234098329666,1974.202769024572,2543.360143837079,97.69909409164175,67.9124305642703,38.66453656142119,7.422698055088815,1265,-3.688795034540493,-3.9498829709291106
10275,324.955,12.945235875200483,2374.6901306785594,179.77146108884753,1974.20759573208,2543.3600243581104,97.69904637487153,67.91218823579666,38.59079428927737,7.422886311609726,1265,-3.6888520428814795,-3.9498829709291106
10276,324.965,12.945326774395483,2374.678307990161,179.77058255507657,1974.2124225051687,2543.359904879057,97.69899865799836,67.91194616964918,38.51705113698422,7.423074567444951,1265,-3.6889089635475854,-3.9498829709291106
10277,324.97499999999997,12.945417610787853,2374.6665037040825,179.76970537988973,1974.2172493437406,2543.359785399921,97.69895094102223,67.91170436542872,38.44330710602332,7.42326282259524,1265,-3.688965796671604,-3.9498829709291106
10278,324.985,12.945508384471932,2374.6547177922243,179.76882956128978,1974.2220762476986,2543.3596659207,97.69890322394316,67.91146282273675,38.36956219787396,7.423451077061339,1265,-3.6890225423861365,-3.9498829709291106
10279,324.995,12.945599095541965,2374.642950226542,179.7679550971224,1974.2269032169472,2543.3595464413925,97.69885550676113,67.91122154117537,38.29581641401319,7.423639330843995,1265,-3.6890792008235787,-3.9498829709291106
10280,325.005,12.945689744092029,2374.6312009790217,179.76708198534106,1974.2317302513895,2543.3594269620007,97.69880778947612,67.91098052034722,38.2220697559158,7.423827583943953,1265,-3.68913577211613,-3.9498829709291106
10281,325.015,12.945780330216069,2374.619470021701,179.7662102239138,1974.2365573509296,2543.3593074825226,97.69876007208819,67.91073975985563,38.148322225054336,7.424015836361956,1265,-3.6891922563957897,-3.9498829709291106
10282,325.025,12.945870854007913,2374.607757326659,179.76533981076622,1974.2413845154715,2543.359188002958,97.69871235459728,67.91049925930447,38.07457382289908,7.424204088098748,1265,-3.6892486537943596,-3.9498829709291106
10283,325.03499999999997,12.94596131556123,2374.596062866012,179.76447074381255,1974.24621174492,2543.3590685233066,97.69866463700339,67.91025901829823,38.0008245509181,7.42439233915507,1265,-3.6893049644434432,-3.9498829709291106
10284,325.04499999999996,12.946051714969515,2374.584386611923,179.7636030210436,1974.251039039179,2543.358949043569,97.69861691930657,67.910019036442,37.92707441057718,7.424580589531664,1265,-3.689361188474445,-3.9498829709291106
10285,325.055,12.946142052326193,2374.5727285366,179.76273664031976,1974.2558663981515,2543.3588295637433,97.69856920150679,67.90977931334147,37.8533234033399,7.424768839229268,1265,-3.689417326018572,-3.9498829709291106
10286,325.065,12.94623232772451,2374.561088612291,179.76187159970178,1974.2606938217457,2543.35871008383,97.69852148360401,67.90953984860292,37.77957153066759,7.42495708824862,1265,-3.689473377206835,-3.9498829709291106
10287,325.075,12.946322541257596,2374.5494668112824,179.7610078970972,1974.2655213098633,2543.3585906038293,97.6984737655983,67.90930064183324,37.70581879401935,7.425145336590458,1265,-3.689529342170047,-3.9498829709291106
10288,325.085,12.94641269301841,2374.537863105906,179.7601455304375,1974.27034886241,2543.358471123739,97.6984260474896,67.90906169263991,37.63206519485206,7.425333584255518,1265,-3.689585221038824,-3.9498829709291106
10289,325.09499999999997,12.946502783099811,2374.5262774685416,179.75928449770564,1974.275176479292,2543.358351643561,97.69837832927793,67.90882300063102,37.55831073462037,7.425521831244534,1265,-3.689641013943586,-3.9498829709291106
10290,325.105,12.94659281159449,2374.514709871603,179.75842479690033,1974.280004160413,2543.358232163293,97.6983306109633,67.90858456541521,37.48455541477671,7.425710077558241,1265,-3.6896967210145557,-3.9498829709291106
10291,325.115,12.946682778595035,2374.5031602875465,179.75756642596272,1974.284831905679,2543.358112682937,97.69828289254569,67.90834638660178,37.41079923677128,7.425898323197372,1265,-3.689752342381762,-3.9498829709291106
10292,325.125,12.946772684193848,2374.4916286888774,179.7567093828207,1974.2896597149954,2543.3579932024904,97.69823517402511,67.90810846380057,37.3370422020521,7.426086568162658,1265,-3.6898078781750354,-3.9498829709291106
10293,325.135,12.946862528483255,2374.4801150481367,179.7558536654859,1974.2944875882686,2543.3578737219536,97.69818745540157,67.90787079662205,37.26328431206495,7.426274812454829,1265,-3.689863328524014,-3.9498829709291106
10294,325.145,12.946952311555382,2374.468619337906,179.75499927193556,1974.2993155254032,2543.357754241326,97.69813973667505,67.90763338467723,37.189525568253394,7.426463056074614,1265,-3.6899186935581385,-3.9498829709291106
10295,325.155,12.947042033502274,2374.4571415308174,179.75414620018188,1974.3041435263058,2543.3576347606077,97.69809201784554,67.90739622757776,37.11576597205883,7.426651299022743,1265,-3.689973973406656,-3.9498829709291106
10296,325.16499999999996,12.947131694415818,2374.445681599535,179.7532944481037,1974.3089715908823,2543.3575152797976,97.69804429891305,67.90715932493588,37.04200552492041,7.426839541299942,1265,-3.6900291681986186,-3.9498829709291106
10297,325.17499999999995,12.94722129438774,2374.434239516769,179.75244401379206,1974.3137997190395,2543.357395798896,97.69799657987758,67.90692267636437,36.96824422827514,7.427027782906937,1265,-3.6900842780628844,-3.9498829709291106
10298,325.185,12.947310833509668,2374.4228152552755,179.75159489519265,1974.318627910682,2543.357276317903,97.69794886073913,67.90668628147665,36.894482083557776,7.427216023844453,1265,-3.690139303128118,-3.9498829709291106
10299,325.195,12.947400311873102,2374.4114087878434,179.75074709032575,1974.3234561657193,2543.3571568368175,97.69790114149771,67.9064501398867,36.82071909220093,7.427404264113214,1265,-3.6901942435227904,-3.9498829709291106
10300,325.205,12.947489729569348,2374.400020087312,179.7499005971288,1974.3282844840544,2543.357037355638,97.69785342215329,67.9062142512091,36.74695525563501,7.427592503713942,1265,-3.6902490993751784,-3.9498829709291106
10301,325.215,12.947579086689627,2374.388649126552,179.74905541362332,1974.333112865597,2543.356917874368,97.69780570270589,67.90597861505897,36.673190575288224,7.427780742647361,1265,-3.690303870813367,-3.9498829709291106
10302,325.22499999999997,12.947668383325027,2374.3772958784825,179.74821153785192,1974.3379413102539,2543.3567983930034,97.69775798315551,67.90574323105207,36.599425052586625,7.427968980914189,1265,-3.6903585579652476,-3.9498829709291106
10303,325.235,12.94775761956647,2374.365960316067,179.74736896776693,1974.3427698179298,2543.3566789115443,97.69771026350213,67.90550809880475,36.525658688954074,7.428157218515147,1265,-3.6904131609585193,-3.9498829709291106
10304,325.245,12.947846795504775,2374.3546424123037,179.7465277014016,1974.3475983885348,2543.356559429992,97.69766254374576,67.90527321793388,36.45189148581226,7.428345455450952,1265,-3.69046767992069,-3.9498829709291106
10305,325.255,12.947935911230596,2374.343342140231,179.7456877367353,1974.3524270219743,2543.356439948346,97.6976148238864,67.90503858805695,36.378123444580716,7.428533691722321,1265,-3.6905221149790735,-3.9498829709291106
10306,325.265,12.94802496683448,2374.3320594729344,179.74484907183063,1974.357255718157,2543.356320466604,97.69756710392407,67.90480420879206,36.30435456667678,7.428721927329973,1265,-3.6905764662607936,-3.9498829709291106
10307,325.275,12.948113962406836,2374.320794383538,179.74401170468474,1974.3620844769887,2543.3562009847683,97.69751938385872,67.90457007975783,36.23058485351564,7.428910162274621,1265,-3.6906307338927835,-3.9498829709291106
10308,325.28499999999997,12.948202898037895,2374.3095468452075,179.74317563328782,1974.3669132983796,2543.3560815028354,97.69747166369038,67.9043362005735,36.156814306510334,7.429098396556979,1265,-3.690684918001784,-3.9498829709291106
10309,325.29499999999996,12.948291773817854,2374.2983168311466,179.7423408557164,1974.371742182236,2543.3559620208075,97.69742394341905,67.90410257085885,36.08304292707172,7.42928663017776,1265,-3.690739018714345,-3.9498829709291106
10310,325.305,12.94838058983663,2374.287104314601,179.7415073699195,1974.3765711284673,2543.3558425386836,97.69737622304471,67.90386919023429,36.00927071660854,7.429474863137677,1265,-3.690793036156827,-3.9498829709291106
10311,325.315,12.948469346184163,2374.2759092688607,179.740675173985,1974.38140013698,2543.355723056463,97.69732850256739,67.90363605832076,35.93549767652733,7.429663095437438,1265,-3.6908469704554,-3.9498829709291106
10312,325.325,12.94855804295018,2374.264731667257,179.73984426592875,1974.3862292076833,2543.355603574145,97.69728078198706,67.9034031747398,35.86172380823254,7.429851327077755,1265,-3.6909008217360433,-3.9498829709291106
10313,325.335,12.948646680224236,2374.2535714831497,179.73901464379148,1974.391058340486,2543.355484091731,97.69723306130373,67.90317053911352,35.78794911312642,7.430039558059336,1265,-3.690954590124549,-3.9498829709291106
10314,325.34499999999997,12.948735258095857,2374.242428689958,179.7381863056095,1974.3958875352964,2543.355364609218,97.6971853405174,67.9029381510646,35.71417359260912,7.430227788382889,1265,-3.6910082757465155,-3.9498829709291106
10315,325.355,12.948823776654342,2374.2313032611282,179.7373592493838,1974.4007167920236,2543.3552451266087,97.69713761962805,67.90270601021629,35.64039724807862,7.430416018049119,1265,-3.691061878727357,-3.9498829709291106
10316,325.365,12.948912235988907,2374.220195170151,179.73653347319782,1974.4055461105754,2543.3551256439,97.69708989863571,67.90247411619242,35.5666200809308,7.430604247058732,1265,-3.6911153991922956,-3.9498829709291106
10317,325.375,12.949000636188622,2374.209104390557,179.65353860945527,1974.4103754908626,2543.355006161093,97.69704217754035,67.90224503473796,35.49284209255937,7.430792475412433,1265,-3.6911688372663676,-3.9498829709291106
10318,325.385,12.9490883489086,2374.198210344441,179.65238767294363,1974.4152049327931,2543.354886678187,97.69699445634198,67.90200799798633,35.41906328435595,7.43098070311389,1265,-3.691222188180505,-3.9498829709291106
10319,325.395,12.949178011168991,2374.186760036303,179.65119355505365,1974.4200344363528,2543.354767195182,97.69694673504061,67.9017829900601,35.34528365654821,7.431168930144845,1265,-3.691275483391908,-3.9498829709291106
10320,325.405,12.949264728871416,2374.1761509515354,179.65005937221898,1974.4248640009614,2543.3546477120763,97.69689901363624,67.90155824691256,35.27150321799512,7.4313571565635534,1265,-3.6913286277233617,-3.9498829709291106
10321,325.41499999999996,12.949351382996646,2374.1655604331618,179.64892439442363,1974.429693628029,2543.3545282288746,97.69685129212884,67.90133378081545,35.1977219471706,7.4315453822836295,1265,-3.691381766234299,-3.9498829709291106
10322,325.42499999999995,12.949437970520796,2374.154989336706,179.6477886667922,1974.4345233151344,2543.354408745569,97.69680357051844,67.90110958299049,35.12393988106443,7.431733607368303,1265,-3.6914347930912244,-3.9498829709291106
10323,325.435,12.949524493602501,2374.1444370500903,179.64665212574752,1974.43935306402,2543.354289262163,97.69675584880503,67.900885652409,35.05015699305431,7.431921831818335,1265,-3.6914877121300504,-3.9498829709291106
10324,325.445,12.94961095248843,2374.1339035008787,179.64551474743953,1974.4441828742756,2543.354169778658,97.69670812698858,67.90066198942655,34.97637328942197,7.432110055634498,1265,-3.691540520640734,-3.9498829709291106
10325,325.455,12.949697347089826,2374.1233887140183,179.64437651496837,1974.4490127460422,2543.3540502950527,97.69666040506914,67.90043859371202,34.90258876801297,7.4322982788175596,1265,-3.691593219157167,-3.9498829709291106
10326,325.465,12.949783677484378,2374.112892666151,179.64323740774023,1974.453842679187,2543.353930811349,97.69661268304665,67.90021546497387,34.82880343086312,7.432486501368285,1265,-3.6916458080552785,-3.9498829709291106
10327,325.47499999999997,12.949869943740131,2374.1024153366984,179.64209740509682,1974.458672673591,2543.3538113275436,97.69656496092118,67.89999260290246,34.755017279787666,7.4326747232874375,1265,-3.6916982877936526,-3.9498829709291106
10328,325.485,12.949956145929496,2374.091956703811,179.64095648620346,1974.4635027291285,2543.353691843638,97.69651723869265,67.89977000719207,34.68123031671551,7.432862944575783,1265,-3.691750658821759,-3.9498829709291106
10329,325.495,12.950042284123999,2374.0815167459145,179.6398146298568,1974.4683328456742,2543.353572359631,97.69646951636112,67.89954767753956,34.60744254356169,7.433051165234084,1265,-3.6918029215858117,-3.9498829709291106
10330,325.505,12.95012835839454,2374.07109544161,179.6386718148221,1974.473163023105,2543.3534528755213,97.69642179392655,67.89932561364482,34.53365396223558,7.4332393852631045,1265,-3.691855076526377,-3.9498829709291106
10331,325.515,12.950214368811215,2374.0606927697204,179.63752801959845,1974.477993261293,2543.353333391311,97.69637407138897,67.89910381521085,34.45986457463759,7.4334276046636045,1265,-3.6919071240785892,-3.9498829709291106
10332,325.525,12.950300315443483,2374.050308709284,179.6363832225471,1974.4828235601185,2543.353213906997,97.69632634874836,67.89888228194374,34.38607438265942,7.433615823436346,1265,-3.69195906467215,-3.9498829709291106
10333,325.53499999999997,12.950386198359936,2374.0399432395516,179.63523740173665,1974.4876539194577,2543.3530944225795,97.69627862600471,67.89866101355265,34.31228338818411,7.43380404158209,1265,-3.6920108987314064,-3.9498829709291106
10334,325.54499999999996,12.950472017628497,2374.029596339994,179.63409053507513,1974.4924843391866,2543.352974938059,97.69623090315805,67.89844000974985,34.23849159308615,7.433992259101594,1265,-3.692062626675417,-3.9498829709291106
10335,325.555,12.950557773316314,2374.019267990298,179.63294260031466,1974.4973148191834,2543.3528554534355,97.69618318020835,67.8982192702506,34.164698999231575,7.434180475995617,1265,-3.692114248918023,-3.9498829709291106
10336,325.565,12.950643465489827,2374.008958170366,179.63179357492152,1974.5021453593286,2543.3527359687064,97.69613545715563,67.89799879477334,34.09090560847808,7.434368692264915,1265,-3.692165765867913,-3.9498829709291106
10337,325.575,12.950729094214694,2373.998666860313,179.63064343622358,1974.5069759595,2543.3526164838713,97.69608773399986,67.8977785830395,34.01711142267513,7.434556907910245,1265,-3.692217177928693,-3.9498829709291106
10338,325.585,12.950814659555839,2373.9883940404757,179.62949216123832,1974.5118066195776,2543.3524969989317,97.69604001074107,67.8975586347736,33.943316443664024,7.4347451229323624,1265,-3.692268485498949,-3.9498829709291106
10339,325.59499999999997,12.95090016157748,2373.978139691401,179.62833972690774,1974.5166373394427,2543.352377513887,97.69599228737924,67.89733894970324,33.86952067327806,7.434933337332023,1265,-3.6923196889723133,-3.9498829709291106
10340,325.605,12.950985600343046,2373.967903793851,179.627186109793,1974.5214681189734,2543.352258028734,97.69594456391437,67.89711952755904,33.79572411334259,7.435121551109978,1265,-3.6923707887375294,-3.9498829709291106
10341,325.615,12.951070975915226,2373.957686328805,179.62603128639643,1974.5262989580538,2543.352138543475,97.69589684034645,67.89690036807474,33.72192676567513,7.4353097642669805,1265,-3.6924217851785106,-3.9498829709291106
10342,325.625,12.951156288356003,2373.9474872774585,179.6248752328763,1974.5311298565641,2543.3520190581085,97.6958491166755,67.89668147098709,33.64812863208545,7.435497976803783,1265,-3.6924726786744064,-3.9498829709291106
10343,325.635,12.951241537726627,2373.9373066212147,179.62371792512792,1974.5359608143883,2543.3518995726345,97.69580139290152,67.89646283603595,33.5743297143757,7.435686188721139,1265,-3.692523469599659,-3.9498829709291106
10344,325.645,12.951326724087561,2373.9271443417038,179.62255933900087,1974.540791831407,2543.3517800870527,97.69575366902447,67.89624446296419,33.50053001434047,7.435874400019795,1265,-3.6925741583240654,-3.9498829709291106
10345,325.655,12.951411847498528,2373.9170004207567,179.62139944989218,1974.5456229075044,2543.3516606013627,97.69570594504441,67.8960263515178,33.42672953376689,7.436062610700504,1265,-3.6926247452128385,-3.9498829709291106
10346,325.66499999999996,12.951496908018562,2373.9068748404325,179.62023823312822,1974.5504540425643,2543.351541115563,97.69565822096129,67.8958085014458,33.352928274434746,7.436250820764012,1265,-3.6926752306266573,-3.9498829709291106
10347,325.67499999999995,12.951581905705904,2373.8967675829986,179.61907566369013,1974.5552852364717,2543.351421629654,97.69561049677513,67.89559091250028,33.27912623811655,7.436439030211068,1265,-3.6927256149217333,-3.9498829709291106
10348,325.685,12.95166684061806,2373.886678630939,179.61791171636216,1974.5601164891098,2543.3513021436343,97.69556277248593,67.8953735844364,33.205323426577635,7.43662723904242,1265,-3.692775898449859,-3.9498829709291106
10349,325.695,12.951751712811813,2373.8766079669517,179.6167463656506,1974.5649478003643,2543.3511826575054,97.69551504809367,67.89515651701241,33.13151984157625,7.436815447258813,1265,-3.6928260815584677,-3.9498829709291106
10350,325.705,12.951836522343196,2373.866555573951,179.61557958576685,1974.5697791701218,2543.351063171267,97.69546732359835,67.89493970998963,33.057715484863635,7.437003654860993,1265,-3.6928761645906856,-3.9498829709291106
10351,325.715,12.951921269267475,2373.8565214350697,179.6144113508654,1974.574610598267,2543.350943684915,97.69541959899999,67.89472316313245,32.98391035818413,7.437191861849705,1265,-3.692926147885386,-3.9498829709291106
10352,325.72499999999997,12.952005953639205,2373.846505533658,179.61324163462612,1974.5794420846873,2543.350824198452,97.69537187429857,67.89450687620835,32.910104463275225,7.437380068225693,1265,-3.692976031777243,-3.9498829709291106
10353,325.735,12.95209057551216,2373.8365078532725,179.61207041047354,1974.5842736292695,2543.3507047118774,97.69532414949411,67.89429084898792,32.83629780186767,7.4375682739897,1265,-3.6930258165967778,-3.9498829709291106
10354,325.745,12.952175134939358,2373.8265283776987,179.61089765172554,1974.5891052319005,2543.35058522519,97.69527642458661,67.89407508124478,32.76249037568559,7.437756479142469,1265,-3.6930755026704176,-3.9498829709291106
10355,325.755,12.952259631973146,2373.8165670909348,179.60972333127265,1974.5939368924694,2543.3504657383896,97.69522869957603,67.89385957275573,32.688682186446464,7.4379446836847425,1265,-3.6931250903205397,-3.9498829709291106
10356,325.765,12.952344066665008,2373.806623977189,179.60854742183042,1974.5987686108622,2543.350346251477,97.69518097446239,67.8936443233006,32.614873235861324,7.43813288761726,1265,-3.6931745798655236,-3.9498829709291106
10357,325.775,12.952428439065768,2373.7966990208984,179.6073698957264,1974.6036003869697,2543.350226764449,97.69513324924571,67.89342933266244,32.54106352563477,7.4383210909407635,1265,-3.6932239716197977,-3.9498829709291106
10358,325.78499999999997,12.952512749225415,2373.7867922067185,179.60619072515982,1974.6084322206807,2543.350107277308,97.69508552392597,67.89321460062727,32.467253057465065,7.438509293655993,1265,-3.6932732658938896,-3.9498829709291106
10359,325.79499999999996,12.952596997193229,2373.7769035195097,179.60500988190228,1974.613264111883,2543.3499877900517,97.69503779850317,67.89300012698436,32.393441833044214,7.4386974957636856,1265,-3.6933224629944688,-3.9498829709291106
10360,325.805,12.952681183017756,2373.767032944367,179.60382733753292,1974.618096060468,2543.3498683026814,97.69499007297728,67.89278591152603,32.31962985405803,7.438885697264582,1265,-3.693371563224397,-3.9498829709291106
10361,325.815,12.95276530674677,2373.757180466597,179.60264306328324,1974.622928066327,2543.349748815196,97.69494234734836,67.89257195404782,32.24581712218622,7.439073898159419,1265,-3.6934205668827707,-3.9498829709291106
10362,325.825,12.952849368427172,2373.747346071731,179.60145703007115,1974.6277601293475,2543.349629327594,97.69489462161637,67.89235825434837,32.172003639102456,7.439262098448934,1265,-3.6934694742649663,-3.9498829709291106
10363,325.835,12.952933368105274,2373.7375297455183,179.60026920853662,1974.6325922494232,2543.349509839876,97.69484689578131,67.89214481222947,32.09818940647447,7.4394502981338615,1265,-3.6935182856626865,-3.9498829709291106
10364,325.84499999999997,12.953017305826492,2373.7277314739285,179.5990795690452,1974.6374244264448,2543.349390352041,97.69479916984318,67.89193162749612,32.024374425964076,7.43963849721494,1265,-3.693567001363998,-3.9498829709291106
10365,325.855,12.953101181635557,2373.717951243159,179.59788808159234,1974.6422566603042,2543.3492708640897,97.69475144380199,67.89171869995647,31.95055869922732,7.439826695692904,1265,-3.69361562165338,-3.9498829709291106
10366,325.865,12.953184995576372,2373.7081890396285,179.59669471589356,1974.6470889508946,2543.34915137602,97.69470371765772,67.89150602942189,31.87674222791446,7.440014893568487,1265,-3.6936641468117624,-3.9498829709291106
10367,325.875,12.953268747692048,2373.6984448499716,179.59549944127204,1974.6519212981066,2543.349031887834,97.69465599141037,67.8912936157069,31.802925013670116,7.440203090842425,1265,-3.693712577116566,-3.9498829709291106
10368,325.885,12.953352438025005,2373.6887186610593,179.5943022268953,1974.6567537018336,2543.3489123995287,97.69460826505997,67.89108145862926,31.72910705813329,7.44039128751545,1265,-3.693760912841747,-3.9498829709291106
10369,325.895,12.953436066616792,2373.67901045998,179.59310304142332,1974.6615861619698,2543.3487929111043,97.6945605386065,67.89086955801,31.655288362937462,7.440579483588294,1265,-3.6938091542578304,-3.9498829709291106
10370,325.905,12.953519633508252,2373.6693202340493,179.59190185323223,1974.666418678409,2543.3486734225626,97.69451281204992,67.8906579136733,31.581468929710642,7.4407676790616915,1265,-3.693857301631955,-3.9498829709291106
10371,325.91499999999996,12.953603138739336,2373.6596479708132,179.59069863042083,1974.6712512510444,2543.348553933901,97.6944650853903,67.89044652544666,31.50764876007544,7.440955873936373,1265,-3.693905355227908,-3.9498829709291106
10372,325.92499999999995,12.953686582349317,2373.6499936580435,179.58949334065449,1974.67608387977,2543.348434445119,97.69441735862759,67.89023539316082,31.43382785564914,7.441144068213069,1265,-3.6939533153061643,-3.9498829709291106
10373,325.935,12.953769964376635,2373.64035728374,179.5882859512975,1974.6809165644827,2543.3483149562167,97.69436963176182,67.89002451664979,31.36000621804376,7.441332261892511,1265,-3.6940011821239227,-3.9498829709291106
10374,325.945,12.953853284858932,2373.6307388361342,179.58707642935846,1974.6857493050743,2543.3481954671934,97.69432190479296,67.88981389575086,31.286183848866116,7.4415204549754295,1265,-3.694048955935142,-3.9498829709291106
10375,325.955,12.95393654383303,2373.621138303685,179.58586474149268,1974.6905821014436,2543.3480759780496,97.69427417772101,67.88960353030467,31.212360749717874,7.441708647462551,1265,-3.6940966369905754,-3.9498829709291106
10376,325.965,12.954019741334948,2373.6115556750838,179.58465085395983,1974.6954149534845,2543.3479564887857,97.694226450546,67.88939342015514,31.138536922195648,7.441896839354608,1265,-3.6941442255378107,-3.9498829709291106
10377,325.97499999999997,12.954102877399928,2373.6019909392617,179.58343473264415,1974.7002478610925,2543.347836999398,97.69417872326788,67.88918356514957,31.064712367891026,7.442085030652327,1265,-3.694191721821297,-3.9498829709291106
10378,325.985,12.95418595206239,2373.592444085374,179.5822163431342,1974.7050808241654,2543.34771750989,97.6941309958867,67.88897396513858,30.990887088390654,7.442273221356437,1265,-3.694239126082386,-3.9498829709291106
10379,325.995,12.95426896535591,2373.5829151028174,179.5809956505439,1974.7099138425983,2543.3475980202575,97.69408326840244,67.88876461997614,30.917061085276277,7.442461411467665,1265,-3.6942864385593603,-3.9498829709291106
10380,326.005,12.954351917313307,2373.573403981226,179.57977261958516,1974.7147469162903,2543.3474785305043,97.69403554081507,67.88855552951969,30.843234360124814,7.442649600986737,1265,-3.6943336594874685,-3.9498829709291106
10381,326.015,12.954434807966475,2373.563910710465,179.5785472147211,1974.719580045137,2543.3473590406256,97.69398781312462,67.88834669362998,30.769406914508426,7.442837789914382,1265,-3.694380789098955,-3.9498829709291106
10382,326.025,12.954517637346608,2373.5544352806414,179.5773193997989,1974.7244132290361,2543.347239550624,97.69394008533109,67.88813811217128,30.69557874999455,7.443025978251324,1265,-3.694427827623091,-3.9498829709291106
10383,326.03499999999997,12.954600405483946,2373.544977682106,179.5760891385181,1974.729246467887,2543.3471200604995,97.69389235743446,67.8879297850112,30.62174986814597,7.443214165998289,1265,-3.6944747752862117,-3.9498829709291106
10384,326.04499999999996,12.95468311240796,2373.5355379054454,179.5748563939781,1974.7340797615857,2543.347000570249,97.69384462943475,67.88772171202092,30.547920270520883,7.443402353156004,1265,-3.694521632311739,-3.9498829709291106
10385,326.055,12.95476575814725,2373.526115941492,179.57362112886898,1974.7389131100338,2543.346881079874,97.69379690133194,67.88751389307504,30.474089958672934,7.44359053972519,1265,-3.6945683989202136,-3.9498829709291106
10386,326.065,12.954848342729584,2373.5167117813257,179.57238330553133,1974.7437465131268,2543.3467615893733,97.69374917312605,67.88730632805166,30.400258934151296,7.443778725706574,1265,-3.694615075329325,-3.9498829709291106
10387,326.075,12.954930866181845,2373.5073254162635,179.571142885883,1974.7485799707654,2543.346642098749,97.69370144481707,67.88709901683247,30.326427198500703,7.44396691110088,1265,-3.6946616617539427,-3.9498829709291106
10388,326.085,12.955013328530125,2373.497956837875,179.5698998313557,1974.7534134828495,2543.3465226079966,97.69365371640498,67.88689195930262,30.252594753261533,7.44415509590883,1265,-3.694708158406135,-3.9498829709291106
10389,326.09499999999997,12.955095729799577,2373.4886060379786,179.56865410294458,1974.7582470492782,2543.3464031171184,97.69360598788978,67.8866851553509,30.178761599969825,7.444343280131148,1265,-3.694754565495208,-3.9498829709291106
10390,326.105,12.955178070014549,2373.479273008643,179.5674056612163,1974.7630806699508,2543.3462836261137,97.69355825927151,67.88647860486967,30.10492774015736,7.444531463768558,1265,-3.6948008832277264,-3.9498829709291106
10391,326.115,12.955260349198422,2373.4699577421857,179.56615446630488,1974.7679143447692,2543.3461641349813,97.69351053055013,67.88627230775488,30.031093175351714,7.444719646821781,1265,-3.69484711180754,-3.9498829709291106
10392,326.125,12.955342567373792,2373.4606602311824,179.5649004778185,1974.7727480736319,2543.346044643722,97.69346280172564,67.88606626390616,29.95725790707629,7.444907829291539,1265,-3.6948932514358104,-3.9498829709291106
10393,326.135,12.95542472456233,2373.451380468459,179.56364365488568,1974.777581856441,2543.345925152335,97.69341507279806,67.8858604732268,29.883421936850397,7.445096011178554,1265,-3.6949393023110373,-3.9498829709291106
10394,326.145,12.95550682078482,2373.4421184470993,179.56238395630763,1974.7824156930974,2543.3458056608188,97.69336734376738,67.88565493562375,29.809585266189263,7.4452841924835464,1265,-3.6949852646290826,-3.9498829709291106
10395,326.155,12.955588856061132,2373.432874160446,179.56112134023672,1974.7872495835031,2543.345686169175,97.6933196146336,67.88544965100772,29.735747896604142,7.445472373207239,1265,-3.6950311385831935,-3.9498829709291106
10396,326.16499999999996,12.955670830410225,2373.4236476021038,179.55985576445454,1974.7920835275575,2543.3455666774025,97.69327188539671,67.8852446192931,29.6619098296023,7.4456605533503515,1265,-3.6950769243640296,-3.9498829709291106
10397,326.17499999999995,12.955752743850168,2373.4144387659403,179.55858718608388,1974.796917525164,2543.3454471854993,97.69322415605671,67.88503984039815,29.58807106668711,7.445848732913603,1265,-3.6951226221596833,-3.9498829709291106
10398,326.185,12.95583459639811,2373.4052476460847,179.5573155619207,1974.8017515762242,2543.345327693467,97.69317642661362,67.8848353142448,29.514231609358088,7.446036911897717,1265,-3.6951682321557033,-3.9498829709291106
10399,326.195,12.955916388070271,2373.3960742369313,179.5560408481459,1974.8065856806413,2543.345208201305,97.6931286970674,67.88463104075892,29.440391459110934,7.446225090303409,1265,-3.69521375453512,-3.9498829709291106
10400,326.205,12.955998118881881,2373.3869185331455,179.55476300047482,1974.8114198383162,2543.3450887090125,97.69308096741808,67.88442701987017,29.36655061743759,7.446413268131402,1265,-3.6952591894784614,-3.9498829709291106
10401,326.215,12.956079788847353,2373.377780529659,179.5534819740587,1974.816254049153,2543.3449692165887,97.69303323766565,67.88422325151213,29.292709085826278,7.446601445382414,1265,-3.6953045371637803,-3.9498829709291106
10402,326.22499999999997,12.956161397980027,2373.368660221681,179.55219772349088,1974.8210883130541,2543.3448497240342,97.69298550781012,67.88401973562225,29.21886686576157,7.446789622057164,1265,-3.6953497977666734,-3.9498829709291106
10403,326.235,12.956242946292369,2373.3595576046905,179.5509102028731,1974.8259226299233,2543.3447302313484,97.69293777785145,67.88381647214197,29.14502395872439,7.446977798156372,1265,-3.6953949714603005,-3.9498829709291106
10404,326.245,12.956324433795833,2373.3504726744422,179.54961936571686,1974.8307569996643,2543.3446107385294,97.69289004778969,67.8836134610167,29.071180366192113,7.447165973680755,1265,-3.6954400584154055,-3.9498829709291106
10405,326.255,12.95640586050096,2373.341405426977,179.54832516501526,1974.83559142218,2543.34449124558,97.6928423176248,67.88341070219582,28.99733608963856,7.447354148631031,1265,-3.6954850588003367,-3.9498829709291106
10406,326.265,12.956487226417222,2373.332355858604,179.5470275530978,1974.840425897375,2543.3443717524956,97.6927945873568,67.8832081956328,28.92349113053408,7.447542323007919,1265,-3.695529972781066,-3.9498829709291106
10407,326.275,12.956568531553193,2373.323323965925,179.545726481832,1974.8452604251536,2543.34425225928,97.69274685698568,67.88300594128519,28.84964549034559,7.447730496812138,1265,-3.695574800521203,-3.9498829709291106
10408,326.28499999999997,12.956649775916405,2373.314309745829,179.544421902426,1974.8500950054186,2543.34413276593,97.69269912651146,67.8828039391146,28.775799170536597,7.4479186700444036,1265,-3.695619542182022,-3.9498829709291106
10409,326.29499999999996,12.956730959513393,2373.3053131954834,179.54311376548233,1974.8549296380763,2543.344013272447,97.69265139593409,67.88260218908682,28.701952172567264,7.448106842705435,1265,-3.695664197922473,-3.9498829709291106
10410,326.305,12.956812082349725,2373.29633431235,179.54180202104726,1974.8597643230326,2543.3438937788305,97.69260366525361,67.88240069117184,28.628104497894444,7.448295014795949,1265,-3.6957087678992004,-3.9498829709291106
10411,326.315,12.956893144429852,2373.2873730941906,179.54048661851442,1974.8645990601897,2543.3437742850783,97.69255593447002,67.88219944534382,28.55425614797172,7.448483186316664,1265,-3.695753252266561,-3.9498829709291106
10412,326.325,12.956974145757272,2373.2784295390484,179.5391675066713,1974.8694338494545,2543.3436547911924,97.69250820358332,67.8819984515812,28.480407124249453,7.448671357268297,1265,-3.69579765117664,-3.9498829709291106
10413,326.335,12.957055086334428,2373.2695036452797,179.5378446336292,1974.874268690733,2543.343535297171,97.69246047259347,67.88179770986672,28.406557428174832,7.448859527651562,1265,-3.695841964779266,-3.9498829709291106
10414,326.34499999999997,12.957135966162706,2373.2605954115284,179.53651794688622,1974.8791035839301,2543.343415803013,97.6924127415005,67.88159722018744,28.332707061191897,7.449047697467179,1265,-3.6958861932220297,-3.9498829709291106
10415,326.355,12.957216785242409,2373.2517048367504,179.53518739333236,1974.8839385289507,2543.343296308721,97.69236501030443,67.88139698253482,28.258856024741597,7.449235866715866,1265,-3.6959303366502962,-3.9498829709291106
10416,326.365,12.957297543572832,2373.2428319202045,179.533852919127,1974.8887735257028,2543.3431768142914,97.69231727900521,67.88119699690469,28.185004320261807,7.449424035398336,1265,-3.69597439520722,-3.9498829709291106
10417,326.375,12.957378241152147,2373.2339766614596,179.53251446968545,1974.8936085740918,2543.343057319726,97.69226954760286,67.88099726329737,28.111151949187413,7.449612203515308,1265,-3.696018369033759,-3.9498829709291106
10418,326.385,12.957458877977457,2373.2251390603933,179.5311719899167,1974.898443674025,2543.3429378250235,97.69222181609737,67.88079778171765,28.0372989129503,7.449800371067499,1265,-3.6960622582686926,-3.9498829709291106
10419,326.395,12.957539454044719,2373.216319117204,179.52982542389373,1974.903278825407,2543.342818330184,97.69217408448878,67.88059855217486,27.963445212979426,7.449988538055623,1265,-3.6961060630486298,-3.9498829709291106
10420,326.405,12.957619969348864,2373.207516832399,179.52847471500394,1974.9081140281462,2543.3426988352066,97.69212635277704,67.88039957468295,27.889590850700856,7.4501767044804,1265,-3.6961497835080257,-3.9498829709291106
10421,326.41499999999996,12.957700423883619,2373.198732206816,179.52711980597525,1974.9129492821503,2543.342579340091,97.69207862096218,67.88020084926045,27.81573582753779,7.450364870342544,1265,-3.6961934197791924,-3.9498829709291106
10422,326.42499999999995,12.957780817641643,2373.1899652416105,179.52576063869606,1974.9177845873248,2543.342459844838,97.69203088904416,67.88000237593056,27.74188014491062,7.450553035642773,1265,-3.6962369719923127,-3.9498829709291106
10423,326.435,12.95786115061442,2373.181215938265,179.5243971544354,1974.9226199435784,2543.342340349445,97.69198315702303,67.87980415472123,27.668023804236945,7.4507412003818025,1265,-3.6962804402754528,-3.9498829709291106
10424,326.445,12.957941422792299,2373.172484298597,179.52302929360255,1974.9274553508185,2543.3422208539137,97.69193542489876,67.8796061856652,27.594166806931632,7.450929364560349,1265,-3.696323824754568,-3.9498829709291106
10425,326.455,12.95802163416442,2373.1637703247497,179.52165699585038,1974.9322908089523,2543.342101358244,97.69188769267136,67.87940846879994,27.520309154406842,7.451117528179131,1265,-3.6963671255535235,-3.9498829709291106
10426,326.465,12.958101784718817,2373.155074019215,179.52028020014586,1974.937126317888,2543.341981862432,97.69183996034081,67.87921100416786,27.44645084807206,7.451305691238862,1265,-3.6964103427940964,-3.9498829709291106
10427,326.47499999999997,12.95818187444224,2373.146395384815,179.5188988445703,1974.9419618775335,2543.341862366482,97.69179222790713,67.87901379181623,27.372591889334156,7.451493853740261,1265,-3.6964534765959924,-3.9498829709291106
10428,326.485,12.958261903320349,2373.1377344247185,179.51751286643346,1974.946797487798,2543.341742870391,97.69174449537029,67.87881683179734,27.2987322795974,7.451682015684043,1265,-3.6964965270768504,-3.9498829709291106
10429,326.495,12.9583418713375,2373.129091142442,179.51612220216907,1974.9516331485886,2543.341623374161,97.69169676273033,67.87862012416845,27.224872020263504,7.451870177070927,1265,-3.696539494352257,-3.9498829709291106
10430,326.505,12.958421778476865,2373.120465541855,179.51472678752293,1974.9564688598155,2543.3415038777875,97.69164902998722,67.8784236689919,27.15101111273167,7.452058337901628,1265,-3.69658237853575,-3.9498829709291106
10431,326.515,12.958501624720355,2373.1118576271815,179.5133265572268,1974.9613046213854,2543.3413843812737,97.69160129714096,67.87822746633516,27.077149558398613,7.452246498176863,1265,-3.696625179738835,-3.9498829709291106
10432,326.525,12.958581410048646,2373.1032674030002,179.51192144523193,1974.966140433209,2543.3412648846174,97.69155356419155,67.87803151627087,27.003287358658596,7.452434657897351,1265,-3.696667898070985,-3.9498829709291106
10433,326.53499999999997,12.95866113444112,2373.094694874255,179.51051138465516,1974.9709762951957,2543.3411453878202,97.69150583113903,67.8778358188769,26.929424514903484,7.452622817063808,1265,-3.696710533639656,-3.9498829709291106
10434,326.54499999999996,12.958740797875897,2373.0861400462572,179.50909630762678,1974.9758122072526,2543.3410258908807,97.69145809798334,67.87764037423644,26.855561028522757,7.452810975676951,1265,-3.6967530865502884,-3.9498829709291106
10435,326.555,12.958820400329817,2373.077602924685,179.50767614545208,1974.980648169291,2543.3409063937966,97.6914103647245,67.877445182438,26.781696900903555,7.452999133737499,1265,-3.6967955569063213,-3.9498829709291106
10436,326.565,12.958899941778391,2373.0690835155956,179.50625082853307,1974.9854841812203,2543.34078689657,97.69136263136252,67.87725024357549,26.707832133430717,7.453187291246169,1265,-3.69683794480919,-3.9498829709291106
10437,326.575,12.958979422195782,2373.0605818254217,179.50482028625538,1974.990320242949,2543.3406673992,97.6913148978974,67.87705555774832,26.63396672748681,7.453375448203678,1265,-3.6968802503583427,-3.9498829709291106
10438,326.585,12.959058841554858,2373.05209786098,179.50338444706333,1974.995156354388,2543.3405479016883,97.6912671643291,67.87686112506141,26.560100684452163,7.453563604610746,1265,-3.69692247365124,-3.9498829709291106
10439,326.59499999999997,12.959138199827118,2373.043631629469,179.50194323855416,1974.9999925154468,2543.3404284040303,97.69121943065767,67.87666694562527,26.486234005704908,7.453751760468091,1265,-3.6969646147833606,-3.9498829709291106
10440,326.605,12.959217496982683,2373.035183138486,179.50049658724384,1975.0048287260356,2543.340308906228,97.69117169688309,67.87647301955607,26.41236669262101,7.453939915776431,1265,-3.6970066738482115,-3.9498829709291106
10441,326.615,12.959296732990277,2373.026752396023,179.49904441863328,1975.0096649860643,2543.3401894082817,97.69112396300534,67.87627934697572,26.3384987465743,7.454128070536485,1265,-3.6970486509373277,-3.9498829709291106
10442,326.625,12.959375907817261,2373.0183394104683,179.49758665726242,1975.0145012954447,2543.3400699101894,97.69107622902443,67.87608592801189,26.264630168936502,7.454316224748974,1265,-3.6970905461402817,-3.9498829709291106
10443,326.635,12.959455021429546,2373.009944190615,179.49612322668088,1975.0193376540865,2543.3399504119516,97.69102849494038,67.8758927627981,26.190760961077284,7.454504378414615,1265,-3.697132359544682,-3.9498829709291106
10444,326.645,12.959534073791612,2373.001566745671,179.4946540492722,1975.0241740618997,2543.339830913568,97.69098076075316,67.87569985147385,26.116891124364276,7.454692531534129,1265,-3.6971740912361817,-3.9498829709291106
10445,326.655,12.959613064866497,2372.9932070852556,179.4931790464456,1975.0290105187953,2543.3397114150384,97.69093302646279,67.87550719418458,26.043020660163112,7.454880684108238,1265,-3.697215741298482,-3.9498829709291106
10446,326.66499999999996,12.959691994615769,2372.984865219407,179.49169813849392,1975.0338470246859,2543.3395919163627,97.69088529206927,67.87531479108178,25.96914956983746,7.45506883613766,1265,-3.697257309813331,-3.9498829709291106
10447,326.67499999999995,12.959770862999525,2372.9765411585904,179.49021124463115,1975.0386835794804,2543.3394724175405,97.69083755757258,67.87512264232312,25.895277854749047,7.455256987623116,1265,-3.6972987968605326,-3.9498829709291106
10448,326.685,12.959849669976293,2372.968234913696,179.488718282918,1975.043520183091,2543.3393529185705,97.69078982297272,67.87493074807249,25.82140551625771,7.455445138565328,1265,-3.6973402025179416,-3.9498829709291106
10449,326.695,12.959928415503173,2372.9599464960543,179.48721917028755,1975.0483568354282,2543.339233419453,97.69074208826972,67.8747391085,25.747532555721406,7.455633288965019,1265,-3.6973815268614727,-3.9498829709291106
10450,326.705,12.960007099535646,2372.9516759174294,179.48571382253607,1975.0531935364052,2543.339113920188,97.69069435346354,67.8745477237822,25.673658974496274,7.455821438822908,1265,-3.697422769965098,-3.9498829709291106
10451,326.715,12.960085722027692,2372.9434231900354,179.48420215423727,1975.0580302859312,2543.3389944207743,97.6906466185542,67.87435659410205,25.59978477393663,7.45600958813972,1265,-3.6974639319008484,-3.9498829709291106
10452,326.72499999999997,12.960164282931657,2372.935188326536,179.4826840787567,1975.06286708392,2543.3388749212118,97.6905988835417,67.87416571964901,25.525909955395036,7.456197736916177,1265,-3.6975050127388185,-3.9498829709291106
10453,326.735,12.960242782198355,2372.926971340049,179.48115950831698,1975.0677039302823,2543.338755421502,97.69055114842601,67.87397510061919,25.4520345202223,7.4563858851530025,1265,-3.697546012547161,-3.9498829709291106
10454,326.745,12.960321219776889,2372.918772244159,179.47962835388506,1975.07254082493,2543.3386359216424,97.69050341320718,67.87378473721532,25.378158469767527,7.45657403285092,1265,-3.697586931392092,-3.9498829709291106
10455,326.755,12.960399595614803,2372.91059105291,179.4780905250538,1975.0773777677746,2543.3385164216334,97.69045567788517,67.87359462964696,25.304281805378153,7.456762180010654,1265,-3.6976277693378874,-3.9498829709291106
10456,326.765,12.960477909657966,2372.9024277808307,179.47654593023537,1975.0822147587292,2543.3383969214733,97.69040794245998,67.87340477813049,25.23040452839997,7.45695032663293,1265,-3.6976685264468827,-3.9498829709291106
10457,326.775,12.960556161850532,2372.894282442917,179.474994476513,1975.0870517977064,2543.3382774211645,97.69036020693164,67.87321518288924,25.156526640177145,7.457138472718473,1265,-3.697709202779476,-3.9498829709291106
10458,326.78499999999997,12.960634352134985,2372.8861550546617,179.47343606961883,1975.0918888846177,2543.3381579207044,97.69031247130013,67.87302584415359,25.08264814205228,7.457326618268009,1265,-3.69774979839412,-3.9498829709291106
10459,326.79499999999996,12.960712480452079,2372.878045632043,179.47187061396758,1975.0967260193738,2543.338038420094,97.69026473556544,67.87283676216101,25.00876903536642,7.457514763282266,1265,-3.6977903133473258,-3.9498829709291106
10460,326.805,12.960790546740812,2372.869954191537,179.47029801254868,1975.1015632018903,2543.3379189193324,97.69021699972757,67.87264793715622,24.934889321459092,7.457702907761968,1265,-3.6978307476936574,-3.9498829709291106
10461,326.815,12.960868550938404,2372.8618807501302,179.46871816697842,1975.1064004320776,2543.3377994184193,97.69016926378652,67.87245936939121,24.861009001668343,7.457891051707846,1265,-3.6978711014857324,-3.9498829709291106
10462,326.825,12.960946492980316,2372.8538253253137,179.46713097746394,1975.11123770985,2543.3376799173548,97.6901215277423,67.8722710591254,24.78712807733075,7.458079195120627,1265,-3.6979113747742143,-3.9498829709291106
10463,326.835,12.961024372800143,2372.8457879351035,179.46553634266846,1975.1160750351196,2543.337560416137,97.6900737915949,67.87208300662569,24.713246549781474,7.45826733800104,1265,-3.6979515676078147,-3.9498829709291106
10464,326.84499999999997,12.961102190329676,2372.8377685980317,179.46393415991557,1975.120912407798,2543.3374409147677,97.69002605534433,67.87189521216662,24.63936442035429,7.458455480349815,1265,-3.6979916800332844,-3.9498829709291106
10465,326.855,12.961179945498875,2372.8297673331685,179.46232432492897,1975.1257498278005,2543.337321413246,97.68997831899058,67.87170767603038,24.565481690381603,7.458643622167683,1265,-3.6980317120954127,-3.9498829709291106
10466,326.865,12.961257638235686,2372.8217841601227,179.46070673191167,1975.1305872950386,2543.3372019115714,97.68993058253366,67.87152039850703,24.491598361194487,7.4588317634553745,1265,-3.698071663837023,-3.9498829709291106
10467,326.875,12.961335268466291,2372.8138190990458,179.4590812735055,1975.1354248094265,2543.3370824097415,97.68988284597354,67.87133337989448,24.41771443412271,7.459019904213622,1265,-3.698111535298965,-3.9498829709291106
10468,326.885,12.961412836114835,2372.8058721706443,179.45744784081316,1975.1402623708752,2543.3369629077592,97.68983510931025,67.87114662049866,24.34382991049478,7.459208044443157,1265,-3.698151326520114,-3.9498829709291106
10469,326.895,12.961490341103527,2372.7979433961864,179.4558063232534,1975.1450999793003,2543.336843405623,97.68978737254378,67.8709601206337,24.269944791637965,7.4593961841447145,1265,-3.698191037537358,-3.9498829709291106
10470,326.905,12.96156778335257,2372.7900327975112,179.45415660865476,1975.1499376346144,2543.336723903332,97.68973963567412,67.87077388062185,24.196059078878314,7.459584323319028,1265,-3.6982306683856008,-3.9498829709291106
10471,326.91499999999996,12.961645162780169,2372.7821403970242,179.45249858312064,1975.1547753367315,2543.336604400886,97.68969189870127,67.87058790079385,24.12217277354071,7.459772461966833,1265,-3.6982702190977483,-3.9498829709291106
10472,326.92499999999995,12.961722479302427,2372.774266217728,179.45083213111343,1975.1596130855635,2543.3364848982856,97.68964416162524,67.87040218148879,24.048285876948892,7.4599606000888645,1265,-3.698309689704703,-3.9498829709291106
10473,326.935,12.961799732833446,2372.7664102832073,179.4491571352976,1975.1644508810264,2543.33636539553,97.68959642444602,67.87021672305438,23.974398390425467,7.460148737685859,1265,-3.698349080235361,-3.9498829709291106
10474,326.945,12.961876923285132,2372.7585726176567,179.44747347657284,1975.169288723031,2543.3362458926185,97.68954868716362,67.8700315258471,23.900510315291974,7.460336874758557,1265,-3.698388390716598,-3.9498829709291106
10475,326.955,12.961954050567337,2372.7507532458685,179.44578103407943,1975.1741266114943,2543.336126389549,97.68950094977802,67.86984659023216,23.82662165286889,7.460525011307695,1265,-3.698427621173265,-3.9498829709291106
10476,326.965,12.962031114587676,2372.7429521932618,179.44407968508452,1975.1789645463282,2543.3360068863253,97.68945321228925,67.86966191658378,23.75273240447567,7.460713147334013,1265,-3.6984667716281794,-3.9498829709291106
10477,326.97499999999997,12.962108115251622,2372.7351694858767,179.44236930499545,1975.183802527446,2543.335887382945,97.68940547469727,67.86947750528525,23.678842571430764,7.460901282838251,1265,-3.698505842102113,-3.9498829709291106
10478,326.985,12.9621850524624,2372.72740515039,179.44064976734438,1975.1886405547627,2543.335767879407,97.6893577370021,67.86929335672903,23.604952155051684,7.461089417821151,1265,-3.6985448326137873,-3.9498829709291106
10479,326.995,12.962261926120947,2372.7196592141245,179.43892094365873,1975.1934786281922,2543.335648375712,97.68930999920374,67.86910947131699,23.531061156654992,7.461277552283456,1265,-3.69858374317986,-3.9498829709291106
10480,327.005,12.962338736125941,2372.7119317050524,179.43718270360148,1975.198316747648,2543.3355288718585,97.68926226130219,67.86892584946042,23.45716957755636,7.461465686225909,1265,-3.698622573814916,-3.9498829709291106
10481,327.015,12.962415482373707,2372.704222651813,179.43543491470209,1975.2031549130445,2543.3354093678486,97.68921452329745,67.86874249158025,23.38327741907058,7.461653819649257,1265,-3.698661324531455,-3.9498829709291106
10482,327.025,12.962492164758267,2372.696532083712,179.43367744248624,1975.2079931242968,2543.3352898636795,97.68916678518951,67.86855939810712,23.309384682511613,7.461841952554241,1265,-3.698699995339884,-3.9498829709291106
10483,327.03499999999997,12.962568783171145,2372.6888600307416,179.43191015039594,1975.212831381318,2543.335170359352,97.68911904697836,67.86837656948163,23.235491369192612,7.462030084941613,1265,-3.698738586248501,-3.9498829709291106
10484,327.04499999999996,12.962645337501558,2372.681206523586,179.43013289980576,1975.217669684022,2543.3350508548647,97.68907130866403,67.86819400615434,23.161597480425954,7.462218216812118,1265,-3.6987770972634864,-3.9498829709291106
10485,327.055,12.962721827636157,2372.6735715936284,179.42834554979595,1975.2225080323246,2543.334931350218,97.6890235702465,67.8680117085861,23.087703017523268,7.462406348166505,1265,-3.698815528388887,-3.9498829709291106
10486,327.065,12.962798253459102,2372.6659552729675,179.42654795733,1975.227346426139,2543.3348118454132,97.68897583172577,67.86782967724797,23.013807981795466,7.462594479005527,1265,-3.6988538796266077,-3.9498829709291106
10487,327.075,12.962874614852106,2372.658357594425,179.4247399771068,1975.2321848653794,2543.3346923404483,97.68892809310184,67.86764791262159,22.939912374552787,7.462782609329934,1265,-3.6988921509763926,-3.9498829709291106
10488,327.085,12.962950911694213,2372.6507785915524,179.42292146149865,1975.237023349962,2543.3345728353224,97.6888803543747,67.86746641519925,22.866016197104805,7.462970739140479,1265,-3.698930342435815,-3.9498829709291106
10489,327.09499999999997,12.96302714386186,2372.643218298652,179.4210922605714,1975.2418618797992,2543.334453330037,97.68883261554436,67.867285185484,22.792119450760485,7.463158868437917,1265,-3.69896845400026,-3.9498829709291106
10490,327.105,12.963103311228863,2372.6356767507755,179.41925222198768,1975.246700454806,2543.3343338245895,97.6887848766108,67.86710422398988,22.718222136828196,7.463346997223002,1265,-3.6990064856629097,-3.9498829709291106
10491,327.115,12.96317941366634,2372.62815398375,179.41740119103403,1975.2515390748986,2543.334214318981,97.68873713757405,67.86692353124208,22.644324256615754,7.4635351254964934,1265,-3.699044437414731,-3.9498829709291106
10492,327.125,12.963255451042643,2372.6206500341686,179.41553901038787,1975.2563777399894,2543.3340948132122,97.68868939843412,67.8667431077771,22.570425811430447,7.463723253259147,1265,-3.699082309244456,-3.9498829709291106
10493,327.135,12.963331423223353,2372.6131649394333,179.41366552035225,1975.2612164499935,2543.33397530728,97.68864165919095,67.86656295414288,22.496526802579073,7.463911380511724,1265,-3.6991201011385653,-3.9498829709291106
10494,327.145,12.963407330071256,2372.6056987377287,179.41178055856733,1975.266055204827,2543.3338558011865,97.68859391984458,67.86638307089906,22.42262723136796,7.464099507254984,1265,-3.699157813081275,-3.9498829709291106
10495,327.155,12.963483171446267,2372.5982514680727,179.40988396009885,1975.2708940044033,2543.333736294932,97.68854618039501,67.86620345861711,22.34872709910302,7.4642876334896915,1265,-3.699195445054513,-3.9498829709291106
10496,327.16499999999996,12.963558947205374,2372.5908231702974,179.40797555730134,1975.2757328486377,2543.3336167885122,97.68849844084222,67.8660241178805,22.274826407089755,7.464475759216611,1265,-3.6992329970379063,-3.9498829709291106
10497,327.17499999999995,12.963634657202622,2372.583413885087,179.40605517979526,1975.280571737444,2543.3334972819307,97.68845070118623,67.86584504928491,22.200925156633307,7.464663884436506,1265,-3.6992704690087583,-3.9498829709291106
10498,327.185,12.963710301289062,2372.5760236539663,179.4041226544745,1975.2854106707387,2543.3333777751845,97.68840296142702,67.86566625343843,22.127023349038485,7.464852009150144,1265,-3.6993078609420316,-3.9498829709291106
10499,327.195,12.963785879312686,2372.5686525193373,179.4021778053122,1975.2902496484342,2543.333258268276,97.68835522156459,67.86548773096172,22.053120985609795,7.465040133358296,1265,-3.6993451728103297,-3.9498829709291106
10500,327.205,12.963861391118414,2372.561300524481,179.40022045351702,1975.2950886704477,2543.3331387612025,97.68830748159895,67.86530948248827,21.979218067651484,7.465228257061731,1265,-3.699382404583871,-3.9498829709291106
10501,327.215,12.96393683654799,2372.5539677135703,179.39825041719973,1975.2999277366919,2543.333019253965,97.68825974153012,67.86513150866452,21.905314596467555,7.465416380261221,1265,-3.699419556230475,-3.9498829709291106
10502,327.22499999999997,12.964012215439983,2372.5466541316846,179.39626751152124,1975.3047668470829,2543.3328997465637,97.68821200135804,67.86495381015014,21.831410573361815,7.46560450295754,1265,-3.6994566277155347,-3.9498829709291106
10503,327.235,12.964087527629722,2372.539359824835,179.39427154859908,1975.3096060015353,2543.332780238996,97.68816426108278,67.86477638761816,21.7575059996379,7.465792625151464,1265,-3.6994936190019994,-3.9498829709291106
10504,327.245,12.964162772949251,2372.5320848399597,179.39226233740615,1975.3144451999642,2543.332660731263,97.68811652070428,67.86459924175531,21.68360087659932,7.465980746843771,1265,-3.6995305300503465,-3.9498829709291106
10505,327.255,12.964237951227258,2372.524829224956,179.39023968371393,1975.319284442284,2543.3325412233644,97.68806878022257,67.86442237326214,21.609695205549475,7.466168868035239,1265,-3.6995673608185635,-3.9498829709291106
10506,327.265,12.964313062288971,2372.517593028692,179.38820339003001,1975.3241237284099,2543.3324217153004,97.68802103963765,67.86424578285323,21.535788987791697,7.466356988726648,1265,-3.699604111262121,-3.9498829709291106
10507,327.275,12.964388105956251,2372.510376301012,179.3861532555184,1975.3289630582556,2543.3323022070695,97.68797329894949,67.86406947125748,21.4618822246293,7.466545108918784,1265,-3.699640781333948,-3.9498829709291106
10508,327.28499999999997,12.964463082047407,2372.5031790927637,179.38408907600356,1975.3338024317377,2543.3321826986726,97.68792555815811,67.86389343921834,21.38797491736558,7.466733228612431,1265,-3.6996773709844075,-3.9498829709291106
10509,327.29499999999996,12.964537990377123,2372.4960014558133,179.3820106438134,1975.3386418487698,2543.332063190109,97.68787781726354,67.86371768749402,21.314067067303878,7.466921347808374,1265,-3.699713880161271,-3.9498829709291106
10510,327.305,12.964612830756536,2372.4888434430577,179.37991774773297,1975.3434813092676,2543.3319436813767,97.68783007626571,67.86354221685772,21.24015867574761,7.467109466507404,1265,-3.6997503088096906,-3.9498829709291106
10511,327.315,12.964687602993086,2372.4817051084433,179.3778101729842,1975.3483208131454,2543.3318241724783,97.68778233516467,67.86336702809795,21.1662497440003,7.46729758471031,1265,-3.699786656872172,-3.9498829709291106
10512,327.325,12.964762306890375,2372.474586506985,179.37568770101743,1975.3531603603176,2543.3317046634124,97.68773459396041,67.86319212201869,21.0923402733656,7.467485702417886,1265,-3.6998229242885476,-3.9498829709291106
10513,327.335,12.964836942248283,2372.4674876947797,179.373550109659,1975.357999950699,2543.331585154176,97.68768685265292,67.86301749943969,21.018430265147348,7.467673819630927,1265,-3.699859110995946,-3.9498829709291106
10514,327.34499999999997,12.964911508862778,2372.460408729032,179.37139717280826,1975.3628395842065,2543.3314656447733,97.68763911124222,67.86284316119679,20.944519720649595,7.467861936350231,1265,-3.6998952169287653,-3.9498829709291106
10515,327.355,12.964986006525859,2372.453349668064,179.36922866047766,1975.367679260752,2543.3313461352,97.68759136972828,67.86266910814206,20.870608641176634,7.468050052576597,1265,-3.6999312420186397,-3.9498829709291106
10516,327.365,12.965060435025574,2372.4463105713417,179.3670443385833,1975.3725189802517,2543.3312266254584,97.68754362811111,67.8624953411442,20.79669702803305,7.468238168310827,1265,-3.6999671861944106,-3.9498829709291106
10517,327.375,12.965134794145866,2372.4392914994814,179.36484396918047,1975.3773587426203,2543.3311071155463,97.68749588639072,67.86232186108877,20.722784882523747,7.4684262835537245,1265,-3.7000030493820946,-3.9498829709291106
10518,327.385,12.965209083666497,2372.4322925142924,179.3626273100021,1975.3821985477725,2543.330987605466,97.6874481445671,67.86214866887848,20.648872205953978,7.468614398306097,1265,-3.700038831504852,-3.9498829709291106
10519,327.395,12.965283303363059,2372.425313678772,179.3603941145338,1975.387038395623,2543.3308680952146,97.68740040264025,67.86197576543347,20.57495899962941,7.468802512568752,1265,-3.70007453248295,-3.9498829709291106
10520,327.405,12.965357453006856,2372.418355057142,179.35814413195516,1975.3918782860862,2543.330748584792,97.68735266061014,67.86180315169163,20.501045264856128,7.468990626342502,1265,-3.700110152233735,-3.9498829709291106
10521,327.41499999999996,12.96543153236479,2372.411416714868,179.35587710697195,1975.3967182190763,2543.3306290742,97.68730491847684,67.8616308286089,20.42713100294069,7.469178739628162,1265,-3.7001456906715915,-3.9498829709291106
10522,327.42499999999995,12.965505541199379,2372.4044987186685,179.3535927798408,1975.4015581945096,2543.3305095634364,97.68725717624028,67.86145879715957,20.35321621519017,7.469366852426545,1265,-3.700181147707909,-3.9498829709291106
10523,327.435,12.96557947926857,2372.397601136553,179.35129088607152,1975.4063982122982,2543.330390052502,97.6872094339005,67.86128705833663,20.27930090291218,7.469554964738473,1265,-3.7002165232510476,-3.9498829709291106
10524,327.445,12.96565334632575,2372.3907240378376,179.34897115655195,1975.4112382723592,2543.3302705413953,97.68716169145748,67.86111561315202,20.205385067414923,7.4697430765647646,1265,-3.7002518172062966,-3.9498829709291106
10525,327.455,12.96572714211962,2372.383867493164,179.3466333172796,1975.4160783746054,2543.330151030116,97.68711394891122,67.86094446263712,20.13146871000723,7.469931187906247,1265,-3.7002870294758403,-3.9498829709291106
10526,327.465,12.965800866394146,2372.377031574525,179.3442770893233,1975.420918518951,2543.3300315186652,97.68706620626173,67.86077360784289,20.05755183199859,7.470119298763746,1265,-3.7003221599587155,-3.9498829709291106
10527,327.47499999999997,12.965874518888423,2372.370216355293,179.34190218875463,1975.425758705311,2543.3299120070405,97.687018463509,67.86060304984034,19.9836344346992,7.470307409138091,1265,-3.7003572085507717,-3.9498829709291106
10528,327.485,12.965948099336659,2372.3634219102405,179.3395083264447,1975.4305989336003,2543.329792495243,97.68697072065304,67.86043278972092,19.90971651942001,7.470495519030116,1265,-3.700392175144635,-3.9498829709291106
10529,327.495,12.966021607468015,2372.356648315562,179.33709520801756,1975.4354392037333,2543.329672983273,97.68692297769383,67.86026282859675,19.835798087472742,7.470683628440656,1265,-3.7004270596296585,-3.9498829709291106
10530,327.505,12.966095043006552,2372.3498956489047,179.3346625337342,1975.4402795156225,2543.3295534711306,97.68687523463136,67.8600931676011,19.761879140169953,7.470871737370548,1265,-3.7004618618918843,-3.9498829709291106
10531,327.515,12.966168405671182,2372.343163989393,179.33220999833443,1975.4451198691825,2543.3294339588115,97.68682749146568,67.85992380788873,19.687959678825063,7.471059845820636,1265,-3.700496581813999,-3.9498829709291106
10532,327.525,12.966241695175489,2372.336453417655,179.32973729097424,1975.4499602643293,2543.3293144463187,97.68677974819674,67.85975475063628,19.61403970475241,7.471247953791764,1265,-3.7005312192752897,-3.9498829709291106
10533,327.53499999999997,12.966314911227665,2372.3297640158444,179.32724409506528,1975.4548007009757,2543.3291949336517,97.68673200482455,67.85958599704269,19.540119219267282,7.471436061284779,1265,-3.7005657741515936,-3.9498829709291106
10534,327.54499999999996,12.966388053530448,2372.3230958676777,179.32473008807435,1975.4596411790355,2543.329075420809,97.68668426134913,67.85941754832956,19.466198223685957,7.471624168300531,1265,-3.700600246315256,-3.9498829709291106
10535,327.555,12.966461121780991,2372.316449058454,179.3221949415479,1975.464481698422,2543.328955907792,97.68663651777048,67.85924940574158,19.392276719325757,7.471812274839877,1265,-3.70063463563508,-3.9498829709291106
10536,327.565,12.9665341156708,2372.3098236750907,179.31963832085862,1975.4693222590513,2543.3288363946,97.68658877408856,67.85908157054698,19.31835470750509,7.472000380903673,1265,-3.700668941976277,-3.9498829709291106
10537,327.575,12.966607034885513,2372.303219806148,179.31705988515424,1975.4741628608342,2543.3287168812312,97.6865410303034,67.85891404403793,19.244432189543478,7.4721884864927794,1265,-3.7007031652004163,-3.9498829709291106
10538,327.585,12.966679879104959,2372.2966375418578,179.31445928707922,1975.4790035036863,2543.3285973676852,97.68649328641499,67.85874682753101,19.17050916676163,7.472376591608063,1265,-3.7007373051653754,-3.9498829709291106
10539,327.59499999999997,12.966752648002918,2372.290076974162,179.31183617282068,1975.4838441875215,2543.328477853964,97.68644554242333,67.85857992236765,19.09658564048146,7.472564696250389,1265,-3.7007713617252844,-3.9498829709291106
10540,327.605,12.966825341247079,2372.2835381967425,179.30919018178636,1975.4886849122527,2543.3283583400653,97.68639779832843,67.85841332991458,19.022661612026155,7.47275280042063,1265,-3.700805334730475,-3.9498829709291106
10541,327.615,12.966897958498912,2372.277021305045,179.30652094655082,1975.493525677793,2543.32823882599,97.68635005413027,67.85824705156433,18.9487370827202,7.472940904119661,1265,-3.700839224027422,-3.9498829709291106
10542,327.625,12.966970499413472,2372.2705263963207,179.3038280926322,1975.4983664840552,2543.328119311736,97.68630230982886,67.85808108873569,18.874812053889443,7.473129007348361,1265,-3.700873029458692,-3.9498829709291106
10543,327.635,12.967042963639496,2372.2640535696596,179.30111123841195,1975.5032073309542,2543.3279997973045,97.6862545654242,67.85791544287422,18.800886526861127,7.4733171101076135,1265,-3.70090675086288,-3.9498829709291106
10544,327.645,12.96711535081898,2372.257602926024,179.29836999488882,1975.508048218402,2543.327880282696,97.6862068209163,67.85775011545275,18.72696050296395,7.473505212398302,1265,-3.7009403880745553,-3.9498829709291106
10545,327.655,12.967187660587303,2372.2511745682755,179.29560396560137,1975.5128891463119,2543.327760767908,97.68615907630512,67.8575851079719,18.653033983528115,7.473693314221319,1265,-3.700973940924196,-3.9498829709291106
10546,327.66499999999996,12.967259892573015,2372.244768601227,179.29281274635315,1975.5177301145973,2543.32764125294,97.6861113315907,67.85742042196063,18.579106969885366,7.4738814155775595,1265,-3.701007409238133,-3.9498829709291106
10547,327.67499999999995,12.967332046397646,2372.2383851316695,179.28999592504675,1975.5225711231712,2543.327521737794,97.68606358677303,67.85725605897674,18.505179463369046,7.474069516467922,1265,-3.7010407928384814,-3.9498829709291106
10548,327.685,12.967404121675633,2372.2320242684123,179.28715308161622,1975.5274121719451,2543.327402222468,97.6860158418521,67.8570920206075,18.431251465314148,7.474257616893307,1265,-3.7010740915430813,-3.9498829709291106
10549,327.695,12.967476118014226,2372.225686122319,179.28428378767808,1975.532253260832,2543.3272827069636,97.6859680968279,67.85692830847009,18.35732297705736,7.474445716854623,1265,-3.7011073051654266,-3.9498829709291106
10550,327.705,12.967548035013237,2372.219370806357,179.28138760643745,1975.5370943897462,2543.327163191277,97.68592035170047,67.85676492421234,18.28339399993713,7.474633816352781,1265,-3.701140433514602,-3.9498829709291106
10551,327.715,12.96761987226499,2372.213078435624,179.27846409247354,1975.5419355585982,2543.3270436754106,97.68587260646976,67.85660186951321,18.209464535293694,7.474821915388697,1265,-3.701173476395208,-3.9498829709291106
10552,327.72499999999997,12.967691629354139,2372.2068091274014,179.27551279151336,1975.5467767673006,2543.3269241593644,97.68582486113579,67.85643914608346,18.13553458446916,7.475010013963291,1265,-3.701206433607297,-3.9498829709291106
10553,327.735,12.967763305857519,2372.200563001193,179.27253324020114,1975.551618015766,2543.3268046431363,97.68577711569856,67.85627675566624,18.061604148807533,7.4751981120774875,1265,-3.701239304946298,-3.9498829709291106
10554,327.745,12.967834901343972,2372.1943401787657,179.26952496596502,1975.5564593039064,2543.3266851267263,97.68572937015807,67.85611470003774,17.987673229654785,7.475386209732215,1265,-3.70127209020294,-3.9498829709291106
10555,327.755,12.967906415374244,2372.188140784197,179.26648748674327,1975.5613006316325,2543.3265656101353,97.68568162451432,67.85595298100787,17.913741828358912,7.475574306928409,1265,-3.7013047891631796,-3.9498829709291106
10556,327.765,12.967977847500741,2372.1819649439226,179.26342031061057,1975.566141998859,2543.3264460933615,97.68563387876729,67.85579160042091,17.839809946269977,7.475762403667007,1265,-3.7013374016081224,-3.9498829709291106
10557,327.775,12.968049197267481,2372.1758127867847,179.26032293589176,1975.5709834054935,2543.326326576405,97.68558613291702,67.85563056015616,17.76587758474018,7.475950499948953,1265,-3.701369927313944,-3.9498829709291106
10558,327.78499999999997,12.968120464209802,2372.1696844440653,179.2571948505879,1975.5758248514505,2543.3262070592664,97.68553838696347,67.8554698621287,17.6919447451239,7.476138595775196,1265,-3.7014023660518105,-3.9498829709291106
10559,327.79499999999996,12.968191647854283,2372.1635800495624,179.2540355323116,1975.580666336641,2543.3260875419437,97.68549064090666,67.85530950829013,17.618011428777777,7.476326691146691,1265,-3.7014347175877913,-3.9498829709291106
10560,327.805,12.968262747718478,2372.1574997396083,179.25084444785847,1975.5855078609748,2543.325968024438,97.68544289474659,67.85514950062922,17.544077637060738,7.476514786064397,1265,-3.701466981682777,-3.9498829709291106
10561,327.815,12.968333763310836,2372.1514436531543,179.24762105322748,1975.5903494243635,2543.325848506749,97.68539514848325,67.85498984117272,17.470143371334085,7.476702880529276,1265,-3.7014991580923944,-3.9498829709291106
10562,327.825,12.968404694130443,2372.1454119317928,179.24436479303216,1975.5951910267186,2543.3257289888757,97.68534740211663,67.8548305319862,17.39620863296155,7.4768909745423,1265,-3.701531246566915,-3.9498829709291106
10563,327.835,12.968475539666825,2372.139404719833,179.24107510040767,1975.6000326679507,2543.325609470818,97.68529965564674,67.85467157517468,17.32227342330934,7.477079068104444,1265,-3.701563246851162,-3.9498829709291106
10564,327.84499999999997,12.968546299399808,2372.1334221643506,179.23775139680833,1975.604874347969,2543.325489952575,97.68525190907359,67.85451297288358,17.248337743746216,7.477267161216688,1265,-3.7015951586844227,-3.9498829709291106
10565,327.855,12.968616972799312,2372.12746441524,179.23439309136978,1975.6097160666855,2543.325370434147,97.68520416239717,67.85435472729955,17.174401595643555,7.47745525388002,1265,-3.70162698180035,-3.9498829709291106
10566,327.865,12.968687559325025,2372.1215316252765,179.23099958100786,1975.6145578240091,2543.325250915533,97.68515641561748,67.85419684065124,17.1004649803754,7.477643346095432,1265,-3.701658715926865,-3.9498829709291106
10567,327.875,12.968758058426422,2372.1156239501747,179.22757024981354,1975.619399619851,2543.3251313967335,97.68510866873453,67.85403931521027,17.02652789931854,7.477831437863923,1265,-3.7016903607860567,-3.9498829709291106
10568,327.885,12.968828469542316,2372.109741548655,179.22410446896998,1975.6242414541211,2543.3250118777482,97.68506092174829,67.85388215329205,16.95259035385258,7.478019529186497,1265,-3.701721916094083,-3.9498829709291106
10569,327.895,12.968898792100752,2372.103884582497,179.22060159609123,1975.6290833267265,2543.324892358576,97.68501317465878,67.85372535725675,16.878652345359985,7.478207620064164,1265,-3.701753381561061,-3.9498829709291106
10570,327.905,12.968969025518806,2372.0980532166104,179.2170609753242,1975.6339252375794,2543.324772839218,97.68496542746598,67.85356892951022,16.804713875226167,7.478395710497941,1265,-3.701784756890966,-3.9498829709291106
10571,327.91499999999996,12.969039169202292,2372.0922476191004,179.21348193660677,1975.638767186589,2543.3246533196716,97.68491768016993,67.85341287250502,16.730774944839546,7.478583800488853,1265,-3.7018160417815156,-3.9498829709291106
10572,327.92499999999995,12.969109222545518,2372.0864679613364,179.20986379544033,1975.643609173663,2543.324533799938,97.68486993277058,67.8532571887413,16.656835555591627,7.47877189003793,1265,-3.701847235924064,-3.9498829709291106
10573,327.935,12.969179184931086,2372.080714418017,179.20620585262654,1975.6484511987096,2543.3244142800168,97.68482218526798,67.85310188076791,16.582895708877068,7.478959979146207,1265,-3.7018783390034837,-3.9498829709291106
10574,327.945,12.969249055729646,2372.074987167247,179.20250739376536,1975.6532932616392,2543.3242947599065,97.68477443766207,67.85294695118345,16.50895540609374,7.479148067814728,1265,-3.7019093506980454,-3.9498829709291106
10575,327.955,12.969318834299552,2372.0692863906042,179.19876768882926,1975.6581353623592,2543.324175239608,97.6847266899529,67.85279240263729,16.435014648642827,7.4793361560445435,1265,-3.701940270679303,-3.9498829709291106
10576,327.965,12.969388519986728,2372.06361227322,179.19498599196442,1975.6629775007787,2543.3240557191207,97.68467894214045,67.85263823783066,16.36107343792887,7.479524243836711,1265,-3.7019710986119687,-3.9498829709291106
10577,327.97499999999997,12.969458112124306,2372.0579650038544,179.19116154071673,1975.667819676806,2543.323936198445,97.6846311942247,67.85248445951788,16.287131775359867,7.479712331192296,1265,-3.7020018341537835,-3.9498829709291106
10578,327.985,12.969527610032332,2372.052344774976,179.18729355597327,1975.6726618903463,2543.3238166775786,97.68458344620569,67.85233107050739,16.213189662347332,7.4799004181123685,1265,-3.7020324769553907,-3.9498829709291106
10579,327.995,12.969597013017587,2372.0467517828365,179.18338124128564,1975.6775041413084,2543.3236971565225,97.6845356980834,67.85217807366304,16.13924710030639,7.48008850459801,1265,-3.7020630266602064,-3.9498829709291106
10580,328.005,12.969666320373154,2372.041186227565,179.17942378247477,1975.6823464296003,2543.3235776352776,97.68448794985783,67.85202547190525,16.06530409065584,7.4802765906503055,1265,-3.7020934829042758,-3.9498829709291106
10581,328.015,12.969735531378257,2372.0356483132455,179.17542034716013,1975.6871887551283,2543.32345811384,97.68444020152897,67.85187326821232,15.991360634818237,7.480464676270351,1265,-3.702123845316143,-3.9498829709291106
10582,328.025,12.969804645297877,2372.0301382480075,179.17137008428722,1975.6920311178005,2543.3233385922126,97.68439245309682,67.85172146562164,15.917416734219994,7.4806527614592495,1265,-3.7021541135167033,-3.9498829709291106
10583,328.03499999999997,12.969873661382366,2372.0246562441125,179.16727212361081,1975.6968735175208,2543.323219070392,97.68434470456138,67.85157006723108,15.84347239029144,7.480840846218112,1265,-3.7021842871190582,-3.9498829709291106
10584,328.04499999999996,12.96994257886732,2372.019202518049,179.16312557513987,1975.701715954197,2543.3230995483823,97.68429695592266,67.85141907620032,15.769527604466917,7.4810289305480575,1265,-3.7022143657283664,-3.9498829709291106
10585,328.055,12.970011396973039,2372.0137772906346,179.1589295287455,1975.7065584277357,2543.322980026179,97.68424920718066,67.85126849575221,15.695582378184863,7.4812170144502135,1265,-3.7022443489416927,-3.9498829709291106
10586,328.065,12.97008011490431,2372.008380787093,179.15468305333115,1975.7114009380416,2543.3228605037834,97.68420145833538,67.8511183291743,15.621636712887899,7.481405097925716,1265,-3.702274236347848,-3.9498829709291106
10587,328.075,12.970148731850003,2372.003013237181,179.15038519660945,1975.7162434850197,2543.3227409811952,97.68415370938679,67.85096857982018,15.54769061002292,7.48159318097571,1265,-3.7023040275272305,-3.9498829709291106
10588,328.085,12.970217246982706,2371.9976748752665,179.14603498422832,1975.721086068576,2543.3226214584142,97.6841059603349,67.8508192511111,15.473744071041189,7.481781263601349,1265,-3.7023337220516592,-3.9498829709291106
10589,328.09499999999997,12.970285659458417,2371.9923659404535,179.1416314192972,1975.725928688615,2543.322501935441,97.68405821117975,67.85067034653746,15.399797097398412,7.481969345803797,1265,-3.702363319484207,-3.9498829709291106
10590,328.105,12.97035396841605,2371.9870866766746,179.13717348179804,1975.7307713450407,2543.3223824122715,97.68401046192129,67.85052186966038,15.325849690554852,7.482157427584225,1265,-3.7023928193790274,-3.9498829709291106
10591,328.115,12.970422172977162,2371.981837332819,179.13266012781997,1975.7356140377583,2543.3222628889084,97.68396271255955,67.85037382411346,15.251901851975413,7.482345508943815,1265,-3.7024222212811733,-3.9498829709291106
10592,328.125,12.970490272245476,2371.9766181628274,179.12809028904545,1975.740456766672,2543.322143365352,97.68391496309451,67.85022621360433,15.177953583129733,7.482533589883758,1265,-3.7024515247264214,-3.9498829709291106
10593,328.135,12.970558265306453,2371.9714294258306,179.12346287187574,1975.7452995316835,2543.3220238415993,97.68386721352618,67.85007904191646,15.10400488549229,7.482721670405256,1265,-3.7024807292410773,-3.9498829709291106
10594,328.145,12.970626151226982,2371.9662713862517,179.11877675686753,1975.7501423326978,2543.3219043176528,97.68381946385456,67.84993231291087,15.030055760542506,7.4829097505095215,1265,-3.7025098343417957,-3.9498829709291106
10595,328.155,12.970693929054736,2371.961144313945,179.11403079794994,1975.7549851696165,2543.32178479351,97.68377171407965,67.84978603052805,14.95610620976483,7.483097830197774,1265,-3.7025388395353698,-3.9498829709291106
10596,328.16499999999996,12.970761597817985,2371.956048484318,179.10922382173936,1975.759828042344,2543.321665269171,97.68372396420145,67.84964019878976,14.882156234648857,7.483285909471246,1265,-3.7025677443185443,-3.9498829709291106
10597,328.17499999999995,12.97082915652486,2371.950984178458,179.10435462657165,1975.7646709507808,2543.3215457446354,97.68367621421993,67.84949482180102,14.808205836689432,7.483473988331181,1265,-3.702596548177798,-3.9498829709291106
10598,328.185,12.970896604163116,2371.945951683279,179.09942198190922,1975.7695138948297,2543.321426219904,97.68362846413513,67.8493499037521,14.734255017386749,7.483662066778833,1265,-3.702625250589137,-3.9498829709291106
10599,328.195,12.970963939699452,2371.94095129165,179.09442462729578,1975.7743568743913,2543.3213066949743,97.68358071394702,67.84920544892049,14.660303778246474,7.483850144815467,1265,-3.7026538510178773,-3.9498829709291106
10600,328.205,12.971031162079154,2371.9359833025446,179.0893612717427,1975.7791998893676,2543.321187169848,97.68353296365562,67.8490614616731,14.586352120779836,7.484038222442357,1265,-3.7026823489184215,-3.9498829709291106
10601,328.215,12.971098270225463,2371.931048021184,179.0842305925995,1975.7840429396597,2543.3210676445237,97.68348521326092,67.84891794646838,14.512400046503751,7.484226299660793,1265,-3.7027107437340288,-3.9498829709291106
10602,328.22499999999997,12.971165263039156,2371.926145759192,179.0790312348113,1975.7888860251676,2543.3209481190015,97.68343746276292,67.84877490785856,14.438447556940945,7.484414376472073,1265,-3.7027390348965827,-3.9498829709291106
10603,328.235,12.971232139397872,2371.921276834748,179.07376180975376,1975.7937291457915,2543.3208285932797,97.68338971216163,67.84863235049194,14.364494653620055,7.484602452877511,1265,-3.702767221826348,-3.9498829709291106
10604,328.245,12.97129889815563,2371.916441572754,179.06842089456208,1975.7985723014308,2543.32070906736,97.68334196145703,67.84849027911524,14.290541338075759,7.484790528878429,1265,-3.702795303931723,-3.9498829709291106
10605,328.255,12.97136553814225,2371.911640304987,179.06300703074865,1975.8034154919853,2543.320589541241,97.68329421064912,67.84834869857607,14.216587611848889,7.484978604476165,1265,-3.7028232806089885,-3.9498829709291106
10606,328.265,12.971432058162678,2371.90687337028,179.05751872345832,1975.808258717353,2543.3204700149226,97.68324645973792,67.84820761382538,14.14263347648656,7.485166679672068,1265,-3.702851151242045,-3.9498829709291106
10607,328.275,12.971498456996486,2371.9021411146978,179.05195444018528,1975.813101977432,2543.3203504884023,97.68319870872341,67.84806702992012,14.068678933542298,7.485354754467501,1265,-3.7028789152021444,-3.9498829709291106
10608,328.28499999999997,12.971564733397118,2371.897443891708,179.0463126097079,1975.8179452721217,2543.3202309616836,97.68315095760559,67.84792695202577,13.994723984576163,7.48554282886384,1265,-3.7029065718476204,-3.9498829709291106
10609,328.29499999999996,12.971630886091388,2371.8927820623717,179.04059162093574,1975.8227886013183,2543.3201114347635,97.68310320638447,67.8477873854192,13.92076863115488,7.485730902862475,1265,-3.702934120523597,-3.9498829709291106
10610,328.305,12.971696913778585,2371.888155995538,179.03478982166214,1975.8276319649199,2543.319991907641,97.68305545506006,67.84764833549139,13.84681287485197,7.485918976464809,1265,-3.7029615605617088,-3.9498829709291106
10611,328.315,12.971762815129997,2371.883566068032,179.02890551737147,1975.8324753628222,2543.319872380318,97.68300770363231,67.84750980775038,13.772856717247892,7.486107049672262,1265,-3.7029888912797966,-3.9498829709291106
10612,328.325,12.971828588788078,2371.8790126648723,179.02293696981292,1975.8373187949228,2543.3197528527917,97.68295995210127,67.84737180782427,13.698900159930178,7.486295122486266,1265,-3.7030161119816043,-3.9498829709291106
10613,328.335,12.971894233365774,2371.8744961794664,179.01688239584792,1975.8421622611158,2543.319633325064,97.68291220046693,67.84723434146429,13.624943204493565,7.486483194908268,1265,-3.703043221956463,-3.9498829709291106
10614,328.34499999999997,12.971959747445677,2371.8700170138236,179.0107399659231,1975.8470057612967,2543.319513797133,97.68286444872926,67.8470974145479,13.550985852540155,7.486671266939731,1265,-3.7030702204789727,-3.9498829709291106
10615,328.355,12.972025129579384,2371.865575578796,179.0045078026087,1975.851849295361,2543.3193942689995,97.6828166968883,67.84696103308222,13.477028105679542,7.486859338582135,1265,-3.7030971068086633,-3.9498829709291106
10616,328.365,12.972090378286513,2371.8611722942887,178.99818397929297,1975.8566928632024,2543.319274740662,97.68276894494402,67.84682520320723,13.403069965528982,7.487047409836972,1265,-3.70312388018966,-3.9498829709291106
10617,328.375,12.972155492054064,2371.856807589505,178.9917665184019,1975.861536464715,2543.31915521212,97.68272119289642,67.84668993119939,13.329111433713518,7.487235480705754,1265,-3.7031505398503297,-3.9498829709291106
10618,328.385,12.972220469335388,2371.852481903185,178.98525338990777,1975.866380099792,2543.319035683375,97.68267344074553,67.84655522347518,13.25515251186616,7.487423551190011,1265,-3.7031770850029226,-3.9498829709291106
10619,328.395,12.972285308549429,2371.848195683859,178.97864250976684,1975.8712237683258,2543.318916154424,97.68262568849131,67.8464210865947,13.181193201628032,7.487611621291283,1265,-3.703203514843198,-3.9498829709291106
10620,328.405,12.972350008079758,2371.84394939011,178.97193173797382,1975.8760674702075,2543.3187966252685,97.68257793613378,67.84628752726569,13.107233504648526,7.4877996910111335,1265,-3.703229828550051,-3.9498829709291106
10621,328.41499999999996,12.972414566273617,2371.8397434908306,178.96511887702124,1975.8809112053304,2543.3186770959082,97.68253018367295,67.84615455234726,13.033273422585477,7.487987760351143,1265,-3.7032560252851114,-3.9498829709291106
10622,328.42499999999995,12.972478981441034,2371.8355784655123,178.95820166979985,1975.885754973584,2543.318557566341,97.6824824311088,67.84602216885415,12.95931295710532,7.488175829312907,1265,-3.7032821041923474,-3.9498829709291106
10623,328.435,12.972543251853734,2371.8314548045105,178.95117779789067,1975.89059877486,2543.3184380365674,97.68243467844133,67.84589038396072,12.885352109883273,7.4883638978980445,1265,-3.7033080643976506,-3.9498829709291106
10624,328.445,12.972607375744126,2371.8273730093606,178.94404487948282,1975.8954426090481,2543.318318506586,97.68238692567056,67.84575920500545,12.811390882603495,7.488551966108188,1265,-3.703333905008407,-3.9498829709291106
10625,328.455,12.972671351304268,2371.8233335930618,178.93680046732396,1975.9002864760369,2543.3181989763984,97.68233917279645,67.84562863949533,12.73742927695928,7.488740033944993,1265,-3.7033596251130607,-3.9498829709291106
10626,328.465,12.972735176684754,2371.819337080399,178.92944204649643,1975.9051303757155,2543.3180794460027,97.68229141981902,67.84549869511045,12.663467294653216,7.488928101410135,1265,-3.703385223780661,-3.9498829709291106
10627,328.47499999999997,12.972798849993577,2371.815384008264,178.92196703237389,1975.9099743079714,2543.317959915399,97.68224366673829,67.84536937970886,12.589504937397399,7.4891161685053085,1265,-3.7034107000604015,-3.9498829709291106
10628,328.485,12.972862369294926,2371.811474925984,178.91437276815904,1975.914818272692,2543.3178403845877,97.68219591355424,67.84524070133135,12.51554220691359,7.489304235232227,1265,-3.703436052981137,-3.9498829709291106
10629,328.495,12.97292573260806,2371.807610395681,178.9066565224786,1975.9196622697648,2543.317720853567,97.68214816026686,67.84511266820667,12.441579104933428,7.48949230159263,1265,-3.703461281550895,-3.9498829709291106
10630,328.505,12.972988937905951,2371.8037909925974,178.89881548700126,1975.9245062990742,2543.3176013223365,97.68210040687617,67.84498528875667,12.367615633198618,7.489680367588274,1265,-3.7034863847563693,-3.9498829709291106
10631,328.515,12.973051983114082,2371.800017305499,178.8908467737654,1975.9293503605074,2543.317481790896,97.68205265338216,67.84485857160188,12.293651793461132,7.48986843322094,1265,-3.703511361562394,-3.9498829709291106
10632,328.525,12.973114866109057,2371.7962899370273,178.8827474125402,1975.9341944539494,2543.3173622592453,97.68200489978481,67.84473252556687,12.219687587483412,7.490056498492432,1265,-3.7035362109114125,-3.9498829709291106
10633,328.53499999999997,12.973177584717249,2371.792609504105,178.87451434797126,1975.9390385792826,2543.3172427273844,97.68195714608416,67.8446071596863,12.145723017038579,7.490244563404577,1265,-3.703560931722919,-3.9498829709291106
10634,328.54499999999996,12.973240136713324,2371.788976638334,178.86614443679824,1975.94388273639,2543.3171231953133,97.68190939228018,67.84448248321075,12.071758083910646,7.490432627959225,1265,-3.703585522892892,-3.9498829709291106
10635,328.555,12.973302519818844,2371.7853919864233,178.85763444468654,1975.9487269251565,2543.3170036630295,97.68186163837287,67.84435850561299,11.997792789894735,7.4906206921582505,1265,-3.7036099832932035,-3.9498829709291106
10636,328.565,12.973364731700743,2371.7818562106117,178.84898104315656,1975.9535711454614,2543.316884130534,97.68181388436223,67.84423523659433,11.923827136797298,7.490808756003554,1265,-3.7036343117710175,-3.9498829709291106
10637,328.575,12.97342676996962,2371.778369989125,178.84018080644697,1975.9584153971866,2543.316764597827,97.68176613024828,67.8441126860913,11.849861126436341,7.490996819497063,1265,-3.7036585071481656,-3.9498829709291106
10638,328.585,12.973488632178265,2371.7749340166306,178.83123020785078,1975.9632596802135,2543.3166450649064,97.681718376031,67.84399086428247,11.775894760641657,7.491184882640726,1265,-3.703682568220502,-3.9498829709291106
10639,328.59499999999997,12.973550315819917,2371.7715490047262,178.82212561640696,1975.96810399442,2543.3165255317726,97.6816706217104,67.8438697815956,11.701928041255062,7.491372945436523,1265,-3.703706493757243,-3.9498829709291106
10640,328.605,12.973611818326495,2371.7682156824303,178.8128632932789,1975.9729483396866,2543.316405998425,97.68162286728646,67.84374944871486,11.627960970130639,7.491561007886461,1265,-3.7037302825002842,-3.9498829709291106
10641,328.615,12.973673137066807,2371.7649347966967,178.8034393877021,1975.9777927158893,2543.3162864648634,97.6815751127592,67.84362987658854,11.553993549134974,7.491749069992574,1265,-3.703753933163494,-3.9498829709291106
10642,328.625,12.973734269344673,2371.7617071129366,178.79384993309802,1975.9826371229062,2543.316166931086,97.68152735812862,67.84351107643687,11.480025780147416,7.491937131756924,1265,-3.703777444431989,-3.9498829709291106
10643,328.635,12.973795212397016,2371.7585334155906,178.78409084314023,1975.9874815606129,2543.316047397095,97.6814796033947,67.84339305976017,11.406057665060334,7.492125193181602,1265,-3.7038008149613852,-3.9498829709291106
10644,328.645,12.97385596339186,2371.755414508675,178.77415790708943,1975.9923260288856,2543.3159278628877,97.68143184855745,67.84327583834727,11.33208920577937,7.492313254268734,1265,-3.703824043377021,-3.9498829709291106
10645,328.655,12.97391651942624,2371.7523512163884,178.76404678570717,1975.9971705275977,2543.315808328465,97.68138409361688,67.84315942428424,11.25812040422372,7.492501315020471,1265,-3.7038471282731664,-3.9498829709291106
10646,328.66499999999996,12.97397687752401,2371.749344383707,178.75375300610096,1976.0020150566231,2543.315688793825,97.68133633857298,67.84304382996345,11.184151262326395,7.492689375439,1265,-3.703870068212193,-3.9498829709291106
10647,328.67499999999995,12.974037034633731,2371.7463948770283,178.74327195740983,1976.0068596158358,2543.3155692589676,97.68128858342574,67.84292906809294,11.110181782034509,7.492877435526539,1265,-3.7038928617237294,-3.9498829709291106
10648,328.685,12.974096987626224,2371.7435035848284,178.73259888524709,1976.0117042051047,2543.3154497238934,97.68124082817516,67.84281515170616,11.036211965309562,7.49306549528534,1265,-3.703915507303782,-3.9498829709291106
10649,328.695,12.974156733292288,2371.7406714183317,178.7217288866707,1976.0165488243017,2543.315330188601,97.68119307282126,67.84270209417197,10.962241814127728,7.493253554717688,1265,-3.7039380034138296,-3.9498829709291106
10650,328.705,12.974216268340223,2371.73789931222,178.71065690461367,1976.0213934732978,2543.31521065309,97.68114531736401,67.84258990920513,10.888271330480167,7.493441613825904,1265,-3.7039603484798898,-3.9498829709291106
10651,328.715,12.974275589393146,2371.7351882253643,178.69937772213706,1976.02623815196,2543.315091117361,97.68109756180345,67.84247861087715,10.81430051637331,7.493629672612344,1265,-3.7039825408915528,-3.9498829709291106
10652,328.72499999999997,12.974334692986513,2371.732539141577,178.68788595644065,1976.0310828601566,2543.3149715814125,97.68104980613954,67.84236821362744,10.740329373829189,7.493817731079401,1265,-3.704004579000984,-3.9498829709291106
10653,328.735,12.974393575565136,2371.729953070404,178.6761760525467,1976.0359275977544,2543.3148520452432,97.6810020503723,67.842258732275,10.666357904885745,7.49400578922951,1265,-3.704026461121894,-3.9498829709291106
10654,328.745,12.974452233480536,2371.727431047933,178.66424227683677,1976.0407723646192,2543.314732508853,97.68095429450172,67.84215018203051,10.592386111597161,7.494193847065139,1265,-3.704048185528471,-3.9498829709291106
10655,328.755,12.97451066298785,2371.724974137637,178.65207871028224,1976.0456171606145,2543.3146129722436,97.68090653852781,67.84204257850882,10.518413996034191,7.494381904588799,1265,-3.7040697504542885,-3.9498829709291106
10656,328.765,12.974568860242693,2371.722583431257,178.63967924117813,1976.0504619856042,2543.314493435411,97.68085878245057,67.84193593774205,10.4444415602845,7.49456996180304,1265,-3.704091154091157,-3.9498829709291106
10657,328.775,12.974626821298141,2371.720260049714,178.62703755789735,1976.0553068394513,2543.314373898357,97.68081102626996,67.84183027619301,10.370468806453019,7.494758018710456,1265,-3.7041123945879573,-3.9498829709291106
10658,328.78499999999997,12.97468454210128,2371.718005144039,178.6141471410572,1976.0601517220168,2543.31425436108,97.68076326998603,67.84172561076923,10.296495736662294,7.494946075313684,1265,-3.7041334700494213,-3.9498829709291106
10659,328.79499999999996,12.974742018489696,2371.71581989637,178.60100125540458,1976.0649966331594,2543.3141348235818,97.68071551359877,67.84162195883759,10.222522353052858,7.495134131615402,1265,-3.7041543785348727,-3.9498829709291106
10660,328.805,12.974799246188024,2371.7137055209664,178.58759294140125,1976.0698415727377,2543.314015285858,97.68066775710817,67.84151933823941,10.148548657783596,7.495322187618339,1265,-3.70417511805693,-3.9498829709291106
10661,328.815,12.974856220804249,2371.711663265258,178.57391500636393,1976.0746865406106,2543.3138957479114,97.68062000051422,67.84141776730617,10.074574653032139,7.495510243325265,1265,-3.704195686580159,-3.9498829709291106
10662,328.825,12.974912937825641,2371.7096944109576,178.5599600151672,1976.079531536634,2543.31377620974,97.68057224381693,67.84131726487584,10.00060034099524,7.495698298739002,1265,-3.7042160820196792,-3.9498829709291106
10663,328.835,12.97496939261497,2371.707800275197,178.54572028082802,1976.0843765606621,2543.3136566713433,97.68052448701631,67.84121785030987,9.926625723889185,7.495886353862421,1265,-3.704236302239728,-3.9498829709291106
10664,328.84499999999997,12.97502558040613,2371.7059822117126,178.5311878540203,1976.0892216125494,2543.313537132721,97.68047673011233,67.84111954351089,9.852650803950196,7.496074408698439,1265,-3.7042563450521637,-3.9498829709291106
10665,328.855,12.975081496299953,2371.704241612085,178.51635451278273,1976.094066692147,2543.313417593872,97.68042897310502,67.84102236494093,9.778675583434856,7.49626246325003,1265,-3.7042762082149236,-3.9498829709291106
10666,328.865,12.975137135259617,2371.702579907019,178.50121175150005,1976.0989117993083,2543.3132980547966,97.68038121599436,67.84092633564066,9.704700064620525,7.496450517520219,1265,-3.7042958894304254,-3.9498829709291106
10667,328.875,12.975192492105952,2371.70099856768,178.48575076914435,1976.1037569338798,2543.3131785154937,97.68033345878037,67.84083147724922,9.630724249805795,7.4966385715120865,1265,-3.704315386343909,-3.9498829709291106
10668,328.885,12.975247561512568,2371.6994991070846,178.46996245732333,1976.1086020957118,2543.313058975964,97.68028570146302,67.84073781202478,9.556748141310923,7.4968266252287705,1265,-3.7043346965417236,-3.9498829709291106
10669,328.895,12.97530233800079,2371.6980830815387,178.45383738750908,1976.1134472846504,2543.312939436204,97.68023794404232,67.84064536286618,9.482771741478306,7.497014678673466,1265,-3.7043538175495487,-3.9498829709291106
10670,328.905,12.975356815934344,2371.696752092157,178.43736579795632,1976.1182925005392,2543.3128198962168,97.6801901865183,67.84055415333522,9.408795052672936,7.497202731849425,1265,-3.704372746830551,-3.9498829709291106
10671,328.91499999999996,12.975410989513833,2371.6955077864072,178.4205375795066,1976.1231377432248,2543.3127003559975,97.68014242889092,67.84046420768001,9.334818077282891,7.497390784759966,1265,-3.7043914817834773,-3.9498829709291106
10672,328.92499999999995,12.97546485277107,2371.6943518597623,178.40334226141792,1976.1279830125468,2543.3125808155496,97.68009467116019,67.84037555085926,9.260840817719828,7.497578837408466,1265,-3.7044100197406724,-3.9498829709291106
10673,328.935,12.97551839956304,2371.69328605738,178.38576899576648,1976.1328283083483,2543.3124612748707,97.68004691332611,67.84028820856756,9.186863276419482,7.49776688979837,1265,-3.7044283579660293,-3.9498829709291106
10674,328.945,12.975571623565727,2371.6923121758864,178.36780654163834,1976.1376736304658,2543.31234173396,97.67999915538869,67.84020220726165,9.11288545584219,7.497954941933189,1265,-3.704446493652856,-3.9498829709291106
10675,328.955,12.975624518267598,2371.6914320652045,178.34944324838347,1976.1425189787383,2543.312222192818,97.67995139734792,67.84011757418803,9.038907358473415,7.498142993816502,1265,-3.704464423921673,-3.9498829709291106
10676,328.965,12.975677076962889,2371.690647630483,178.33066703801455,1976.1473643530003,2543.3121026514427,97.67990363920379,67.84003433741137,8.964928986824292,7.498331045451959,1265,-3.704482145817916,-3.9498829709291106
10677,328.97499999999997,12.975729292744537,2371.689960834099,178.31146538674736,1976.152209753086,2543.3119831098347,97.67985588095632,67.83995252584457,8.890950343432188,7.498519096843283,1265,-3.7044996563095616,-3.9498829709291106
10678,328.985,12.975781158496885,2371.6893736977386,178.29182530583606,1976.157055178828,2543.311863567992,97.67980812260551,67.8398721692797,8.816971430861253,7.498707147994272,1265,-3.7045169522846577,-3.9498829709291106
10679,328.995,12.975832666887948,2371.688888304578,178.2717333210418,1976.1619006300562,2543.311744025915,97.67976036415132,67.83979329842057,8.74299225170303,7.498895198908803,1265,-3.704534030548761,-3.9498829709291106
10680,329.005,12.975883810361536,2371.6885068015517,178.25117545161314,1976.166746106599,2543.3116244836033,97.6797126055938,67.83971594491648,8.669012808577026,7.4990832495908295,1265,-3.7045508878222755,-3.9498829709291106
10681,329.015,12.975934581128831,2371.6882314017203,178.23013718774598,1976.1715916082835,2543.311504941055,97.67966484693294,67.83964014139768,8.595033104131346,7.499271300044389,1265,-3.70456752073769,-3.9498829709291106
10682,329.025,12.975984971159797,2371.688064386743,178.208603467294,1976.176437134934,2543.311385398271,97.6796170881687,67.83956592151216,8.521053141043302,7.499459350273602,1265,-3.7045839258367037,-3.9498829709291106
10683,329.03499999999997,12.976034972173988,2371.688008109459,178.1865586509858,1976.1812826863745,2543.311265855249,97.67956932930112,67.83949331996422,8.44707292202007,7.4996474002826785,1265,-3.7046000995672435,-3.9498829709291106
10684,329.04499999999996,12.976084575631203,2371.6880649965747,178.16398649672905,1976.1861282624243,2543.31114631199,97.67952157033018,67.83942237255462,8.373092449799337,7.499835450075916,1265,-3.7046160382803652,-3.9498829709291106
10685,329.055,12.976133772721498,2371.688237551483,178.14087013226882,1976.1909738629026,2543.3110267684924,97.67947381125589,67.83935311622268,8.299111727149985,7.500023499657706,1265,-3.704631738227025,-3.9498829709291106
10686,329.065,12.976182554354965,2371.6885283572046,178.1171920266919,1976.1958194876263,2543.310907224756,97.67942605207826,67.83928558909008,8.22513075687278,7.500211549032535,1265,-3.7046471955547307,-3.9498829709291106
10687,329.075,12.976230911150802,2371.6889400794416,178.09293396051052,1976.20066513641,2543.3107876807794,97.67937829279725,67.83921983050675,8.151149541801074,7.500399598204988,1265,-3.704662406304054,-3.9498829709291106
10688,329.085,12.976278833426127,2371.689475469807,178.06807699393585,1976.2055108090651,2543.3106681365616,97.67933053341291,67.83915588109885,8.077168084801544,7.500587647179751,1265,-3.7046773664050017,-3.9498829709291106
10689,329.09499999999997,12.976326311184222,2371.6901373691626,178.0426014337237,1976.2103565054024,2543.310548592103,97.67928277392521,67.83909378281888,8.003186388774928,7.500775695961615,1265,-3.704692071673247,-3.9498829709291106
10690,329.105,12.976373334102083,2371.69092871113,178.01648679837967,1976.2152022252303,2543.310429047403,97.67923501433414,67.83903357899806,7.929204456656793,7.500963744555481,1265,-3.704706517806195,-3.9498829709291106
10691,329.115,12.97641989151768,2371.691852525758,177.98971178135233,1976.2200479683527,2543.31030950246,97.67918725463971,67.83897531440121,7.855222291418313,7.501151792966359,1265,-3.7047207003789002,-3.9498829709291106
10692,329.125,12.976465972416339,2371.6929119433553,177.9622542124344,1976.2248937345737,2543.3101899572725,97.67913949484193,67.8389190352841,7.781239896067079,7.501339841199377,1265,-3.7047346148398055,-3.9498829709291106
10693,329.135,12.976511565416773,2371.694110198513,177.9340910170638,1976.229739523695,2543.310070411842,97.6790917349408,67.83886478945357,7.707257273647915,7.501527889259779,1265,-3.7047482565063095,-3.9498829709291106
10694,329.145,12.97655665875616,2371.69545063429,177.90519817361795,1976.2345853355127,2543.3099508661658,97.6790439749363,67.8388126263302,7.6332744272437285,7.501715937152936,1265,-3.704761620560149,-3.9498829709291106
10695,329.155,12.97660124027485,2371.6969367066163,177.87555066833434,1976.2394311698235,2543.309831320245,97.67899621482846,67.8387625970143,7.5592913599763705,7.501903984884341,1265,-3.7047747020425876,-3.9498829709291106
10696,329.16499999999996,12.976645297400077,2371.6985719889017,177.8451224478532,1976.244277026421,2543.3097117740767,97.67894845461726,67.83871475435474,7.485308075007525,7.502092032459622,1265,-3.704787495849395,-3.9498829709291106
10697,329.17499999999995,12.976688817129087,2371.700360176847,177.81388636927562,1976.2491229050936,2543.309592227662,97.67890069430267,67.83866915302119,7.4113245755396235,7.502280079884542,1265,-3.704799996725625,-3.9498829709291106
10698,329.185,12.976731786011335,2371.7023050934954,177.78181414771024,1976.2539688056304,2543.3094726809986,97.67885293388476,67.8386258495797,7.337340864816768,7.502468127165005,1265,-3.7048121992601604,-3.9498829709291106
10699,329.195,12.976774190129928,2371.704410694535,177.74887630059771,1976.2588147278163,2543.3093531340865,97.67880517336346,67.83858490257201,7.263356946125698,7.5026561743070594,1265,-3.7048240978800284,-3.9498829709291106
10700,329.205,12.976816015082079,2371.706681073828,177.71504208960323,1976.2636606714316,2543.309233586925,97.67875741273879,67.83854637259864,7.18937282279677,7.502844221316902,1265,-3.7048356868444694,-3.9498829709291106
10701,329.215,12.976857245958842,2371.709120469227,177.68027945895187,1976.2685066362583,2543.3091140395127,97.67870965201078,67.83851032240604,7.115388498204963,7.503032268200888,1265,-3.7048469602387475,-3.9498829709291106
10702,329.22499999999997,12.976897867323421,2371.711733268683,177.64455497065168,1976.2733526220693,2543.3089944918493,97.6786618911794,67.83847681697789,7.04140397577091,7.503220314965532,1265,-3.7048579119676917,-3.9498829709291106
10703,329.235,12.97693786318902,2371.7145240166187,177.60783373625165,1976.2781986286388,2543.3088749439353,97.67861413024465,67.83844592363097,6.9674192589619635,7.503408361617513,1265,-3.704868535748953,-3.9498829709291106
10704,329.245,12.97697721699505,2371.7174974206446,177.57007934487666,1976.2830446557373,2543.308755395767,97.67856636920655,67.83841771211578,6.8934343512932745,7.503596408163686,1265,-3.7048788251059634,-3.9498829709291106
10705,329.255,12.977015911582553,2371.7206583585817,177.53125378721865,1976.2878907031306,2543.308635847344,97.67851860806508,67.83839225472192,6.819449256328913,7.503784454611082,1265,-3.704888773360581,-3.9498829709291106
10706,329.265,12.977053929168155,2371.7240118858576,177.49131737575408,1976.2927367705827,2543.308516298667,97.67847084682025,67.83836962638894,6.745463977683014,7.503972500966915,1265,-3.704898373625407,-3.9498829709291106
10707,329.275,12.977091251316997,2371.7275632432393,177.4502286602808,1976.2975828578521,2543.308396749734,97.67842308547205,67.83834990482252,6.671478519020942,7.504160547238595,1265,-3.7049076187957595,-3.9498829709291106
10708,329.28499999999997,12.977127858913986,2371.7313178649715,177.4079443392756,1976.302428964697,2543.3082772005437,97.67837532402048,67.83833317061664,6.597492884060505,7.504348593433725,1265,-3.7049165015412795,-3.9498829709291106
10709,329.29499999999996,12.977163732133981,2371.7352813873213,177.36441916604232,1976.3072750908702,2543.3081576510976,97.67832756246555,67.83831950738168,6.523507076573181,7.504536639560116,1265,-3.7049250142971597,-3.9498829709291106
10710,329.305,12.977198850410108,2371.7394596575405,177.31960585023825,1976.3121212361202,2543.3080381013924,97.67827980080726,67.83830900187918,6.449521100385393,7.504724685625794,1265,-3.7049331492549733,-3.9498829709291106
10711,329.315,12.977233192400782,2371.7438587432875,177.27345495366657,1976.3169674001942,2543.307918551428,97.6782320390456,67.83830174416319,6.375534959379803,7.504912731639003,1265,-3.7049408983530783,-3.9498829709291106
10712,329.325,12.97726673595492,2371.7484849425196,177.22591478077493,1976.3218135828322,2543.3077990012043,97.67818427718056,67.83829782772902,6.3015486574966495,7.505100777608216,1265,-3.704948253266576,-3.9498829709291106
10713,329.335,12.977299458075375,2371.7533447939077,177.17693126321572,1976.3266597837737,2543.3076794507174,97.67813651521217,67.83829734966939,6.2275621987351135,7.505288823542145,1265,-3.7049552053968124,-3.9498829709291106
10714,329.34499999999997,12.977331334880626,2371.7584450877366,177.12644783811365,1976.331506002753,2543.307559899969,97.67808875314041,67.8383004108386,6.153575587154727,7.50547686944975,1265,-3.7049617458603823,-3.9498829709291106
10715,329.355,12.977362341564307,2371.7637928774275,177.07440532007575,1976.3363522394995,2543.307440348957,97.67804099096529,67.83830711602515,6.079588826876809,7.505664915340245,1265,-3.7049678654776192,-3.9498829709291106
10716,329.365,12.977392452352971,2371.769395491575,177.02074176621556,1976.34119849374,2543.307320797681,97.6779932286868,67.83831757413311,6.005601922085948,7.505852961223109,1265,-3.704973554760544,-3.9498829709291106
10717,329.375,12.977421640461403,2371.775260546662,176.96539233435558,1976.3460447651948,2543.30720124614,97.67794546630493,67.83833189837291,5.931614877031519,7.5060410071081005,1265,-3.7049788039002394,-3.9498829709291106
10718,329.385,12.977449878045766,2371.7813959603995,176.90828913359755,1976.3508910535822,2543.3070816943323,97.67789770381971,67.83835020646184,5.857627696029241,7.506229053005263,1265,-3.7049836027536323,-3.9498829709291106
10719,329.395,12.977477136154382,2371.787809965756,176.84936106732917,1976.355737358615,2543.3069621422574,97.67784994123112,67.83837262083493,5.783640383462772,7.506417098924937,1265,-3.704987940829631,-3.9498829709291106
10720,329.405,12.977503384675858,2371.794511125712,176.7885336683141,1976.360583680002,2543.306842589914,97.67780217853914,67.83839926886677,5.709652943785352,7.506605144877774,1265,-3.7049918072746104,-3.9498829709291106
10721,329.41499999999996,12.977528592284639,2371.8015083487708,176.72572892525304,1976.3654300174464,2543.306723037301,97.6777544157438,67.83843028310464,5.635665381521489,7.506793190874749,1265,-3.704995190857187,-3.9498829709291106
10722,329.42499999999995,12.977552726383744,2371.8088109052887,176.6608651009637,1976.370276370646,2543.3066034844173,97.67770665284509,67.83846580151368,5.561677701268682,7.50698123692717,1265,-3.7049980799522597,-3.9498829709291106
10723,329.435,12.977575753044542,2371.8164284446093,176.59385654177916,1976.3751227392977,2543.306483931261,97.67765888984302,67.83850596773475,5.487689907699197,7.507169283046696,1265,-3.705000462524281,-3.9498829709291106
10724,329.445,12.977597636943319,2371.824371013118,176.5246134775984,1976.3799691230877,2543.306364377832,97.67761112673756,67.83855093135553,5.41370200556189,7.507357329245344,1265,-3.705002326109701,-3.9498829709291106
10725,329.455,12.977618341294887,2371.8326490732097,176.4530418128744,1976.3848155217013,2543.30624482413,97.67756336352875,67.83860084819545,5.339713999684076,7.507545375535512,1265,-3.7050036577985606,-3.9498829709291106
10726,329.465,12.977637827782374,2371.841273523216,176.37904290818463,1976.3896619348163,2543.30612527015,97.67751560021655,67.83865588060526,5.265725894973447,7.507733421929991,1265,-3.705004444215181,-3.9498829709291106
10727,329.47499999999997,12.977656056483823,2371.8502557183806,176.30251335226936,1976.3945083621065,2543.306005715895,97.67746783680099,67.83871619778185,5.1917376964200495,7.507921468441978,1265,-3.705004671497892,-3.9498829709291106
10728,329.485,12.977672985794822,2371.8596074928755,176.22334472439059,1976.3993548032395,2543.3058861613617,97.67742007328206,67.83878197609901,5.117749409098303,7.508109515085099,1265,-3.7050043252777707,-3.9498829709291106
10729,329.495,12.97768857234723,2371.869341182966,176.14142334729212,1976.4042012578764,2543.30576660655,97.67737230965975,67.83885339945489,5.04376103816909,7.508297561873422,1265,-3.7050033906563224,-3.9498829709291106
10730,329.505,12.977702770923923,2371.8794696512878,176.056630031265,1976.4090477256748,2543.3056470514575,97.67732454593407,67.83893065963672,4.969772588881891,7.508485608821479,1265,-3.7050018521820562,-3.9498829709291106
10731,329.515,12.977715534369247,2371.890006312415,175.96883980861523,1976.4138942062839,2543.305527496084,97.67727678210501,67.83901395670375,4.895784066576983,7.508673655944281,1265,-3.7049996938258922,-3.9498829709291106
10732,329.525,12.977726813494915,2371.900965159628,175.87792166012767,1976.4187406993476,2543.3054079404255,97.67722901817258,67.83910349938893,4.821795476687705,7.5088617032573435,1265,-3.704996898955357,-3.9498829709291106
10733,329.53499999999997,12.977736556981506,2371.912360793026,175.78373823388546,1976.4235872045053,2543.3052883844844,97.67718125413678,67.83919950551991,4.747806824742786,7.509049750776706,1265,-3.7049934503074833,-3.9498829709291106
10734,329.54499999999996,12.977744711275005,2371.9242084490033,175.6861455567681,1976.4284337213867,2543.305168828257,97.67713348999762,67.83930220246039,4.673818116368735,7.509237798518953,1265,-3.704989329960368,-3.9498829709291106
10735,329.555,12.977751220478579,2371.936524031122,175.58499274096695,1976.4332802496187,2543.305049271743,97.67708572575506,67.83941182757195,4.599829357292316,7.509425846501241,1265,-3.7049845193033133,-3.9498829709291106
10736,329.565,12.977756026239073,2371.949324142455,175.4801216861217,1976.438126788817,2543.304929714939,97.67703796140914,67.83952862869727,4.5258405533430865,7.509613894741318,1265,-3.704978999005488,-3.9498829709291106
10737,329.575,12.97775906762861,2371.962626119376,175.37136677966726,1976.442973338594,2543.304810157846,97.67699019695985,67.83965286466493,4.451851710456018,7.509801943257558,1265,-3.704972748983033,-3.9498829709291106
10738,329.585,12.977760281020567,2371.976448066922,175.25855459738372,1976.4478198985548,2543.3046906004615,97.67694243240717,67.83978480581645,4.377862834674209,7.509989992068976,1265,-3.7049657483645393,-3.9498829709291106
10739,329.59499999999997,12.977759599960246,2371.9908088956604,175.14150360769298,1976.4526664682953,2543.3045710427837,97.67689466775113,67.83992473455538,4.303873932151676,7.510178041195269,1265,-3.7049579754548327,-3.9498829709291106
10740,329.605,12.977756955030264,2372.0057283601395,175.0200238830114,1976.4575130474052,2543.3044514848116,97.67684690299171,67.84007294591895,4.229885009156249,7.510366090656839,1265,-3.704949407696975,-3.9498829709291106
10741,329.615,12.97775227371023,2372.0212270988877,174.8939168227604,1976.4623596354656,2543.3043319265435,97.67679913812891,67.84022974817171,4.155896072072566,7.510554140474824,1265,-3.7049400216324186,-3.9498829709291106
10742,329.625,12.977745480231142,2372.0373266759893,174.76297489344552,1976.4672062320517,2543.3042123679784,97.67675137316273,67.84039546342106,4.0819071274051755,7.510742190671133,1265,-3.704929792859234,-3.9498829709291106
10743,329.635,12.977736495424502,2372.0540496241583,174.62698139202288,1976.4720528367288,2543.3040928091136,97.67670360809319,67.84057042825384,4.0079181817817675,7.51093024126848,1265,-3.704918695988336,-3.9498829709291106
10744,329.645,12.977725236566082,2372.071419489319,174.48571024093897,1976.4768994490541,2543.303973249948,97.67665584292027,67.84075499439281,3.9339292419565246,7.511118292290423,1265,-3.7049067045976214,-3.9498829709291106
10745,329.655,12.977711617215041,2372.089460876557,174.33892582270374,1976.4817460685763,2543.3038536904796,97.67660807764396,67.84094952937173,3.859940314813624,7.511306343761393,1265,-3.7048937911839763,-3.9498829709291106
10746,329.66499999999996,12.977695547048532,2372.108199497395,174.1863828660907,1976.4865926948376,2543.3037341307067,97.6765603122643,67.84115441722673,3.7859514073708853,7.511494395706745,1265,-3.704879927113049,-3.9498829709291106
10747,329.67499999999995,12.977676931692109,2372.1276622182113,174.0278263955614,1976.4914393273673,2543.3036145706283,97.67651254678125,67.84137005920145,3.7119625267836027,7.511682448152789,1265,-3.7048650825667493,-3.9498829709291106
10748,329.685,12.977655672547055,2372.147877109604,173.8629917593067,1976.4962859656894,2543.3034950102424,97.67646478119482,67.84159687446251,3.637973680348559,7.511870501126839,1265,-3.7048492264884154,-3.9498829709291106
10749,329.695,12.977631666615066,2372.168873496517,173.69160475277593,1976.5011326093136,2543.3033754495464,97.67641701550502,67.84183530082095,3.563984875508252,7.512058554657257,1265,-3.7048323265255902,-3.9498829709291106
10750,329.705,12.977604806321699,2372.1906820087615,173.51338185820885,1976.5059792577447,2543.303255888538,97.67636924971184,67.84208579545432,3.4899961198553604,7.512246608773498,1265,-3.7048143489703884,-3.9498829709291106
10751,329.715,12.977574979339494,2372.2133346316114,173.32803062286862,1976.5108259104757,2543.3031363272166,97.67632148381529,67.84234883562306,3.416007421137474,7.512434663506162,1265,-3.7047952586974184,-3.9498829709291106
10752,329.72499999999997,12.977542068412767,2372.2368647559792,173.13525020349508,1976.5156725669858,2543.303016765581,97.67627371781535,67.8426249193729,3.3420187872621208,7.512622718887043,1265,-3.7047750190992734,-3.9498829709291106
10753,329.735,12.977505951185885,2372.2613072276617,172.9347321070978,1976.5205192267485,2543.3028972036277,97.67622595171204,67.84291456621413,3.268030226302132,7.51281077494918,1265,-3.7047535920195998,-3.9498829709291106
10754,329.745,12.977466500037178,2372.286698394947,172.72616116372282,1976.5253658892238,2543.302777641354,97.67617818550536,67.84321831776606,3.194041746501388,7.512998831726919,1265,-3.704730937683805,-3.9498829709291106
10755,329.755,12.977423581921704,2372.3130761537814,172.5092167716405,1976.5302125538587,2543.302658078761,97.67613041919529,67.84353673835311,3.1200533562809944,7.51318688925596,1265,-3.704707014627469,-3.9498829709291106
10756,329.765,12.97737705822581,2372.3404799896134,172.28357445964326,1976.5350592200903,2543.3025385158435,97.67608265278184,67.84387041553659,3.0460650642459552,7.513374947573424,1265,-3.704681779622601,-3.9498829709291106
10757,329.775,12.977326784637805,2372.368951014708,172.04890781829982,1976.539905887342,2543.302418952601,97.67603488626503,67.8442199605633,2.9720768791924015,7.51356300671791,1265,-3.704655187601898,-3.9498829709291106
10758,329.78499999999997,12.977272611038932,2372.39853199966,171.8048908571811,1976.5447525550255,2543.3022993890313,97.67598711964483,67.8445860087086,2.898088810115465,7.51375106672956,1265,-3.704627191581242,-3.9498829709291106
10759,329.79499999999996,12.977214381420687,2372.4292673975547,171.55120085133166,1976.5495992225367,2543.30217982513,97.67593935292128,67.8449692194887,2.8241008662178815,7.513939127650118,1265,-3.704597742580708,-3.9498829709291106
10760,329.805,12.977151933834174,2372.4612033589738,171.28752174702637,1976.5544458892598,2543.3020602608976,97.67589158609432,67.845370276712,2.750113056919436,7.514127189522999,1265,-3.7045667895444816,-3.9498829709291106
10761,329.815,12.977085100379295,2372.494387735767,171.01354820265774,1976.5592925545611,2543.301940696331,97.675843819164,67.84578988833547,2.6761253918673655,7.514315252393359,1265,-3.704534279260122,-3.9498829709291106
10762,329.825,12.977013707241946,2372.5288700712,170.7289903461744,1976.5641392177943,2543.301821131426,97.67579605213028,67.84622878608681,2.602137880947866,7.514503316308156,1265,-3.7045001562777484,-3.9498829709291106
10763,329.835,12.976937574788867,2372.564701573721,170.4335793355153,1976.5689858782948,2543.301701566183,97.6757482849932,67.8466877248075,2.5281505342988644,7.5146913813162195,1265,-3.704464362829841,-3.9498829709291106
10764,329.84499999999997,12.976856517731314,2372.601935071233,170.12707381122826,1976.5738325353811,2543.3015820005976,97.67570051775274,67.84716748146641,2.454163362324233,7.51487944746832,1265,-3.7044268387524717,-3.9498829709291106
10765,329.855,12.976770345369825,2372.6406249423153,169.80926733164495,1976.5786791883538,2543.3014624346674,97.67565275040889,67.84766885378698,2.380176375709674,7.515067514817233,1265,-3.7043875214089685,-3.9498829709291106
10766,329.865,12.976678861933985,2372.6808270204547,169.47999687860755,1976.583525836492,2543.30134286839,97.67560498296167,67.84819265842454,2.306189585440494,7.51525558341781,1265,-3.704346345617173,-3.9498829709291106
10767,329.875,12.97658186703303,2372.7225984667903,169.13915251519683,1976.5883724790551,2543.301223301762,97.67555721541108,67.84873972862371,2.2322030028215676,7.515443653327033,1265,-3.7043032435816814,-3.9498829709291106
10768,329.885,12.976479156234255,2372.7659976065165,168.78668826503664,1976.5932191152824,2543.3011037347815,97.67550944775711,67.84931091127906,2.15821663949978,7.515631724604083,1265,-3.704258144832664,-3.9498829709291106
10769,329.895,12.97637052178809,2372.8110837235445,168.42263426270452,1976.5980657443836,2543.3009841674448,97.67546167999977,67.8499070633158,2.084230507489316,7.515819797310391,1265,-3.7042109761731394,-3.9498829709291106
10770,329.905,12.97625575352049,2372.8579168076176,168.04711019748572,1976.6029123655478,2543.3008645997506,97.67541391213904,67.850529047302,2.0102446192001833,7.516007871509688,1265,-3.7041616616368658,-3.9498829709291106
10771,329.91499999999996,12.976134639914097,2372.9065572476425,167.66034003253642,1976.6077589779336,2543.3007450316927,97.67536614417494,67.85117772619874,1.9362589874704152,7.516195947268049,1265,-3.7041101224593067,-3.9498829709291106
10772,329.92499999999995,12.97600696940117,2372.9570654647396,167.2626679307887,1976.6126055806683,2543.300625463271,97.67531837610748,67.85185395715263,1.8622736256024492,7.516384024653925,1265,-3.7040562770644723,-3.9498829709291106
10773,329.935,12.975872531891856,2373.0095014782787,166.85457525103064,1976.6174521728492,2543.3005058944805,97.67527060793664,67.85255858423436,1.788288547404222,7.5165721037381665,1265,-3.7040000410708305,-3.9498829709291106
10774,329.945,12.975731120561171,2373.063924398168,166.43669839585135,1976.6222987535346,2543.300386325319,97.67522283966241,67.85329243003055,1.714303767235584,7.516760184594034,1265,-3.7039413273198134,-3.9498829709291106
10775,329.955,12.975582533917514,2373.1203918369065,166.00984719196907,1976.6271453217432,2543.3002667557807,97.67517507128481,67.85405628600358,1.6403193000606846,7.516948267297186,1265,-3.703880045930874,-3.9498829709291106
10776,329.965,12.975426578173552,2373.178959235402,165.5750233664511,1976.6319918764532,2543.300147185864,97.67512730280384,67.8548509015475,1.566335161507031,7.51713635192566,1265,-3.7038161043874305,-3.9498829709291106
10777,329.97499999999997,12.975263069936936,2373.239679097514,165.13343854905867,1976.636838416591,2543.3000276155626,97.67507953421949,67.85567697168761,1.4923513679319669,7.517324438559821,1265,-3.703749407658411,-3.9498829709291106
10778,329.985,12.975091839233537,2373.3026001296707,164.68653108422467,1976.6416849410336,2543.2999080448735,97.67503176553176,67.85653512340049,1.4183679364973543,7.517512527282292,1265,-3.7036798583604713,-3.9498829709291106
10779,329.995,12.974912732868876,2373.367766283853,164.2359807846314,1976.646531448598,2543.299788473793,97.67498399674068,67.85742590056729,1.3443848852532658,7.51770061817785,1265,-3.7036073569662453,-3.9498829709291106
10780,330.005,12.974725618124145,2373.4352157049007,163.78372060806004,1976.6513779380373,2543.299668902316,97.6749362278462,67.8583497476224,1.2704022332314917,7.517888711333297,1265,-3.7035318020642145,-3.9498829709291106
10781,330.015,12.974530386771711,2373.5049795863843,163.33194410401782,1976.656224408033,2543.299549330438,97.67488845884836,67.85930699201755,1.1964200005496513,7.51807680683729,1265,-3.703453090675875,-3.9498829709291106
10782,330.025,12.974326959379862,2373.577080943495,162.88310737423546,1976.661070857189,2543.299429758152,97.67484068974713,67.86029782569243,1.122438208526636,7.518264904780132,1265,-3.7033711186358222,-3.9498829709291106
10783,330.03499999999997,12.974115289860007,2373.6515333162297,162.43992423689798,1976.665917284022,2543.2993101854536,97.67479292054256,67.86132228582335,1.0484568798100158,7.51845300525352,1265,-3.703285781040148,-3.9498829709291106
10784,330.04499999999996,12.973895370189284,2373.7283394218907,162.00535330475347,1976.6707636869517,2543.299190612339,97.67474515123457,67.86238023521199,0.9744760385158893,7.518641108350246,1265,-3.7031969727679934,-3.9498829709291106
10785,330.055,12.973667235219304,2373.807489782194,161.58257580040245,1976.6756100642913,2543.299071038798,97.67469738182325,67.8634713427717,0.9004957103814525,7.518829214163846,1265,-3.7031045890803775,-3.9498829709291106
10786,330.065,12.973430967458711,2373.88896135695,161.17496315959923,1976.6804564142378,2543.298951464827,97.67464961230854,67.86459506466657,0.8265159229302697,7.519017322788203,1265,-3.703008526299222,-3.9498829709291106
10787,330.075,12.973186701692729,2373.972716223202,160.7860338288882,1976.6853027348602,2543.298831890418,97.67460184269046,67.86575062675105,0.7525367056498805,7.5192054343170875,1265,-3.7029086825680104,-3.9498829709291106
10788,330.085,12.972934629280768,2374.058700345078,160.41939915260448,1976.690149024085,2543.2987123155635,97.67455407296902,67.86693700903832,0.6785580901809245,7.5193935488436505,1265,-3.7028049586935796,-3.9498829709291106
10789,330.09499999999997,12.97267500195324,2374.1468424853497,160.07869885425183,1976.6949952796842,2543.298592740254,97.6745063031442,67.86815293298467,0.6045801105164299,7.519581666459858,1265,-3.7026972590661633,-3.9498829709291106
10790,330.105,12.972408134914225,2374.237053313769,159.76752732718768,1976.699841499264,2543.298473164482,97.67445853321603,67.86939685240442,0.5306028032092995,7.5197697872558775,1265,-3.702585492652051,-3.9498829709291106
10791,330.115,12.972134409050554,2374.3292247692266,159.4893527068755,1976.7046876802483,2543.2983535882368,97.67441076318447,67.87066694881771,0.4566262075853203,7.51995791131942,1265,-3.702469574050062,-3.9498829709291106
10792,330.125,12.971854272050242,2374.423229731892,159.24743144920478,1976.7095338198646,2543.298234011509,97.67436299304956,67.87196113197047,0.38265036595827157,7.520146038735037,1265,-3.7023494245995994,-3.9498829709291106
10793,330.135,12.971568238249828,2374.5189220571124,159.04472180042558,1976.7143799151304,2543.2981144342866,97.67431522281129,67.87327704614933,0.3086753238429113,7.520334169583392,1265,-3.7022249735244435,-3.9498829709291106
10794,330.145,12.971276887058112,2374.616137014754,158.88380004120503,1976.7192259628416,2543.297994856558,97.67426745246964,67.87461208273989,0.23470113016083058,7.520522303940512,1265,-3.702096159092842,-3.9498829709291106
10795,330.155,12.970980859847199,2374.7146921654025,158.76678363940246,1976.7240719595568,2543.297875278313,97.67421968202463,67.87596339924899,0.16072783743342745,7.520710441877028,1265,-3.701962929771068,-3.9498829709291106
10796,330.16499999999996,12.970680855257411,2374.8143886889843,158.6952653980504,1976.7289179015872,2543.297755699533,97.67417191147625,67.87732794473963,0.08675550195561217,7.520898583457431,1265,-3.701825245344687,-3.9498829709291106
10797,330.17499999999995,12.970377622930126,2374.91501316231,158.67026230249812,1976.7337637849885,2543.2976361202077,97.67412414082452,67.87870249132592,0.01278418394339021,7.521086728739346,1265,-3.7016830779795455,-3.9498829709291106
10798,330.185,12.970071955755886,2375.016339760955,158.69218206760843,1976.738609605551,2543.2975165403195,97.67407637006941,67.88008367106434,-0.06118605235177666,7.521274877772858,1265,-3.701536413193245,-3.9498829709291106
